1 0.0745
2 0.073375
3 0.075375
4 0.0790625
5 0.0838125
6 0.08725
7 0.0919375
8 0.100875
9 0.101375
10 0.105563
11 0.106063
12 0.1065
13 0.10925
14 0.110312
15 0.111687
16 0.112625
17 0.113875
18 0.113187
19 0.11475
20 0.114812
21 0.117688
22 0.117062
23 0.117438
24 0.117875
25 0.119938
26 0.123
27 0.123938
28 0.127
29 0.128812
30 0.1285
31 0.130438
32 0.129
33 0.129688
34 0.129625
35 0.129625
36 0.130188
37 0.129438
38 0.130188
39 0.130875
40 0.131312
41 0.132625
42 0.131688
43 0.134063
44 0.133
45 0.134625
46 0.134
47 0.134937
48 0.133687
49 0.134813
50 0.135063
51 0.135437
52 0.134875
53 0.13325
54 0.133125
55 0.133563
56 0.134
57 0.132438
58 0.132562
59 0.130562
60 0.131375
61 0.132
62 0.129688
63 0.130188
64 0.131438
65 0.131438
66 0.131812
67 0.132
68 0.131938
69 0.133187
70 0.134625
71 0.13425
72 0.135187
73 0.135937
74 0.138625
75 0.139313
76 0.139625
77 0.139813
78 0.139813
79 0.141313
80 0.144437
81 0.145625
82 0.14925
83 0.1545
84 0.159375
85 0.166625
86 0.1725
87 0.177
88 0.18325
89 0.190375
90 0.191688
91 0.200313
92 0.202187
93 0.202437
94 0.202313
95 0.202813
96 0.204125
97 0.205625
98 0.206375
99 0.206937
100 0.208563
101 0.208375
102 0.209063
103 0.20825
104 0.208063
105 0.208187
106 0.206063
107 0.210187
108 0.21125
109 0.215312
110 0.218625
111 0.221062
112 0.225562
113 0.229437
114 0.230937
115 0.236187
116 0.238187
117 0.239937
118 0.242938
119 0.239187
120 0.237875
121 0.237563
122 0.2385
123 0.239313
124 0.238813
125 0.238687
126 0.23725
127 0.237625
128 0.240063
129 0.240437
130 0.240875
131 0.243188
132 0.24375
133 0.247438
134 0.248438
135 0.248938
136 0.249688
137 0.251875
138 0.253812
139 0.254063
140 0.254563
141 0.25425
142 0.251875
143 0.250875
144 0.249562
145 0.24975
146 0.249625
147 0.248812
148 0.24525
149 0.243312
150 0.243188
151 0.243812
152 0.241063
153 0.2425
154 0.241125
155 0.238625
156 0.239313
157 0.23675
158 0.233437
159 0.234563
160 0.234125
161 0.234625
162 0.232813
163 0.231313
164 0.23025
165 0.231563
166 0.229437
167 0.230813
168 0.2285
169 0.22825
170 0.22975
171 0.229625
172 0.229437
173 0.226562
174 0.226687
175 0.2275
176 0.225625
177 0.226813
178 0.223
179 0.224312
180 0.223625
181 0.224812
182 0.224125
183 0.224812
184 0.224062
185 0.22375
186 0.222562
187 0.22
188 0.220812
189 0.220812
190 0.220875
191 0.220625
192 0.220312
193 0.220312
194 0.221062
195 0.222438
196 0.22225
197 0.223312
198 0.222688
199 0.22325
200 0.223
201 0.224375
202 0.224562
203 0.223875
204 0.223875
205 0.2245
206 0.223688
207 0.223312
208 0.222812
209 0.22225
210 0.22225
211 0.223
212 0.223
213 0.223625
214 0.223
215 0.2225
216 0.222312
217 0.222875
218 0.223062
219 0.223375
220 0.221562
221 0.22075
222 0.220438
223 0.21975
224 0.219938
225 0.21975
226 0.220125
227 0.219688
228 0.21975
229 0.219562
230 0.21925
231 0.219875
232 0.219562
233 0.21975
234 0.219438
235 0.21975
236 0.21925
237 0.219188
238 0.218438
239 0.218312
240 0.218125
241 0.21775
242 0.2195
243 0.219188
244 0.220562
245 0.220188
246 0.220438
247 0.221062
248 0.221375
249 0.220438
250 0.220375
251 0.220688
252 0.2205
253 0.219875
254 0.219438
255 0.219688
256 0.219688
257 0.220375
258 0.22025
259 0.220312
260 0.220375
261 0.220562
262 0.219625
263 0.21975
264 0.219938
265 0.219625
266 0.219688
267 0.219375
268 0.219188
269 0.219125
270 0.218812
271 0.21825
272 0.217688
273 0.217125
274 0.217312
275 0.217062
276 0.2165
277 0.21575
278 0.21525
279 0.21525
280 0.215562
281 0.215438
282 0.215938
283 0.216
284 0.216688
285 0.2165
286 0.217125
287 0.216312
288 0.216062
289 0.2155
290 0.214125
291 0.213625
292 0.21325
293 0.212938
294 0.21275
295 0.2145
296 0.214875
297 0.214375
298 0.21475
299 0.214625
300 0.214375
301 0.214312
302 0.21425
303 0.21475
304 0.21475
305 0.214812
306 0.215062
307 0.214438
308 0.214812
309 0.214375
310 0.215125
311 0.21525
312 0.215438
313 0.2155
314 0.216875
315 0.217562
316 0.218312
317 0.218625
318 0.218062
319 0.216875
320 0.2185
321 0.217688
322 0.21775
323 0.217625
324 0.218
325 0.218625
326 0.219562
327 0.2195
328 0.218875
329 0.21825
330 0.218688
331 0.2175
332 0.217438
333 0.217562
334 0.217375
335 0.217812
336 0.218
337 0.218
338 0.218062
339 0.218188
340 0.218562
341 0.220875
342 0.222062
343 0.224188
344 0.226562
345 0.22925
346 0.232125
347 0.2335
348 0.234125
349 0.23325
350 0.23325
351 0.233187
352 0.232625
353 0.232687
354 0.232563
355 0.23175
356 0.231563
357 0.231125
358 0.231563
359 0.231875
360 0.23175
361 0.231125
362 0.23075
363 0.23
364 0.230687
365 0.2305
366 0.23075
367 0.230563
368 0.229437
369 0.229313
370 0.22875
371 0.22825
372 0.229
373 0.229187
374 0.22875
375 0.228437
376 0.227437
377 0.226875
378 0.226813
379 0.226
380 0.22575
381 0.225438
382 0.226
383 0.225625
384 0.226
385 0.227625
386 0.22875
387 0.229625
388 0.23175
389 0.2345
390 0.23625
391 0.237125
392 0.238
393 0.238063
394 0.238937
395 0.241937
396 0.242063
397 0.243375
398 0.243688
399 0.243688
400 0.24475
401 0.24625
402 0.246688
403 0.247125
404 0.248562
405 0.249125
406 0.2515
407 0.252937
408 0.2535
409 0.255
410 0.2575
411 0.258
412 0.261437
413 0.265937
414 0.269
415 0.27325
416 0.276125
417 0.277625
418 0.283313
419 0.2875
420 0.290187
421 0.291375
422 0.295875
423 0.300438
424 0.30475
425 0.31
426 0.3115
427 0.317375
428 0.322
429 0.323813
430 0.3295
431 0.333875
432 0.335188
433 0.343562
434 0.348375
435 0.35025
436 0.35525
437 0.361563
438 0.361563
439 0.364625
440 0.365625
441 0.365312
442 0.37
443 0.37125
444 0.374
445 0.381688
446 0.3835
447 0.384062
448 0.386
449 0.386875
450 0.386813
451 0.391188
452 0.393188
453 0.396125
454 0.397
455 0.397813
456 0.399625
457 0.402438
458 0.4025
459 0.405187
460 0.404687
461 0.406562
462 0.406625
463 0.408562
464 0.408
465 0.4085
466 0.410062
467 0.410938
468 0.410187
469 0.41025
470 0.418438
471 0.418625
472 0.42025
473 0.418063
474 0.418063
475 0.417063
476 0.416187
477 0.413438
478 0.41425
479 0.413438
480 0.41325
481 0.414375
482 0.414312
483 0.4145
484 0.41475
485 0.415063
486 0.415563
487 0.416187
488 0.415
489 0.416
490 0.414812
491 0.41575
492 0.415875
493 0.415
494 0.414375
495 0.41525
496 0.415312
497 0.415125
498 0.414187
499 0.417438
500 0.421938
501 0.423125
502 0.429937
503 0.436312
504 0.440812
505 0.450375
506 0.455
507 0.459813
508 0.465187
509 0.468375
510 0.472687
511 0.473375
512 0.473438
513 0.473687
514 0.477125
515 0.479625
516 0.4795
517 0.484563
518 0.49
519 0.49225
520 0.505313
521 0.508375
522 0.508875
523 0.514875
524 0.519312
525 0.521125
526 0.523813
527 0.5255
528 0.528625
529 0.529563
530 0.531563
531 0.530687
532 0.529062
533 0.53
534 0.530687
535 0.531937
536 0.53225
537 0.531875
538 0.531438
539 0.531125
540 0.529813
541 0.528312
542 0.529188
543 0.528563
544 0.529563
545 0.5315
546 0.529687
547 0.5305
548 0.529937
549 0.529125
550 0.527125
551 0.525875
552 0.52625
553 0.525687
554 0.524625
555 0.524125
556 0.523312
557 0.524375
558 0.523625
559 0.523438
560 0.5215
561 0.52175
562 0.51675
563 0.518875
564 0.517062
565 0.517437
566 0.51575
567 0.515188
568 0.516563
569 0.518813
570 0.514
571 0.517062
572 0.518563
573 0.519687
574 0.523813
575 0.527
576 0.529625
577 0.533875
578 0.537813
579 0.54
580 0.544937
581 0.549562
582 0.552438
583 0.556813
584 0.562312
585 0.565312
586 0.5705
587 0.57575
588 0.577375
589 0.583187
590 0.586313
591 0.589063
592 0.59175
593 0.601437
594 0.604563
595 0.621938
596 0.631
597 0.635062
598 0.638312
599 0.6425
600 0.644188
601 0.649125
602 0.652188
603 0.653438
604 0.655875
605 0.659375
606 0.660875
607 0.667937
608 0.67625
609 0.678188
610 0.683063
611 0.687312
612 0.687813
613 0.688937
614 0.69275
615 0.693625
616 0.693125
617 0.692312
618 0.693562
619 0.69325
620 0.705125
621 0.705375
622 0.70425
623 0.704812
624 0.705625
625 0.706625
626 0.705438
627 0.704875
628 0.70475
629 0.704937
630 0.707063
631 0.71
632 0.711812
633 0.713
634 0.71425
635 0.7145
636 0.715688
637 0.71475
638 0.716688
639 0.717313
640 0.717125
641 0.717187
642 0.718187
643 0.718125
644 0.71975
645 0.739125
646 0.739875
647 0.74025
648 0.742375
649 0.744687
650 0.744687
651 0.744313
652 0.746125
653 0.744437
654 0.745563
655 0.74725
656 0.7465
657 0.746687
658 0.74775
659 0.747313
660 0.74825
661 0.747125
662 0.748062
663 0.748375
664 0.748
665 0.747
666 0.746625
667 0.747125
668 0.746563
669 0.747313
670 0.747687
671 0.746375
672 0.745812
673 0.745125
674 0.743812
675 0.744687
676 0.744375
677 0.743625
678 0.7435
679 0.744375
680 0.743375
681 0.745625
682 0.744313
683 0.743812
684 0.743062
685 0.744812
686 0.741688
687 0.744125
688 0.742437
689 0.743563
690 0.742625
691 0.743625
692 0.742563
693 0.741563
694 0.744875
695 0.749
696 0.747563
697 0.7485
698 0.74625
699 0.746625
700 0.747875
701 0.747437
702 0.746687
703 0.747812
704 0.746875
705 0.746625
706 0.749125
707 0.74875
708 0.750375
709 0.753
710 0.755375
711 0.757437
712 0.756437
713 0.7585
714 0.76
715 0.758312
716 0.760437
717 0.765188
718 0.770563
719 0.777875
720 0.818187
721 0.818375
722 0.818187
723 0.818937
724 0.819937
725 0.820312
726 0.819375
727 0.818312
728 0.818187
729 0.818688
730 0.818375
731 0.819562
732 0.819937
733 0.82025
734 0.8225
735 0.82425
736 0.826812
737 0.829625
738 0.831313
739 0.830688
740 0.83525
741 0.8355
742 0.837875
743 0.837688
744 0.83825
745 0.853938
746 0.854375
747 0.854437
748 0.853625
749 0.854625
750 0.85525
751 0.861313
752 0.861938
753 0.86175
754 0.862313
755 0.862875
756 0.863187
757 0.863313
758 0.864688
759 0.86375
760 0.862938
761 0.86275
762 0.863938
763 0.868
764 0.868062
765 0.868625
766 0.868812
767 0.869687
768 0.870375
769 0.872437
770 0.883188
771 0.883687
772 0.883188
773 0.883687
774 0.88325
775 0.883312
776 0.883625
777 0.884125
778 0.884938
779 0.884938
780 0.884875
781 0.8845
782 0.8845
783 0.884188
784 0.883625
785 0.883813
786 0.883
787 0.882875
788 0.882313
789 0.882125
790 0.88225
791 0.882875
792 0.882188
793 0.881563
794 0.880563
795 0.877062
796 0.87775
797 0.876875
798 0.876563
799 0.877437
800 0.876313
801 0.874125
802 0.872437
803 0.872
804 0.872313
805 0.870875
806 0.869375
807 0.869062
808 0.867437
809 0.867437
810 0.865875
811 0.868188
812 0.869437
813 0.871
814 0.878375
815 0.87725
816 0.879812
817 0.879938
818 0.879313
819 0.880125
820 0.88325
821 0.882188
822 0.882687
823 0.882875
824 0.88325
825 0.883687
826 0.884375
827 0.884875
828 0.885938
829 0.885375
830 0.884437
831 0.885625
832 0.8865
833 0.886437
834 0.886875
835 0.887062
836 0.887563
837 0.8875
838 0.887563
839 0.888062
840 0.888687
841 0.888563
842 0.888563
843 0.888125
844 0.8885
845 0.890938
846 0.889938
847 0.889563
848 0.889125
849 0.889
850 0.88925
851 0.89025
852 0.89075
853 0.890062
854 0.890125
855 0.88925
856 0.888875
857 0.888875
858 0.88875
859 0.888437
860 0.888687
861 0.888687
862 0.88875
863 0.888437
864 0.8885
865 0.889437
866 0.889375
867 0.889563
868 0.889625
869 0.889813
870 0.887188
871 0.887563
872 0.88775
873 0.887125
874 0.887687
875 0.887563
876 0.8875
877 0.887312
878 0.887437
879 0.888125
880 0.888188
881 0.887188
882 0.887437
883 0.8875
884 0.887375
885 0.887625
886 0.887625
887 0.888188
888 0.8875
889 0.887563
890 0.887875
891 0.888375
892 0.888625
893 0.887938
894 0.8885
895 0.88925
896 0.88925
897 0.888687
898 0.889062
899 0.888875
900 0.889437
901 0.889563
902 0.889375
903 0.889437
904 0.889188
905 0.889437
906 0.889625
907 0.890437
908 0.890938
909 0.890687
910 0.890875
911 0.891062
912 0.890625
913 0.890687
914 0.8905
915 0.890875
916 0.891312
917 0.890875
918 0.890875
919 0.890625
920 0.89075
921 0.8905
922 0.890375
923 0.890625
924 0.890938
925 0.891125
926 0.89075
927 0.890813
928 0.890625
929 0.890938
930 0.886625
931 0.886687
932 0.887625
933 0.887813
934 0.888312
935 0.888312
936 0.88875
937 0.888938
938 0.888687
939 0.889375
940 0.890125
941 0.889437
942 0.888563
943 0.889
944 0.888875
945 0.889062
946 0.888563
947 0.888437
948 0.888813
949 0.889
950 0.888437
951 0.888437
952 0.887687
953 0.888
954 0.887875
955 0.889375
956 0.888813
957 0.889062
958 0.89
959 0.889312
960 0.889062
961 0.889188
962 0.888875
963 0.889437
964 0.889687
965 0.889062
966 0.88925
967 0.889125
968 0.889687
969 0.889687
970 0.889188
971 0.889188
972 0.889375
973 0.8885
974 0.88775
975 0.887938
976 0.887875
977 0.887938
978 0.886938
979 0.887375
980 0.88575
981 0.88625
982 0.8855
983 0.885625
984 0.886437
985 0.887437
986 0.887188
987 0.887125
988 0.886875
989 0.887125
990 0.886437
991 0.88825
992 0.888
993 0.888062
994 0.888312
995 0.887813
996 0.888125
997 0.889
998 0.889375
999 0.8895
1000 0.890563
1001 0.890813
1002 0.890875
1003 0.891
1004 0.89075
1005 0.889375
1006 0.889938
1007 0.889125
1008 0.888813
1009 0.889938
1010 0.889062
1011 0.883437
1012 0.884062
1013 0.884938
1014 0.884875
1015 0.8855
1016 0.885563
1017 0.885125
1018 0.885375
1019 0.885625
1020 0.885938
1021 0.886062
1022 0.885938
1023 0.884813
1024 0.885437
1025 0.885563
1026 0.886
1027 0.885437
1028 0.885125
1029 0.884687
1030 0.885188
1031 0.8855
1032 0.885813
1033 0.886
1034 0.885875
1035 0.886563
1036 0.888062
1037 0.888375
1038 0.888312
1039 0.887625
1040 0.888062
1041 0.887625
1042 0.887312
1043 0.8875
1044 0.8875
1045 0.887938
1046 0.8875
1047 0.88875
1048 0.887875
1049 0.888437
1050 0.887625
1051 0.887
1052 0.888125
1053 0.887563
1054 0.888125
1055 0.888
1056 0.887813
1057 0.889062
1058 0.888813
1059 0.888312
1060 0.888375
1061 0.885062
1062 0.88525
1063 0.884563
1064 0.884625
1065 0.883875
1066 0.884
1067 0.884312
1068 0.884
1069 0.883875
1070 0.884437
1071 0.884437
1072 0.88525
1073 0.885188
1074 0.884813
1075 0.88525
1076 0.885938
1077 0.885813
1078 0.886125
1079 0.88625
1080 0.886437
1081 0.885938
1082 0.885687
1083 0.88625
1084 0.886
1085 0.88625
1086 0.884563
1087 0.883875
1088 0.884938
1089 0.884437
1090 0.884938
1091 0.88525
1092 0.885875
1093 0.885563
1094 0.885437
1095 0.886062
1096 0.88625
1097 0.886563
1098 0.886625
1099 0.887375
1100 0.88725
1101 0.887062
1102 0.886938
1103 0.8865
1104 0.88725
1105 0.887312
1106 0.887375
1107 0.88775
1108 0.886687
1109 0.886938
1110 0.887437
1111 0.88425
1112 0.884312
1113 0.88375
1114 0.882938
1115 0.882938
1116 0.883125
1117 0.884062
1118 0.883625
1119 0.884938
1120 0.885188
1121 0.885437
1122 0.886125
1123 0.885437
1124 0.88575
1125 0.885625
1126 0.884813
1127 0.885375
1128 0.884375
1129 0.884875
1130 0.884312
1131 0.885125
1132 0.88425
1133 0.884312
1134 0.884625
1135 0.885312
1136 0.883813
1137 0.884875
1138 0.885375
1139 0.885312
1140 0.885
1141 0.885813
1142 0.8855
1143 0.884125
1144 0.885687
1145 0.88575
1146 0.88525
1147 0.884813
1148 0.88525
1149 0.885875
1150 0.886813
1151 0.8865
1152 0.886813
1153 0.887375
1154 0.887687
1155 0.8875
1156 0.887312
1157 0.8875
1158 0.886563
1159 0.886563
1160 0.8865
1161 0.884188
1162 0.884188
1163 0.883375
1164 0.883563
1165 0.884062
1166 0.886
1167 0.884062
1168 0.885125
1169 0.885437
1170 0.885625
1171 0.886125
1172 0.8865
1173 0.886312
1174 0.88625
1175 0.885875
1176 0.88625
1177 0.88675
1178 0.886125
1179 0.886375
1180 0.88575
1181 0.885375
1182 0.886375
1183 0.88625
1184 0.887062
1185 0.885938
1186 0.88375
1187 0.883875
1188 0.884375
1189 0.884563
1190 0.885188
1191 0.8845
1192 0.885
1193 0.885437
1194 0.885125
1195 0.886
1196 0.885188
1197 0.885062
1198 0.885687
1199 0.886
1200 0.886938
1201 0.887125
1202 0.886563
1203 0.887312
1204 0.887125
1205 0.886687
1206 0.886188
1207 0.886563
1208 0.886563
1209 0.887125
1210 0.886813
1211 0.887563
1212 0.887625
1213 0.887625
1214 0.887687
1215 0.887312
1216 0.886687
1217 0.88675
1218 0.887437
1219 0.886875
1220 0.887687
1221 0.887312
1222 0.887437
1223 0.887875
1224 0.887813
1225 0.888375
1226 0.888125
1227 0.888375
1228 0.889188
1229 0.889875
1230 0.889687
1231 0.88925
1232 0.889125
1233 0.888563
1234 0.888
1235 0.88725
1236 0.887625
1237 0.887875
1238 0.887125
1239 0.886813
1240 0.88625
1241 0.885563
1242 0.886437
1243 0.887
1244 0.887312
1245 0.887687
1246 0.888125
1247 0.887188
1248 0.887813
1249 0.888062
1250 0.888188
1251 0.887
1252 0.886938
1253 0.887062
1254 0.886938
1255 0.886813
1256 0.887188
1257 0.887062
1258 0.88725
1259 0.88725
1260 0.887813
1261 0.884563
1262 0.884312
1263 0.885
1264 0.886
1265 0.8865
1266 0.886188
1267 0.886188
1268 0.886437
1269 0.886375
1270 0.88675
1271 0.887
1272 0.88725
1273 0.886125
1274 0.886687
1275 0.886563
1276 0.886563
1277 0.887
1278 0.88675
1279 0.887188
1280 0.887813
1281 0.887062
1282 0.887188
1283 0.887687
1284 0.8875
1285 0.887625
1286 0.887188
1287 0.88625
1288 0.886062
1289 0.885938
1290 0.885625
1291 0.88625
1292 0.886
1293 0.886813
1294 0.887125
1295 0.88725
1296 0.887062
1297 0.887875
1298 0.8875
1299 0.8875
1300 0.888437
1301 0.888188
1302 0.887875
1303 0.888125
1304 0.888062
1305 0.887437
1306 0.887312
1307 0.887625
1308 0.888312
1309 0.887813
1310 0.887625
1311 0.886312
1312 0.886312
1313 0.886375
1314 0.887188
1315 0.887
1316 0.8865
1317 0.886687
1318 0.887312
1319 0.888312
1320 0.88825
1321 0.887813
1322 0.888375
1323 0.888437
1324 0.887687
1325 0.88825
1326 0.888437
1327 0.88825
1328 0.888437
1329 0.887875
1330 0.888375
1331 0.8885
1332 0.888062
1333 0.887875
1334 0.887625
1335 0.887875
1336 0.885312
1337 0.885188
1338 0.885
1339 0.885375
1340 0.886375
1341 0.885687
1342 0.886062
1343 0.886563
1344 0.887
1345 0.887
1346 0.887062
1347 0.886625
1348 0.886563
1349 0.887062
1350 0.886813
1351 0.887
1352 0.887
1353 0.886375
1354 0.885563
1355 0.885625
1356 0.886437
1357 0.8865
1358 0.886563
1359 0.886312
1360 0.885188
1361 0.887625
1362 0.88675
1363 0.88625
1364 0.88625
1365 0.886
1366 0.8865
1367 0.886437
1368 0.886312
1369 0.885875
1370 0.886625
1371 0.88675
1372 0.888625
1373 0.88875
1374 0.889062
1375 0.88875
1376 0.889312
1377 0.889625
1378 0.889813
1379 0.889188
1380 0.88925
1381 0.888875
1382 0.88925
1383 0.889125
1384 0.888813
1385 0.88925
1386 0.887188
1387 0.8865
1388 0.8875
1389 0.887188
1390 0.88725
1391 0.887563
1392 0.887563
1393 0.886375
1394 0.887312
1395 0.888188
1396 0.88825
1397 0.8875
1398 0.88725
1399 0.886875
1400 0.8875
1401 0.887687
1402 0.887813
1403 0.887687
1404 0.888125
1405 0.888687
1406 0.889125
1407 0.889625
1408 0.889687
1409 0.889062
1410 0.889813
1411 0.889563
1412 0.889813
1413 0.88975
1414 0.889687
1415 0.889625
1416 0.89
1417 0.889312
1418 0.8895
1419 0.889813
1420 0.890062
1421 0.889312
1422 0.889938
1423 0.890062
1424 0.891312
1425 0.889
1426 0.8885
1427 0.888312
1428 0.889875
1429 0.889375
1430 0.889375
1431 0.887437
1432 0.886938
1433 0.888687
1434 0.88625
1435 0.888312
1436 0.889437
1437 0.8905
1438 0.889312
1439 0.888062
1440 0.88925
1441 0.890312
1442 0.88875
1443 0.890813
1444 0.887437
1445 0.89
1446 0.88875
1447 0.885563
1448 0.886563
1449 0.886
1450 0.884938
1451 0.887563
1452 0.886188
1453 0.888062
1454 0.887375
1455 0.890875
1456 0.88975
1457 0.88875
1458 0.892938
1459 0.8925
1460 0.891062
1461 0.890125
1462 0.891625
1463 0.89225
1464 0.890188
1465 0.894563
1466 0.893
1467 0.892687
1468 0.89125
1469 0.892563
1470 0.893375
1471 0.891437
1472 0.894687
1473 0.893
1474 0.89125
1475 0.894
1476 0.895625
1477 0.89525
1478 0.891938
1479 0.8925
1480 0.893563
1481 0.891437
1482 0.890625
1483 0.889062
1484 0.891312
1485 0.890625
1486 0.890687
1487 0.8925
1488 0.894813
1489 0.893687
1490 0.891625
1491 0.890563
1492 0.892875
1493 0.892625
1494 0.893625
1495 0.897687
1496 0.896062
1497 0.89425
1498 0.894437
1499 0.894813
1500 0.896563
1501 0.89575
1502 0.897
1503 0.902125
1504 0.897
1505 0.900188
1506 0.895563
1507 0.89725
1508 0.897563
1509 0.900875
1510 0.901937
1511 0.905375
1512 0.906188
1513 0.903375
1514 0.90325
1515 0.903125
1516 0.9015
1517 0.906188
1518 0.900312
1519 0.902625
1520 0.903062
1521 0.903375
1522 0.90225
1523 0.902438
1524 0.9045
1525 0.899937
1526 0.902687
1527 0.904438
1528 0.906625
1529 0.904813
1530 0.906062
1531 0.905937
1532 0.902125
1533 0.900312
1534 0.901875
1535 0.902813
1536 0.899375
1537 0.90075
1538 0.899312
1539 0.897437
1540 0.899062
1541 0.899687
1542 0.898875
1543 0.896938
1544 0.898125
1545 0.898125
1546 0.9025
1547 0.897062
1548 0.898375
1549 0.89775
1550 0.896375
1551 0.88975
1552 0.887
1553 0.884563
1554 0.881125
1555 0.88575
1556 0.884
1557 0.881437
1558 0.882563
1559 0.883938
1560 0.884
1561 0.88625
1562 0.887375
1563 0.888375
1564 0.888687
1565 0.887
1566 0.88525
1567 0.888437
1568 0.885125
1569 0.883875
1570 0.888125
1571 0.884
1572 0.882812
1573 0.882938
1574 0.886437
1575 0.889125
1576 0.89225
1577 0.88775
1578 0.891687
1579 0.893375
1580 0.898687
1581 0.898375
1582 0.90125
1583 0.899937
1584 0.899375
1585 0.896687
1586 0.901438
1587 0.899188
1588 0.896563
1589 0.894312
1590 0.895875
1591 0.895
1592 0.893
1593 0.893563
1594 0.891
1595 0.891375
1596 0.891625
1597 0.893062
1598 0.89325
1599 0.88925
1600 0.889062
1601 0.8895
1602 0.89275
1603 0.891188
1604 0.889563
1605 0.892875
1606 0.888
1607 0.888938
1608 0.89325
1609 0.893125
1610 0.892813
1611 0.897188
1612 0.897813
1613 0.898937
1614 0.90075
1615 0.897125
1616 0.901375
1617 0.901188
1618 0.897062
1619 0.895188
1620 0.89775
1621 0.89425
1622 0.895875
1623 0.897062
1624 0.902438
1625 0.90425
1626 0.904312
1627 0.905875
1628 0.908438
1629 0.912312
1630 0.912
1631 0.915562
1632 0.913625
1633 0.920625
1634 0.918312
1635 0.919937
1636 0.920312
1637 0.920125
1638 0.916375
1639 0.92025
1640 0.914937
1641 0.919188
1642 0.915875
1643 0.914188
1644 0.915438
1645 0.910813
1646 0.911312
1647 0.917625
1648 0.912188
1649 0.910625
1650 0.904875
1651 0.912062
1652 0.9085
1653 0.906062
1654 0.910563
1655 0.909125
1656 0.9045
1657 0.904937
1658 0.905
1659 0.90475
1660 0.905375
1661 0.905375
1662 0.902188
1663 0.89825
1664 0.897312
1665 0.896938
1666 0.898937
1667 0.898813
1668 0.899563
1669 0.9035
1670 0.909125
1671 0.911625
1672 0.907312
1673 0.907188
1674 0.90975
1675 0.909
1676 0.907062
1677 0.904312
1678 0.904937
1679 0.902
1680 0.894188
1681 0.893
1682 0.89
1683 0.885062
1684 0.884125
1685 0.881687
1686 0.872812
1687 0.87225
1688 0.873
1689 0.873375
1690 0.868437
1691 0.865125
1692 0.866313
1693 0.870563
1694 0.872563
1695 0.869437
1696 0.868875
1697 0.872687
1698 0.871437
1699 0.8695
1700 0.868563
1701 0.867938
1702 0.86675
1703 0.867687
1704 0.869563
1705 0.869563
1706 0.869188
1707 0.863187
1708 0.86225
1709 0.857688
1710 0.849313
1711 0.838625
1712 0.834812
1713 0.832875
1714 0.828
1715 0.827438
1716 0.825812
1717 0.824688
1718 0.821187
1719 0.821438
1720 0.8195
1721 0.821187
1722 0.819
1723 0.818813
1724 0.818688
1725 0.815
1726 0.81525
1727 0.812688
1728 0.81025
1729 0.807813
1730 0.809187
1731 0.798
1732 0.79375
1733 0.787563
1734 0.74375
1735 0.731563
1736 0.685813
1737 0.676125
1738 0.64925
1739 0.644938
1740 0.638437
1741 0.6065
1742 0.597875
1743 0.587
1744 0.564625
1745 0.559375
1746 0.553312
1747 0.553625
1748 0.511437
1749 0.50275
1750 0.504938
1751 0.502125
1752 0.499937
1753 0.484563
1754 0.484375
1755 0.477312
1756 0.477438
1757 0.474375
1758 0.476625
1759 0.47025
1760 0.469313
1761 0.464625
1762 0.459625
1763 0.4605
1764 0.456188
1765 0.454125
1766 0.455437
1767 0.468625
1768 0.4735
1769 0.476875
1770 0.473687
1771 0.4755
1772 0.486312
1773 0.487312
1774 0.486563
1775 0.484938
1776 0.491312
1777 0.48675
1778 0.486
1779 0.481187
1780 0.47025
1781 0.468938
1782 0.461313
1783 0.454313
1784 0.453875
1785 0.444625
1786 0.443625
1787 0.442812
1788 0.434188
1789 0.421438
1790 0.41825
1791 0.41125
1792 0.406062
1793 0.404313
1794 0.395562
1795 0.38975
1796 0.387188
1797 0.379
1798 0.379625
1799 0.387125
1800 0.38075
1801 0.386375
1802 0.38525
1803 0.38925
1804 0.38725
1805 0.38975
1806 0.39225
1807 0.391813
1808 0.394562
1809 0.391937
1810 0.394688
1811 0.3885
1812 0.385437
1813 0.384813
1814 0.383375
1815 0.378063
1816 0.369312
1817 0.371063
1818 0.368937
1819 0.366375
1820 0.36825
1821 0.372812
1822 0.372563
1823 0.373563
1824 0.374375
1825 0.368125
1826 0.364187
1827 0.361
1828 0.358812
1829 0.357687
1830 0.348438
1831 0.342875
1832 0.339875
1833 0.334
1834 0.333188
1835 0.32675
1836 0.32275
1837 0.317375
1838 0.315063
1839 0.306375
1840 0.304625
1841 0.302375
1842 0.293312
1843 0.281562
1844 0.277187
1845 0.2685
1846 0.265688
1847 0.261937
1848 0.254563
1849 0.24575
1850 0.242
1851 0.235063
1852 0.224062
1853 0.21975
1854 0.215188
1855 0.216062
1856 0.215188
1857 0.218
1858 0.219625
1859 0.218188
1860 0.219
1861 0.213625
1862 0.209687
1863 0.207187
1864 0.198125
1865 0.194938
1866 0.187125
1867 0.189188
1868 0.191125
1869 0.200875
1870 0.209
1871 0.211188
1872 0.217312
1873 0.22225
1874 0.222312
1875 0.222812
1876 0.224875
1877 0.225562
1878 0.2315
1879 0.236813
1880 0.239313
1881 0.244812
1882 0.256
1883 0.256
1884 0.260375
1885 0.269375
1886 0.277562
1887 0.283187
1888 0.296312
1889 0.300312
1890 0.307188
1891 0.317188
1892 0.322437
1893 0.327562
1894 0.335062
1895 0.339125
1896 0.336813
1897 0.340313
1898 0.342125
1899 0.351625
1900 0.361687
1901 0.3665
1902 0.392688
1903 0.421563
1904 0.430688
1905 0.443437
1906 0.471938
1907 0.473125
1908 0.482938
1909 0.486812
1910 0.488187
1911 0.4755
1912 0.466375
1913 0.465375
1914 0.45375
1915 0.451125
1916 0.445
1917 0.44525
1918 0.434375
1919 0.431937
1920 0.422375
1921 0.421187
1922 0.418125
1923 0.415312
1924 0.407375
1925 0.381563
1926 0.378625
1927 0.3775
1928 0.368
1929 0.359312
1930 0.352063
1931 0.347687
1932 0.343062
1933 0.313063
1934 0.310125
1935 0.301938
1936 0.29375
1937 0.290812
1938 0.289062
1939 0.281375
1940 0.28
1941 0.27925
1942 0.269437
1943 0.278
1944 0.270437
1945 0.264688
1946 0.260688
1947 0.24825
1948 0.240375
1949 0.234375
1950 0.225875
1951 0.215375
1952 0.209063
1953 0.196125
1954 0.189438
1955 0.187188
1956 0.176313
1957 0.167375
1958 0.16175
1959 0.151438
1960 0.142437
1961 0.128938
1962 0.124313
1963 0.117813
1964 0.11425
1965 0.101125
1966 0.092625
1967 0.0880625
1968 0.075375
1969 0.0658125
1970 0.061625
1971 0.0499375
1972 0.0360625
1973 0.0318125
1974 0.025
1975 0.0194375
1976 0.0175
1977 0.0134375
1978 0.010375
1979 0.0095
1980 0.0094375
1981 0.008875
1982 0.009
1983 0.0085625
1984 0.0081875
1985 0.0074375
1986 0.007125
1987 0.0063125
1988 0.006
1989 0.0055625
1990 0.0054375
1991 0.0054375
1992 0.005625
1993 0.0056875
1994 0.0055
1995 0.0058125
1996 0.005375
1997 0.0049375
1998 0.004875
1999 0.0044375
2000 0.0053125
2001 0.0099375
2002 0.0195625
2003 0.025625
2004 0.038125
2005 0.052625
2006 0.0611875
2007 0.0770625
2008 0.093375
2009 0.10175
2010 0.1205
2011 0.138625
2012 0.144125
2013 0.164563
2014 0.182062
2015 0.195875
2016 0.218062
2017 0.238875
2018 0.257
2019 0.276125
2020 0.290687
2021 0.295563
2022 0.306188
2023 0.317937
2024 0.3265
2025 0.344813
2026 0.361063
2027 0.370937
2028 0.382375
2029 0.398
2030 0.402
2031 0.403938
2032 0.402375
2033 0.40925
2034 0.397937
2035 0.392625
2036 0.391688
2037 0.382437
2038 0.355438
2039 0.352125
2040 0.340938
2041 0.332125
2042 0.313563
2043 0.303812
2044 0.284
2045 0.278938
2046 0.26975
2047 0.26025
2048 0.257188
2049 0.25075
2050 0.2375
2051 0.235125
2052 0.230875
2053 0.2185
2054 0.218
2055 0.206187
2056 0.194562
2057 0.195813
2058 0.179
2059 0.17475
2060 0.168625
2061 0.14825
2062 0.139437
2063 0.133375
2064 0.125312
2065 0.115875
2066 0.107688
2067 0.094625
2068 0.0886875
2069 0.089125
2070 0.083375
2071 0.0781875
2072 0.0740625
2073 0.066625
2074 0.061125
2075 0.058625
2076 0.0521875
2077 0.0444375
2078 0.041
2079 0.033375
2080 0.028
2081 0.0258125
2082 0.0211875
2083 0.01625
2084 0.0153125
2085 0.0158125
2086 0.016
2087 0.015
2088 0.01475
2089 0.0143125
2090 0.0140625
2091 0.01375
2092 0.01375
2093 0.01375
2094 0.012875
2095 0.01375
2096 0.0145625
2097 0.014875
2098 0.0149375
2099 0.0148125
2100 0.0166875
2101 0.01925
2102 0.0214375
2103 0.0254375
2104 0.0310625
2105 0.034375
2106 0.0399375
2107 0.04725
2108 0.0518125
2109 0.0598125
2110 0.07025
2111 0.078375
2112 0.089375
2113 0.100125
2114 0.10625
2115 0.119438
2116 0.132188
2117 0.1415
2118 0.155812
2119 0.174063
2120 0.184438
2121 0.200937
2122 0.218562
2123 0.235313
2124 0.258813
2125 0.28075
2126 0.2895
2127 0.326437
2128 0.36275
2129 0.376312
2130 0.405
2131 0.435625
2132 0.446125
2133 0.467375
2134 0.476687
2135 0.479875
2136 0.508563
2137 0.5095
2138 0.511188
2139 0.51
2140 0.509125
2141 0.509
2142 0.5095
2143 0.501938
2144 0.4995
2145 0.491812
2146 0.490187
2147 0.48675
2148 0.479687
2149 0.4735
2150 0.469687
2151 0.463438
2152 0.390188
2153 0.385688
2154 0.337813
2155 0.339125
2156 0.341875
2157 0.323625
2158 0.327062
2159 0.3245
2160 0.3245
2161 0.316063
2162 0.314312
2163 0.314188
2164 0.31
2165 0.310188
2166 0.301875
2167 0.29775
2168 0.297687
2169 0.287875
2170 0.284562
2171 0.278687
2172 0.269562
2173 0.269188
2174 0.268375
2175 0.255688
2176 0.2345
2177 0.228875
2178 0.21675
2179 0.207187
2180 0.195062
2181 0.181062
2182 0.167625
2183 0.162625
2184 0.149625
2185 0.13475
2186 0.125938
2187 0.11475
2188 0.1075
2189 0.102563
2190 0.089125
2191 0.081
2192 0.0756875
2193 0.064625
2194 0.0590625
2195 0.0545625
2196 0.047125
2197 0.0414375
2198 0.039625
2199 0.0320625
2200 0.027125
2201 0.0249375
2202 0.02175
2203 0.01825
2204 0.0186875
2205 0.0175625
2206 0.015
2207 0.0145
2208 0.01275
2209 0.0115
2210 0.010375
2211 0.01
2212 0.0069375
2213 0.005375
2214 0.0035625
2215 0.0026875
2216 0.0025625
2217 0.0033125
2218 0.0029375
2219 0.0028125
2220 0.002625
2221 0.0025
2222 0.0026875
2223 0.00275
2224 0.00275
2225 0.00325
2226 0.003375
2227 0.003125
2228 0.0029375
2229 0.0038125
2230 0.0038125
2231 0.0034375
2232 0.0040625
2233 0.00375
2234 0.003625
2235 0.0038125
2236 0.0048125
2237 0.004875
2238 0.0054375
2239 0.0045625
2240 0.0044375
2241 0.0045
2242 0.0039375
2243 0.0045
2244 0.0033125
2245 0.004125
2246 0.004125
2247 0.004875
2248 0.005
2249 0.004875
2250 0.0054375
2251 0.0054375
2252 0.00575
2253 0.006375
2254 0.00675
2255 0.0069375
2256 0.0070625
2257 0.006625
2258 0.0074375
2259 0.0075625
2260 0.0083125
2261 0.0085
2262 0.008375
2263 0.008625
2264 0.008875
2265 0.00925
2266 0.012125
2267 0.0149375
2268 0.02025
2269 0.0284375
2270 0.0330625
2271 0.0414375
2272 0.0496875
2273 0.054
2274 0.063625
2275 0.072125
2276 0.0753125
2277 0.078875
2278 0.082
2279 0.08475
2280 0.0880625
2281 0.090875
2282 0.0940625
2283 0.0975625
2284 0.100437
2285 0.099625
2286 0.104
2287 0.105375
2288 0.105563
2289 0.106188
2290 0.107313
2291 0.106063
2292 0.106563
2293 0.103438
2294 0.103125
2295 0.102625
2296 0.1015
2297 0.100937
2298 0.100937
2299 0.105188
2300 0.10825
2301 0.110812
2302 0.109437
2303 0.109
2304 0.112375
2305 0.113062
2306 0.112562
2307 0.111187
2308 0.11
2309 0.11175
2310 0.1095
2311 0.109125
2312 0.109937
2313 0.106438
2314 0.0986875
2315 0.09675
2316 0.09425
2317 0.08925
2318 0.088
2319 0.084125
2320 0.07975
2321 0.079
2322 0.073625
2323 0.0716875
2324 0.0691875
2325 0.066
2326 0.061875
2327 0.0626875
2328 0.061875
2329 0.057
2330 0.0578125
2331 0.0536875
2332 0.053125
2333 0.05125
2334 0.0475625
2335 0.0419375
2336 0.041875
2337 0.0375
2338 0.0345
2339 0.0334375
2340 0.0306875
2341 0.0294375
2342 0.028
2343 0.02675
2344 0.0235
2345 0.0249375
2346 0.0224375
2347 0.020125
2348 0.0185625
2349 0.0173125
2350 0.018125
2351 0.0208125
2352 0.022
2353 0.021625
2354 0.020625
2355 0.0195
2356 0.0181875
2357 0.0186875
2358 0.01875
2359 0.0175625
2360 0.016125
2361 0.0165
2362 0.016375
2363 0.0155
2364 0.0169375
2365 0.0164375
2366 0.016375
2367 0.0170625
2368 0.0165
2369 0.017125
2370 0.016375
2371 0.0165
2372 0.017
2373 0.017125
2374 0.0174375
2375 0.0165625
2376 0.016625
2377 0.015875
2378 0.0146875
2379 0.015625
2380 0.0148125
2381 0.014625
2382 0.0141875
2383 0.0190625
2384 0.02375
2385 0.0364375
2386 0.051625
2387 0.05825
2388 0.0695
2389 0.0769375
2390 0.077
2391 0.0798125
2392 0.084625
2393 0.0835
2394 0.084625
2395 0.088375
2396 0.08825
2397 0.0861875
2398 0.089375
2399 0.0883125
2400 0.0879375
2401 0.0886875
2402 0.087375
2403 0.0885625
2404 0.087
2405 0.08875
2406 0.089875
2407 0.0876875
2408 0.0873125
2409 0.0863125
2410 0.0835625
2411 0.0826875
2412 0.0838125
2413 0.08125
2414 0.073625
2415 0.0679375
2416 0.0605625
2417 0.0620625
2418 0.0583125
2419 0.051125
2420 0.0495
2421 0.04125
2422 0.036625
2423 0.0335
2424 0.027375
2425 0.0230625
2426 0.0206875
2427 0.0166875
2428 0.0115625
2429 0.009375
2430 0.0051875
2431 0.0023125
2432 0.0019375
2433 0.012375
2434 0.025875
2435 0.0314375
2436 0.0404375
2437 0.045375
2438 0.0471875
2439 0.04925
2440 0.0511875
2441 0.052125
2442 0.0546875
2443 0.0544375
2444 0.055375
2445 0.05575
2446 0.0554375
2447 0.05525
2448 0.0575
2449 0.0570625
2450 0.05725
2451 0.056625
2452 0.0556875
2453 0.056625
2454 0.055625
2455 0.0565
2456 0.0545
2457 0.0544375
2458 0.054625
2459 0.0561875
2460 0.055
2461 0.057625
2462 0.056875
2463 0.0529375
2464 0.0495
2465 0.0445625
2466 0.0415
2467 0.035625
2468 0.03325
2469 0.0296875
2470 0.025
2471 0.02375
2472 0.020875
2473 0.0194375
2474 0.018
2475 0.0154375
2476 0.0170625
2477 0.018375
2478 0.0203125
2479 0.0179375
2480 0.017
2481 0.0175
2482 0.018
2483 0.0179375
2484 0.0188125
2485 0.019
2486 0.019
2487 0.0195625
2488 0.0195625
2489 0.01975
2490 0.020875
2491 0.020625
2492 0.0198125
2493 0.0208125
2494 0.020375
2495 0.02
2496 0.02125
2497 0.021
2498 0.020125
2499 0.01975
2500 0.020625
2501 0.02025
2502 0.0204375
2503 0.020875
2504 0.0215
2505 0.0210625
2506 0.0215625
2507 0.0209375
2508 0.0279375
2509 0.0359375
2510 0.04125
2511 0.0495
2512 0.0594375
2513 0.0638125
2514 0.0736875
2515 0.076375
2516 0.0748125
2517 0.075875
2518 0.0761875
2519 0.0776875
2520 0.079375
2521 0.080375
2522 0.08175
2523 0.084375
2524 0.085125
2525 0.086
2526 0.08725
2527 0.08775
2528 0.09
2529 0.091125
2530 0.091875
2531 0.0910625
2532 0.0913125
2533 0.09125
2534 0.089875
2535 0.09225
2536 0.09125
2537 0.0909375
2538 0.09125
2539 0.09275
2540 0.0928125
2541 0.0914375
2542 0.0886875
2543 0.088875
2544 0.0874375
2545 0.0885625
2546 0.086625
2547 0.082375
2548 0.0844375
2549 0.084
2550 0.0785
2551 0.0745625
2552 0.0715625
2553 0.0671875
2554 0.0649375
2555 0.062125
2556 0.05875
2557 0.051375
2558 0.0486875
2559 0.0424375
2560 0.0365
2561 0.03525
2562 0.028625
2563 0.0241875
2564 0.0226875
2565 0.0175625
2566 0.0138125
2567 0.0109375
2568 0.0075625
2569 0.005125
2570 0.004625
2571 0.0033125
2572 0.0025625
2573 0.0024375
2574 0.002625
2575 0.0025625
2576 0.0025
2577 0.0025
2578 0.0024375
2579 0.0025
2580 0.0024375
2581 0.0023125
2582 0.002375
2583 0.00225
2584 0.0023125
2585 0.0023125
2586 0.0029375
2587 0.0029375
2588 0.0028125
2589 0.00275
2590 0.002625
2591 0.0025
2592 0.002625
2593 0.0025625
2594 0.0025625
2595 0.0025
2596 0.0024375
2597 0.0023125
2598 0.0021875
2599 0.002125
2600 0.002125
2601 0.00225
2602 0.002375
2603 0.0023125
2604 0.002375
2605 0.0025625
2606 0.0025
2607 0.0026875
2608 0.0026875
2609 0.0026875
2610 0.0026875
2611 0.003125
2612 0.00275
2613 0.0025625
2614 0.0025
2615 0.0025
2616 0.0024375
2617 0.0021875
2618 0.0023125
2619 0.0019375
2620 0.002125
2621 0.0021875
2622 0.00225
2623 0.0023125
2624 0.0035
2625 0.010625
2626 0.0205625
2627 0.0259375
2628 0.034125
2629 0.0406875
2630 0.0435625
2631 0.04625
2632 0.04875
2633 0.0494375
2634 0.0525
2635 0.0534375
2636 0.0533125
2637 0.0579375
2638 0.0705
2639 0.074625
2640 0.0853125
2641 0.0968125
2642 0.104063
2643 0.118313
2644 0.131125
2645 0.13775
2646 0.15225
2647 0.161625
2648 0.167687
2649 0.18175
2650 0.189688
2651 0.1935
2652 0.206
2653 0.208875
2654 0.209437
2655 0.212938
2656 0.214312
2657 0.211062
2658 0.215938
2659 0.214938
2660 0.214625
2661 0.219938
2662 0.219562
2663 0.218
2664 0.213375
2665 0.209563
2666 0.203937
2667 0.19925
2668 0.1965
2669 0.198375
2670 0.195687
2671 0.196437
2672 0.199125
2673 0.197063
2674 0.200375
2675 0.213062
2676 0.205375
2677 0.205125
2678 0.203437
2679 0.197125
2680 0.193
2681 0.183
2682 0.177563
2683 0.16925
2684 0.169625
2685 0.162688
2686 0.152625
2687 0.153
2688 0.150375
2689 0.145063
2690 0.146187
2691 0.139625
2692 0.133313
2693 0.1335
2694 0.1285
2695 0.122875
2696 0.118688
2697 0.112875
2698 0.107188
2699 0.104438
2700 0.101375
2701 0.0963125
2702 0.0915
2703 0.085875
2704 0.080625
2705 0.0789375
2706 0.074
2707 0.0695
2708 0.0685
2709 0.0648125
2710 0.06475
2711 0.065125
2712 0.065875
2713 0.0651875
2714 0.065875
2715 0.066625
2716 0.067375
2717 0.0673125
2718 0.0666875
2719 0.0668125
2720 0.0630625
2721 0.063375
2722 0.063625
2723 0.06475
2724 0.0650625
2725 0.0651875
2726 0.064375
2727 0.067125
2728 0.073875
2729 0.0774375
2730 0.0860625
2731 0.092
2732 0.0960625
2733 0.10075
2734 0.104625
2735 0.105
2736 0.105375
2737 0.110687
2738 0.111062
2739 0.111437
2740 0.111375
2741 0.111062
2742 0.11325
2743 0.114437
2744 0.11525
2745 0.114375
2746 0.118875
2747 0.11725
2748 0.12025
2749 0.121375
2750 0.121625
2751 0.122063
2752 0.123125
2753 0.123625
2754 0.122438
2755 0.125125
2756 0.125125
2757 0.125938
2758 0.125875
2759 0.127312
2760 0.128125
2761 0.128188
2762 0.130125
2763 0.1295
2764 0.129312
2765 0.131812
2766 0.130875
2767 0.132375
2768 0.132125
2769 0.131938
2770 0.131688
2771 0.132562
2772 0.131625
2773 0.134063
2774 0.13575
2775 0.133687
2776 0.134437
2777 0.134437
2778 0.135125
2779 0.138125
2780 0.138
2781 0.138875
2782 0.140437
2783 0.142313
2784 0.140563
2785 0.140813
2786 0.14075
2787 0.139937
2788 0.139
2789 0.139937
2790 0.140187
2791 0.140563
2792 0.14125
2793 0.139687
2794 0.140875
2795 0.139687
2796 0.141625
2797 0.140813
2798 0.140687
2799 0.142437
2800 0.14175
2801 0.141813
2802 0.141313
2803 0.140937
2804 0.141313
2805 0.142375
2806 0.143187
2807 0.14225
2808 0.142813
2809 0.142
2810 0.141125
2811 0.140625
2812 0.1405
2813 0.140687
2814 0.14175
2815 0.142313
2816 0.141875
2817 0.1415
2818 0.141187
2819 0.14125
2820 0.141813
2821 0.141687
2822 0.142187
2823 0.142063
2824 0.142563
2825 0.143125
2826 0.142313
2827 0.142125
2828 0.142375
2829 0.142
2830 0.1415
2831 0.141187
2832 0.141375
2833 0.140125
2834 0.141125
2835 0.141875
2836 0.14575
2837 0.145125
2838 0.145437
2839 0.146187
2840 0.145313
2841 0.1445
2842 0.144563
2843 0.14375
2844 0.143187
2845 0.142687
2846 0.142375
2847 0.142187
2848 0.142125
2849 0.141937
2850 0.142813
2851 0.142687
2852 0.143
2853 0.141937
2854 0.143313
2855 0.144313
2856 0.144063
2857 0.144125
2858 0.143937
2859 0.143937
2860 0.1445
2861 0.14325
2862 0.143437
2863 0.144187
2864 0.144563
2865 0.1445
2866 0.14475
2867 0.145
2868 0.145
2869 0.145125
2870 0.145625
2871 0.1465
2872 0.148562
2873 0.148375
2874 0.147937
2875 0.1475
2876 0.148
2877 0.1465
2878 0.147125
2879 0.148
2880 0.151312
2881 0.154625
2882 0.154688
2883 0.156312
2884 0.156812
2885 0.157375
2886 0.159562
2887 0.159375
2888 0.158438
2889 0.1585
2890 0.159938
2891 0.161375
2892 0.160375
2893 0.159438
2894 0.15875
2895 0.156688
2896 0.156438
2897 0.156625
2898 0.156312
2899 0.15525
2900 0.156625
2901 0.15525
2902 0.154875
2903 0.15475
2904 0.15425
2905 0.15325
2906 0.153312
2907 0.15325
2908 0.154
2909 0.153938
2910 0.154
2911 0.151812
2912 0.152188
2913 0.152
2914 0.152125
2915 0.152
2916 0.152625
2917 0.152312
2918 0.15225
2919 0.150625
2920 0.151312
2921 0.150875
2922 0.150312
2923 0.151562
2924 0.151125
2925 0.151938
2926 0.151812
2927 0.152312
2928 0.152062
2929 0.151625
2930 0.151875
2931 0.155688
2932 0.1565
2933 0.156938
2934 0.157875
2935 0.15825
2936 0.162312
2937 0.161125
2938 0.162875
2939 0.16275
2940 0.163062
2941 0.1645
2942 0.165437
2943 0.16525
2944 0.165875
2945 0.166687
2946 0.169437
2947 0.172063
2948 0.172875
2949 0.176875
2950 0.17925
2951 0.181375
2952 0.185562
2953 0.189125
2954 0.18925
2955 0.194188
2956 0.199187
2957 0.201437
2958 0.208063
2959 0.21325
2960 0.218375
2961 0.232813
2962 0.237375
2963 0.239125
2964 0.24625
2965 0.253312
2966 0.25675
2967 0.2635
2968 0.272937
2969 0.279375
2970 0.289812
2971 0.295938
2972 0.299875
2973 0.311188
2974 0.324625
2975 0.32925
2976 0.335437
2977 0.345
2978 0.347625
2979 0.353938
2980 0.35875
2981 0.362375
2982 0.375937
2983 0.386813
2984 0.3965
2985 0.405
2986 0.446875
2987 0.447937
2988 0.449625
2989 0.45175
2990 0.464062
2991 0.4905
2992 0.509938
2993 0.522437
2994 0.545125
2995 0.56
2996 0.566937
2997 0.579375
2998 0.6355
2999 0.670188
3000 0.72325
3001 0.755375
3002 0.776875
3003 0.793687
3004 0.81075
3005 0.821063
3006 0.832125
3007 0.836375
3008 0.839562
3009 0.839812
3010 0.839187
3011 0.893563
3012 0.887687
3013 0.889437
3014 0.887813
3015 0.887437
3016 0.891312
3017 0.895938
3018 0.898062
3019 0.89825
3020 0.903438
3021 0.903563
3022 0.903125
3023 0.904563
3024 0.906125
3025 0.906188
3026 0.90525
3027 0.908188
3028 0.907312
3029 0.9095
3030 0.909875
3031 0.910687
3032 0.9135
3033 0.910375
3034 0.911375
3035 0.910438
3036 0.912687
3037 0.914125
3038 0.915063
3039 0.914375
3040 0.9145
3041 0.913563
3042 0.912438
3043 0.912125
3044 0.91425
3045 0.911375
3046 0.912875
3047 0.909312
3048 0.911375
3049 0.907937
3050 0.9075
3051 0.90775
3052 0.909438
3053 0.909188
3054 0.90625
3055 0.90775
3056 0.907563
3057 0.907875
3058 0.90625
3059 0.905813
3060 0.904375
3061 0.902625
3062 0.904875
3063 0.901687
3064 0.903438
3065 0.90175
3066 0.899813
3067 0.898937
3068 0.898625
3069 0.89725
3070 0.897062
3071 0.897375
3072 0.896188
3073 0.89525
3074 0.8965
3075 0.8965
3076 0.895875
3077 0.89425
3078 0.893125
3079 0.893625
3080 0.894
3081 0.893125
3082 0.892938
3083 0.89275
3084 0.892188
3085 0.890188
3086 0.889437
3087 0.888437
3088 0.88825
3089 0.886563
3090 0.88525
3091 0.88825
3092 0.887375
3093 0.884125
3094 0.880437
3095 0.881
3096 0.881938
3097 0.882687
3098 0.881188
3099 0.881563
3100 0.881125
3101 0.881
3102 0.884062
3103 0.881812
3104 0.883437
3105 0.88375
3106 0.882687
3107 0.883375
3108 0.882812
3109 0.884312
3110 0.886125
3111 0.8845
3112 0.88325
3113 0.884625
3114 0.884125
3115 0.884188
3116 0.882437
3117 0.880313
3118 0.881938
3119 0.880188
3120 0.880125
3121 0.878875
3122 0.879812
3123 0.879437
3124 0.878313
3125 0.877812
3126 0.877
3127 0.8785
3128 0.878812
3129 0.877188
3130 0.876375
3131 0.876437
3132 0.8735
3133 0.871188
3134 0.871687
3135 0.870812
3136 0.868437
3137 0.869563
3138 0.86925
3139 0.867062
3140 0.864875
3141 0.865313
3142 0.864375
3143 0.863187
3144 0.862062
3145 0.8605
3146 0.860688
3147 0.858938
3148 0.859313
3149 0.86
3150 0.85925
3151 0.85875
3152 0.859688
3153 0.86
3154 0.859875
3155 0.86
3156 0.859625
3157 0.859125
3158 0.85825
3159 0.858125
3160 0.85825
3161 0.859
3162 0.859688
3163 0.860625
3164 0.860812
3165 0.859688
3166 0.861938
3167 0.861375
3168 0.860688
3169 0.860625
3170 0.860563
3171 0.858625
3172 0.859563
3173 0.859625
3174 0.858437
3175 0.859625
3176 0.859812
3177 0.857187
3178 0.8575
3179 0.856563
3180 0.854938
3181 0.854125
3182 0.853125
3183 0.853563
3184 0.853375
3185 0.854
3186 0.853187
3187 0.853437
3188 0.852688
3189 0.850625
3190 0.849875
3191 0.850375
3192 0.849625
3193 0.848125
3194 0.847125
3195 0.849688
3196 0.847562
3197 0.848625
3198 0.849375
3199 0.848875
3200 0.84975
3201 0.848437
3202 0.84925
3203 0.849812
3204 0.848437
3205 0.848688
3206 0.847187
3207 0.848063
3208 0.847875
3209 0.847375
3210 0.847
3211 0.84525
3212 0.845625
3213 0.845437
3214 0.84425
3215 0.843938
3216 0.843812
3217 0.84375
3218 0.844562
3219 0.845187
3220 0.845812
3221 0.845625
3222 0.846063
3223 0.846187
3224 0.846
3225 0.846125
3226 0.845688
3227 0.846437
3228 0.8465
3229 0.845875
3230 0.84575
3231 0.844875
3232 0.845125
3233 0.845375
3234 0.845125
3235 0.844812
3236 0.840875
3237 0.841375
3238 0.842
3239 0.84175
3240 0.842
3241 0.84175
3242 0.842125
3243 0.841875
3244 0.843125
3245 0.843437
3246 0.844313
3247 0.843938
3248 0.844562
3249 0.844938
3250 0.844187
3251 0.844875
3252 0.845562
3253 0.845625
3254 0.845125
3255 0.844688
3256 0.844625
3257 0.844875
3258 0.845063
3259 0.844375
3260 0.844375
3261 0.842688
3262 0.842625
3263 0.8425
3264 0.842313
3265 0.843125
3266 0.843313
3267 0.843812
3268 0.843313
3269 0.8435
3270 0.843562
3271 0.843437
3272 0.844562
3273 0.844437
3274 0.844375
3275 0.843812
3276 0.84375
3277 0.844063
3278 0.844437
3279 0.844812
3280 0.843375
3281 0.843625
3282 0.843125
3283 0.8435
3284 0.843187
3285 0.843313
3286 0.8445
3287 0.84475
3288 0.844938
3289 0.845375
3290 0.844812
3291 0.844938
3292 0.844437
3293 0.845
3294 0.84475
3295 0.844625
3296 0.8435
3297 0.844688
3298 0.844125
3299 0.844938
3300 0.844437
3301 0.844812
3302 0.84525
3303 0.845375
3304 0.845125
3305 0.8455
3306 0.844688
3307 0.84525
3308 0.845187
3309 0.844625
3310 0.84475
3311 0.844938
3312 0.844875
3313 0.843812
3314 0.844063
3315 0.844125
3316 0.843063
3317 0.843063
3318 0.84325
3319 0.844
3320 0.843812
3321 0.845
3322 0.844875
3323 0.843938
3324 0.844562
3325 0.844375
3326 0.843625
3327 0.844187
3328 0.8445
3329 0.84425
3330 0.843688
3331 0.843938
3332 0.844688
3333 0.844437
3334 0.844
3335 0.844375
3336 0.844063
3337 0.843063
3338 0.843812
3339 0.84375
3340 0.84425
3341 0.84425
3342 0.844437
3343 0.843187
3344 0.84275
3345 0.843375
3346 0.842375
3347 0.84175
3348 0.840437
3349 0.840875
3350 0.8415
3351 0.840812
3352 0.841875
3353 0.841812
3354 0.841313
3355 0.84275
3356 0.841562
3357 0.843
3358 0.843437
3359 0.843
3360 0.843688
3361 0.845
3362 0.845375
3363 0.846063
3364 0.846375
3365 0.845688
3366 0.846562
3367 0.847313
3368 0.8475
3369 0.847437
3370 0.846875
3371 0.846125
3372 0.847063
3373 0.846625
3374 0.846313
3375 0.846875
3376 0.84725
3377 0.847375
3378 0.847625
3379 0.847313
3380 0.846938
3381 0.846812
3382 0.84625
3383 0.846562
3384 0.846063
3385 0.846437
3386 0.847688
3387 0.847187
3388 0.847313
3389 0.847063
3390 0.84725
3391 0.84725
3392 0.846688
3393 0.846938
3394 0.846688
3395 0.847
3396 0.846313
3397 0.847187
3398 0.847125
3399 0.846313
3400 0.846875
3401 0.847125
3402 0.847063
3403 0.847375
3404 0.847562
3405 0.8475
3406 0.847063
3407 0.846688
3408 0.847063
3409 0.846875
3410 0.846938
3411 0.846812
3412 0.84625
3413 0.84625
3414 0.845938
3415 0.84525
3416 0.84475
3417 0.844437
3418 0.844812
3419 0.844437
3420 0.845313
3421 0.844812
3422 0.845688
3423 0.845313
3424 0.846063
3425 0.846063
3426 0.845938
3427 0.846562
3428 0.8465
3429 0.847
3430 0.847313
3431 0.847688
3432 0.8475
3433 0.847313
3434 0.847125
3435 0.846812
3436 0.8505
3437 0.85075
3438 0.850313
3439 0.85075
3440 0.850875
3441 0.850375
3442 0.85025
3443 0.849938
3444 0.849688
3445 0.84975
3446 0.849625
3447 0.849125
3448 0.848688
3449 0.849063
3450 0.84975
3451 0.849875
3452 0.849562
3453 0.85
3454 0.85025
3455 0.850187
3456 0.850688
3457 0.850562
3458 0.8505
3459 0.85025
3460 0.850125
3461 0.850938
3462 0.851313
3463 0.850812
3464 0.850562
3465 0.85125
3466 0.851875
3467 0.851812
3468 0.851938
3469 0.851688
3470 0.851688
3471 0.851625
3472 0.851187
3473 0.851437
3474 0.851313
3475 0.851437
3476 0.851688
3477 0.851875
3478 0.852187
3479 0.852187
3480 0.8525
3481 0.852062
3482 0.852125
3483 0.852125
3484 0.851375
3485 0.851
3486 0.851875
3487 0.852563
3488 0.851688
3489 0.851437
3490 0.851187
3491 0.851313
3492 0.851437
3493 0.851
3494 0.85125
3495 0.851562
3496 0.851562
3497 0.850688
3498 0.851187
3499 0.8505
3500 0.851
3501 0.850125
3502 0.85025
3503 0.850063
3504 0.850063
3505 0.849812
3506 0.84975
3507 0.849437
3508 0.849187
3509 0.84925
3510 0.84975
3511 0.850375
3512 0.849875
3513 0.849625
3514 0.849625
3515 0.849063
3516 0.849875
3517 0.850063
3518 0.850063
3519 0.850437
3520 0.85
3521 0.849875
3522 0.849313
3523 0.849812
3524 0.850187
3525 0.850938
3526 0.850313
3527 0.849938
3528 0.849688
3529 0.849562
3530 0.8495
3531 0.849562
3532 0.849625
3533 0.849625
3534 0.849437
3535 0.849375
3536 0.851938
3537 0.851625
3538 0.852
3539 0.852313
3540 0.8525
3541 0.850875
3542 0.851125
3543 0.850938
3544 0.8505
3545 0.850125
3546 0.850125
3547 0.849812
3548 0.849562
3549 0.849938
3550 0.8505
3551 0.850437
3552 0.85
3553 0.849812
3554 0.850125
3555 0.850688
3556 0.850875
3557 0.850938
3558 0.850938
3559 0.851125
3560 0.8515
3561 0.8485
3562 0.848688
3563 0.848562
3564 0.848187
3565 0.849
3566 0.848812
3567 0.849313
3568 0.849437
3569 0.849437
3570 0.850375
3571 0.850125
3572 0.850625
3573 0.850562
3574 0.850437
3575 0.851063
3576 0.850625
3577 0.850313
3578 0.849812
3579 0.850187
3580 0.850125
3581 0.850125
3582 0.850125
3583 0.850187
3584 0.850688
3585 0.850688
3586 0.850812
3587 0.850812
3588 0.850875
3589 0.851125
3590 0.850562
3591 0.851063
3592 0.850625
3593 0.851187
3594 0.851
3595 0.849875
3596 0.849688
3597 0.84975
3598 0.849125
3599 0.8495
3600 0.848938
3601 0.849625
3602 0.850187
3603 0.850313
3604 0.8505
3605 0.850625
3606 0.850063
3607 0.849812
3608 0.85
3609 0.84975
3610 0.8495
3611 0.850125
3612 0.85025
3613 0.850437
3614 0.849313
3615 0.849375
3616 0.84875
3617 0.848625
3618 0.849063
3619 0.84925
3620 0.850625
3621 0.84925
3622 0.849063
3623 0.848812
3624 0.848437
3625 0.848875
3626 0.84825
3627 0.847938
3628 0.84875
3629 0.848875
3630 0.84825
3631 0.849
3632 0.849063
3633 0.849063
3634 0.849688
3635 0.8505
3636 0.850313
3637 0.849562
3638 0.850125
3639 0.849812
3640 0.849437
3641 0.850437
3642 0.849562
3643 0.8495
3644 0.85025
3645 0.847938
3646 0.848562
3647 0.84875
3648 0.848125
3649 0.847187
3650 0.846812
3651 0.846688
3652 0.846063
3653 0.846562
3654 0.846938
3655 0.846875
3656 0.84675
3657 0.84725
3658 0.847812
3659 0.84775
3660 0.847187
3661 0.846688
3662 0.8475
3663 0.847688
3664 0.847375
3665 0.8475
3666 0.846938
3667 0.846375
3668 0.846875
3669 0.847125
3670 0.849187
3671 0.85025
3672 0.848938
3673 0.848313
3674 0.848437
3675 0.848437
3676 0.848437
3677 0.847875
3678 0.848437
3679 0.848125
3680 0.848
3681 0.848562
3682 0.849
3683 0.8485
3684 0.848875
3685 0.848938
3686 0.84925
3687 0.84975
3688 0.850125
3689 0.84975
3690 0.849437
3691 0.849125
3692 0.849063
3693 0.849
3694 0.848562
3695 0.8505
3696 0.849125
3697 0.848812
3698 0.8495
3699 0.85025
3700 0.8495
3701 0.8495
3702 0.850125
3703 0.8505
3704 0.85125
3705 0.851562
3706 0.8515
3707 0.851625
3708 0.85
3709 0.851375
3710 0.851063
3711 0.851625
3712 0.851562
3713 0.850812
3714 0.849875
3715 0.851187
3716 0.850187
3717 0.85025
3718 0.850313
3719 0.84925
3720 0.850938
3721 0.849125
3722 0.851625
3723 0.851375
3724 0.8525
3725 0.8505
3726 0.850625
3727 0.849313
3728 0.849562
3729 0.849063
3730 0.849375
3731 0.84825
3732 0.848812
3733 0.8475
3734 0.849125
3735 0.849437
3736 0.848812
3737 0.850125
3738 0.849688
3739 0.850437
3740 0.851125
3741 0.849688
3742 0.849812
3743 0.849812
3744 0.850187
3745 0.851812
3746 0.851313
3747 0.850875
3748 0.851125
3749 0.85125
3750 0.849812
3751 0.849938
3752 0.850375
3753 0.851063
3754 0.851187
3755 0.851938
3756 0.851437
3757 0.85075
3758 0.851063
3759 0.850875
3760 0.85125
3761 0.850375
3762 0.849437
3763 0.849812
3764 0.849625
3765 0.849562
3766 0.84925
3767 0.848688
3768 0.847562
3769 0.847437
3770 0.849688
3771 0.849187
3772 0.850125
3773 0.849562
3774 0.851063
3775 0.850437
3776 0.84975
3777 0.849875
3778 0.850688
3779 0.850437
3780 0.8515
3781 0.851313
3782 0.851063
3783 0.85025
3784 0.850063
3785 0.851063
3786 0.851187
3787 0.850375
3788 0.850437
3789 0.85025
3790 0.850375
3791 0.851375
3792 0.851125
3793 0.851625
3794 0.851375
3795 0.850938
3796 0.850187
3797 0.849625
3798 0.849
3799 0.84675
3800 0.848063
3801 0.845437
3802 0.846437
3803 0.8445
3804 0.844688
3805 0.845
3806 0.845313
3807 0.84375
3808 0.844812
3809 0.8435
3810 0.84475
3811 0.845437
3812 0.844812
3813 0.845437
3814 0.845063
3815 0.846
3816 0.845938
3817 0.844938
3818 0.846875
3819 0.847375
3820 0.851
3821 0.852437
3822 0.852875
3823 0.852375
3824 0.852563
3825 0.852688
3826 0.853
3827 0.852437
3828 0.85225
3829 0.852437
3830 0.852187
3831 0.852437
3832 0.852125
3833 0.852437
3834 0.853125
3835 0.852125
3836 0.8525
3837 0.852125
3838 0.851437
3839 0.851625
3840 0.851375
3841 0.851187
3842 0.850688
3843 0.850625
3844 0.85075
3845 0.852125
3846 0.851125
3847 0.85075
3848 0.851437
3849 0.8515
3850 0.851
3851 0.851437
3852 0.851063
3853 0.85075
3854 0.851063
3855 0.852125
3856 0.850938
3857 0.8515
3858 0.851187
3859 0.850812
3860 0.85175
3861 0.851375
3862 0.851375
3863 0.85075
3864 0.85075
3865 0.851063
3866 0.851625
3867 0.85175
3868 0.851187
3869 0.851313
3870 0.853313
3871 0.853375
3872 0.853625
3873 0.852875
3874 0.852313
3875 0.853125
3876 0.853125
3877 0.852563
3878 0.852625
3879 0.852375
3880 0.85275
3881 0.85275
3882 0.851938
3883 0.851187
3884 0.852875
3885 0.852
3886 0.852437
3887 0.851187
3888 0.8505
3889 0.850938
3890 0.851125
3891 0.851562
3892 0.851437
3893 0.851562
3894 0.852
3895 0.851938
3896 0.851437
3897 0.851625
3898 0.851437
3899 0.851625
3900 0.853
3901 0.851313
3902 0.851375
3903 0.85125
3904 0.851562
3905 0.851562
3906 0.852375
3907 0.852
3908 0.851938
3909 0.851875
3910 0.851187
3911 0.851063
3912 0.851437
3913 0.85175
3914 0.851625
3915 0.851625
3916 0.851812
3917 0.851437
3918 0.851063
3919 0.851313
3920 0.851063
3921 0.851812
3922 0.85125
3923 0.850625
3924 0.85075
3925 0.850875
3926 0.851313
3927 0.85025
3928 0.850625
3929 0.850938
3930 0.850688
3931 0.850812
3932 0.85125
3933 0.851437
3934 0.850938
3935 0.851375
3936 0.852
3937 0.85225
3938 0.853125
3939 0.852125
3940 0.852
3941 0.8515
3942 0.851313
3943 0.850625
3944 0.850437
3945 0.851688
3946 0.851938
3947 0.852187
3948 0.851313
3949 0.851562
3950 0.852
3951 0.852125
3952 0.852375
3953 0.852938
3954 0.85275
3955 0.852563
3956 0.853062
3957 0.853062
3958 0.854062
3959 0.853688
3960 0.85425
3961 0.853812
3962 0.853688
3963 0.8535
3964 0.853375
3965 0.854
3966 0.853062
3967 0.852875
3968 0.85225
3969 0.85275
3970 0.85325
3971 0.853437
3972 0.853375
3973 0.853625
3974 0.853625
3975 0.85375
3976 0.85375
3977 0.85425
3978 0.8535
3979 0.853625
3980 0.853938
3981 0.8535
3982 0.852938
3983 0.85225
3984 0.853187
3985 0.852125
3986 0.852625
3987 0.85325
3988 0.85225
3989 0.853062
3990 0.853
3991 0.853625
3992 0.853563
3993 0.853062
3994 0.853187
3995 0.856125
3996 0.855313
3997 0.855313
3998 0.855375
3999 0.855125
4000 0.855125
4001 0.856
4002 0.85575
4003 0.855187
4004 0.854812
4005 0.855313
4006 0.854812
4007 0.854688
4008 0.855187
4009 0.854625
4010 0.854
4011 0.85425
4012 0.854187
4013 0.853938
4014 0.853812
4015 0.854062
4016 0.853625
4017 0.853375
4018 0.853375
4019 0.853313
4020 0.853812
4021 0.853938
4022 0.853812
4023 0.853563
4024 0.854125
4025 0.854688
4026 0.854563
4027 0.853938
4028 0.853125
4029 0.852812
4030 0.852812
4031 0.853187
4032 0.853187
4033 0.852875
4034 0.853563
4035 0.853875
4036 0.853875
4037 0.853688
4038 0.85325
4039 0.853313
4040 0.853437
4041 0.85325
4042 0.853
4043 0.852688
4044 0.8525
4045 0.85275
4046 0.8525
4047 0.8525
4048 0.853812
4049 0.853563
4050 0.854125
4051 0.8545
4052 0.853812
4053 0.85375
4054 0.854
4055 0.854187
4056 0.853375
4057 0.853375
4058 0.85325
4059 0.853375
4060 0.853563
4061 0.853875
4062 0.853938
4063 0.853875
4064 0.854375
4065 0.854437
4066 0.854688
4067 0.854938
4068 0.855062
4069 0.855437
4070 0.852
4071 0.852125
4072 0.85275
4073 0.85175
4074 0.852
4075 0.851688
4076 0.851125
4077 0.851875
4078 0.851812
4079 0.852625
4080 0.85275
4081 0.852812
4082 0.85275
4083 0.852563
4084 0.853187
4085 0.85275
4086 0.852437
4087 0.85225
4088 0.852062
4089 0.851875
4090 0.852
4091 0.852938
4092 0.85275
4093 0.852
4094 0.851688
4095 0.855062
4096 0.853812
4097 0.853437
4098 0.854625
4099 0.854375
4100 0.854688
4101 0.8545
4102 0.853875
4103 0.8535
4104 0.853437
4105 0.85425
4106 0.8545
4107 0.854688
4108 0.854313
4109 0.854
4110 0.854688
4111 0.854563
4112 0.854313
4113 0.853938
4114 0.854437
4115 0.855062
4116 0.855
4117 0.855563
4118 0.855
4119 0.855062
4120 0.855688
4121 0.85575
4122 0.855375
4123 0.855625
4124 0.856875
4125 0.857062
4126 0.855938
4127 0.855375
4128 0.854812
4129 0.855062
4130 0.855437
4131 0.854375
4132 0.855
4133 0.854563
4134 0.854688
4135 0.854688
4136 0.854563
4137 0.854125
4138 0.855313
4139 0.855187
4140 0.854938
4141 0.854688
4142 0.8555
4143 0.854875
4144 0.854062
4145 0.855375
4146 0.85375
4147 0.852437
4148 0.85275
4149 0.852375
4150 0.85075
4151 0.851125
4152 0.852062
4153 0.850437
4154 0.850063
4155 0.84975
4156 0.850562
4157 0.84975
4158 0.850688
4159 0.849812
4160 0.851375
4161 0.85
4162 0.850187
4163 0.849688
4164 0.850625
4165 0.85025
4166 0.850437
4167 0.851
4168 0.852437
4169 0.851063
4170 0.852313
4171 0.850625
4172 0.851375
4173 0.85025
4174 0.849562
4175 0.849688
4176 0.851
4177 0.851
4178 0.854688
4179 0.854062
4180 0.855688
4181 0.854688
4182 0.855437
4183 0.855875
4184 0.854812
4185 0.854812
4186 0.858
4187 0.858625
4188 0.859
4189 0.859563
4190 0.86075
4191 0.862625
4192 0.86525
4193 0.865125
4194 0.865
4195 0.867
4196 0.8645
4197 0.868375
4198 0.866625
4199 0.865812
4200 0.867062
4201 0.863812
4202 0.861875
4203 0.861812
4204 0.86175
4205 0.861688
4206 0.864
4207 0.865688
4208 0.86325
4209 0.866187
4210 0.866375
4211 0.867375
4212 0.864875
4213 0.866938
4214 0.871563
4215 0.871062
4216 0.872188
4217 0.87325
4218 0.870563
4219 0.872
4220 0.875375
4221 0.872188
4222 0.87725
4223 0.87725
4224 0.879563
4225 0.878437
4226 0.882437
4227 0.883563
4228 0.882437
4229 0.884312
4230 0.887188
4231 0.890687
4232 0.888125
4233 0.893
4234 0.894125
4235 0.899375
4236 0.897938
4237 0.90175
4238 0.902687
4239 0.901875
4240 0.904875
4241 0.901375
4242 0.899875
4243 0.896312
4244 0.8925
4245 0.893875
4246 0.890625
4247 0.890125
4248 0.888
4249 0.88725
4250 0.881938
4251 0.882062
4252 0.882188
4253 0.883312
4254 0.882062
4255 0.884375
4256 0.88125
4257 0.8835
4258 0.88175
4259 0.88475
4260 0.885625
4261 0.884938
4262 0.886625
4263 0.882875
4264 0.886375
4265 0.890875
4266 0.8945
4267 0.894375
4268 0.899188
4269 0.8995
4270 0.899188
4271 0.905813
4272 0.906312
4273 0.906312
4274 0.9075
4275 0.908687
4276 0.90775
4277 0.912563
4278 0.909937
4279 0.9115
4280 0.914062
4281 0.911062
4282 0.913875
4283 0.917
4284 0.91525
4285 0.917312
4286 0.918312
4287 0.918
4288 0.920562
4289 0.920937
4290 0.919813
4291 0.918188
4292 0.918813
4293 0.917
4294 0.907937
4295 0.90025
4296 0.903438
4297 0.896938
4298 0.895625
4299 0.892188
4300 0.895125
4301 0.893375
4302 0.89275
4303 0.895375
4304 0.895813
4305 0.895875
4306 0.892375
4307 0.89525
4308 0.8895
4309 0.891625
4310 0.8915
4311 0.886062
4312 0.88275
4313 0.881188
4314 0.882812
4315 0.882125
4316 0.880938
4317 0.876563
4318 0.87275
4319 0.86625
4320 0.86575
4321 0.862938
4322 0.8625
4323 0.855938
4324 0.840875
4325 0.83125
4326 0.831313
4327 0.826625
4328 0.803687
4329 0.796125
4330 0.781813
4331 0.780937
4332 0.782625
4333 0.776937
4334 0.771375
4335 0.767875
4336 0.767938
4337 0.762
4338 0.765625
4339 0.764
4340 0.763375
4341 0.761813
4342 0.762125
4343 0.768563
4344 0.767188
4345 0.741625
4346 0.735938
4347 0.740875
4348 0.746
4349 0.747875
4350 0.748938
4351 0.7525
4352 0.745313
4353 0.744437
4354 0.746875
4355 0.741313
4356 0.742563
4357 0.7375
4358 0.733875
4359 0.7295
4360 0.731187
4361 0.729313
4362 0.729
4363 0.727875
4364 0.725938
4365 0.72725
4366 0.7205
4367 0.720562
4368 0.721187
4369 0.72
4370 0.716313
4371 0.71425
4372 0.7195
4373 0.718688
4374 0.722187
4375 0.717313
4376 0.719313
4377 0.720063
4378 0.7225
4379 0.693375
4380 0.693
4381 0.697562
4382 0.6975
4383 0.694
4384 0.692813
4385 0.688813
4386 0.685813
4387 0.681
4388 0.673438
4389 0.670687
4390 0.667562
4391 0.660875
4392 0.661
4393 0.654813
4394 0.623062
4395 0.621875
4396 0.616437
4397 0.612125
4398 0.609
4399 0.59775
4400 0.5965
4401 0.594187
4402 0.58675
4403 0.577625
4404 0.575562
4405 0.567562
4406 0.555875
4407 0.5545
4408 0.547
4409 0.52975
4410 0.532375
4411 0.529875
4412 0.518875
4413 0.5165
4414 0.535375
4415 0.53775
4416 0.534438
4417 0.552813
4418 0.564438
4419 0.565438
4420 0.566625
4421 0.59
4422 0.591375
4423 0.591063
4424 0.607437
4425 0.609688
4426 0.615125
4427 0.613812
4428 0.614688
4429 0.615875
4430 0.618625
4431 0.61425
4432 0.610938
4433 0.615563
4434 0.611938
4435 0.60925
4436 0.604812
4437 0.603625
4438 0.598625
4439 0.591437
4440 0.590063
4441 0.595125
4442 0.598562
4443 0.600812
4444 0.601812
4445 0.598313
4446 0.606437
4447 0.60975
4448 0.618812
4449 0.623125
4450 0.624687
4451 0.627625
4452 0.62275
4453 0.617125
4454 0.618938
4455 0.61875
4456 0.61725
4457 0.6155
4458 0.619062
4459 0.6185
4460 0.618812
4461 0.6225
4462 0.619687
4463 0.624938
4464 0.626563
4465 0.628875
4466 0.629812
4467 0.632812
4468 0.6435
4469 0.649563
4470 0.651
4471 0.66175
4472 0.666375
4473 0.671937
4474 0.686375
4475 0.694875
4476 0.680562
4477 0.681312
4478 0.688
4479 0.660563
4480 0.659875
4481 0.659312
4482 0.661937
4483 0.625625
4484 0.627188
4485 0.625313
4486 0.623125
4487 0.595125
4488 0.594313
4489 0.594375
4490 0.593125
4491 0.591812
4492 0.59725
4493 0.594063
4494 0.593875
4495 0.5915
4496 0.600938
4497 0.60025
4498 0.606875
4499 0.614938
4500 0.619875
4501 0.628687
4502 0.6335
4503 0.635125
4504 0.663188
4505 0.678937
4506 0.677
4507 0.698313
4508 0.70775
4509 0.710625
4510 0.737437
4511 0.749188
4512 0.754188
4513 0.775937
4514 0.787875
4515 0.793625
4516 0.82075
4517 0.832438
4518 0.836313
4519 0.845938
4520 0.858812
4521 0.8615
4522 0.86575
4523 0.867313
4524 0.869188
4525 0.882625
4526 0.888875
4527 0.889875
4528 0.895813
4529 0.909188
4530 0.908563
4531 0.90975
4532 0.915375
4533 0.91425
4534 0.917687
4535 0.919687
4536 0.922625
4537 0.9225
4538 0.92275
4539 0.926063
4540 0.924375
4541 0.924687
4542 0.924188
4543 0.924125
4544 0.927063
4545 0.929438
4546 0.927687
4547 0.923063
4548 0.919875
4549 0.923
4550 0.918
4551 0.916312
4552 0.910188
4553 0.908188
4554 0.90325
4555 0.901438
4556 0.899563
4557 0.895938
4558 0.882188
4559 0.872062
4560 0.869938
4561 0.859812
4562 0.851875
4563 0.851812
4564 0.852437
4565 0.809875
4566 0.806625
4567 0.802312
4568 0.8085
4569 0.804875
4570 0.803063
4571 0.74825
4572 0.745563
4573 0.740062
4574 0.730125
4575 0.725688
4576 0.718812
4577 0.715125
4578 0.70875
4579 0.70425
4580 0.69775
4581 0.696438
4582 0.687312
4583 0.690438
4584 0.691
4585 0.688187
4586 0.688375
4587 0.691688
4588 0.695438
4589 0.69075
4590 0.692937
4591 0.701375
4592 0.722375
4593 0.73075
4594 0.743313
4595 0.751812
4596 0.754938
4597 0.757687
4598 0.756
4599 0.756
4600 0.760625
4601 0.760563
4602 0.7605
4603 0.754375
4604 0.752812
4605 0.75175
4606 0.7535
4607 0.752062
4608 0.753938
4609 0.75025
4610 0.75025
4611 0.74975
4612 0.755687
4613 0.753437
4614 0.752625
4615 0.749062
4616 0.748812
4617 0.743625
4618 0.742437
4619 0.739375
4620 0.708063
4621 0.702625
4622 0.703688
4623 0.699438
4624 0.606688
4625 0.599125
4626 0.593187
4627 0.585688
4628 0.579313
4629 0.571625
4630 0.572562
4631 0.577562
4632 0.581375
4633 0.580438
4634 0.591562
4635 0.596625
4636 0.593938
4637 0.597313
4638 0.59825
4639 0.629
4640 0.654062
4641 0.663438
4642 0.676937
4643 0.692
4644 0.695688
4645 0.705438
4646 0.714437
4647 0.718875
4648 0.724375
4649 0.72575
4650 0.726063
4651 0.727375
4652 0.729062
4653 0.7315
4654 0.73275
4655 0.73125
4656 0.734
4657 0.730125
4658 0.734812
4659 0.733625
4660 0.693312
4661 0.687312
4662 0.679875
4663 0.672937
4664 0.667125
4665 0.663125
4666 0.657375
4667 0.653875
4668 0.653875
4669 0.653875
4670 0.622938
4671 0.626
4672 0.629375
4673 0.63
4674 0.630437
4675 0.6275
4676 0.564
4677 0.5595
4678 0.554562
4679 0.552125
4680 0.497125
4681 0.481938
4682 0.469
4683 0.460562
4684 0.45025
4685 0.400313
4686 0.398
4687 0.3775
4688 0.377188
4689 0.37625
4690 0.36975
4691 0.373
4692 0.372625
4693 0.371188
4694 0.3705
4695 0.3695
4696 0.368937
4697 0.364438
4698 0.36825
4699 0.371875
4700 0.378812
4701 0.378188
4702 0.378
4703 0.38175
4704 0.383813
4705 0.389062
4706 0.392125
4707 0.394125
4708 0.391688
4709 0.393313
4710 0.391062
4711 0.413813
4712 0.430437
4713 0.43725
4714 0.4735
4715 0.484375
4716 0.4925
4717 0.507437
4718 0.536188
4719 0.544312
4720 0.57
4721 0.575438
4722 0.58175
4723 0.58075
4724 0.581125
4725 0.587375
4726 0.578438
4727 0.585562
4728 0.587
4729 0.583875
4730 0.5515
4731 0.545312
4732 0.538188
4733 0.54125
4734 0.539375
4735 0.52975
4736 0.526687
4737 0.519625
4738 0.51
4739 0.496063
4740 0.49675
4741 0.480875
4742 0.474938
4743 0.468938
4744 0.463313
4745 0.445188
4746 0.41275
4747 0.406
4748 0.397125
4749 0.39
4750 0.360125
4751 0.345625
4752 0.342187
4753 0.331
4754 0.304063
4755 0.303625
4756 0.290125
4757 0.27875
4758 0.27675
4759 0.266
4760 0.25125
4761 0.245938
4762 0.234125
4763 0.2265
4764 0.221938
4765 0.211
4766 0.19675
4767 0.191438
4768 0.176125
4769 0.16975
4770 0.166187
4771 0.15625
4772 0.148187
4773 0.14375
4774 0.135687
4775 0.1295
4776 0.12275
4777 0.111125
4778 0.099125
4779 0.09575
4780 0.086375
4781 0.0783125
4782 0.076
4783 0.071
4784 0.0671875
4785 0.0615
4786 0.0544375
4787 0.048125
4788 0.0448125
4789 0.0385
4790 0.0315625
4791 0.027
4792 0.021875
4793 0.0174375
4794 0.0158125
4795 0.0126875
4796 0.0089375
4797 0.007625
4798 0.0045625
4799 0.0023125
4800 0.000875
4801 0.0006875
4802 0.000875
4803 0.0008125
4804 0.0006875
4805 0.0006875
4806 0.0008125
4807 0.00075
4808 0.00075
4809 0.000625
4810 0.0005625
4811 0.0003125
4812 0.0003125
4813 0.0003125
4814 0.000375
4815 0.0004375
4816 0.0004375
4817 0.000625
4818 0.0005625
4819 0.0005
4820 0.0005
4821 0.0005625
4822 0.0004375
4823 0.0003125
4824 0.000375
4825 0.000375
4826 0.0005
4827 0.000625
4828 0.0005
4829 0.0004375
4830 0.000375
4831 0.000375
4832 0.0005
4833 0.0004375
4834 0.002875
4835 0.00275
4836 0.002625
4837 0.0028125
4838 0.0029375
4839 0.002875
4840 0.00325
4841 0.0031875
4842 0.00325
4843 0.0033125
4844 0.003125
4845 0.0035625
4846 0.003375
4847 0.0035625
4848 0.0034375
4849 0.0038125
4850 0.0036875
4851 0.003875
4852 0.003875
4853 0.00375
4854 0.0036875
4855 0.004
4856 0.0043125
4857 0.004375
4858 0.0044375
4859 0.0041875
4860 0.004375
4861 0.00425
4862 0.004125
4863 0.0041875
4864 0.0036875
4865 0.0035625
4866 0.0035
4867 0.003375
4868 0.003375
4869 0.0031875
4870 0.003125
4871 0.002625
4872 0.0028125
4873 0.0028125
4874 0.00275
4875 0.002625
4876 0.002375
4877 0.002375
4878 0.0021875
4879 0.002125
4880 0.002
4881 0.002
4882 0.002
4883 0.0021875
4884 0.002375
4885 0.00275
4886 0.002625
4887 0.0028125
4888 0.00275
4889 0.002625
4890 0.0025
4891 0.0021875
4892 0.0021875
4893 0.00225
4894 0.0023125
4895 0.0019375
4896 0.0019375
4897 0.0016875
4898 0.001375
4899 0.0008125
4900 0.0008125
4901 0.0008125
4902 0.0006875
4903 0.000625
4904 0.0005625
4905 0.0005625
4906 0.0005625
4907 0.0005625
4908 0.0004375
4909 0.0001875
4910 0.000125
4911 0.000125
4912 0.000125
4913 0.000125
4914 0.000125
4915 0.000125
4916 0.001875
4917 0.0126875
4918 0.025375
4919 0.030375
4920 0.039625
4921 0.0439375
4922 0.0460625
4923 0.047375
4924 0.0504375
4925 0.050125
4926 0.0590625
4927 0.0740625
4928 0.0798125
4929 0.091875
4930 0.102
4931 0.107125
4932 0.113375
4933 0.11825
4934 0.11775
4935 0.119188
4936 0.1215
4937 0.121938
4938 0.123875
4939 0.128125
4940 0.130062
4941 0.13025
4942 0.130625
4943 0.132062
4944 0.130625
4945 0.131438
4946 0.129812
4947 0.130688
4948 0.134563
4949 0.129438
4950 0.127312
4951 0.122688
4952 0.119
4953 0.113125
4954 0.107438
4955 0.107625
4956 0.097375
4957 0.094125
4958 0.09325
4959 0.0890625
4960 0.0848125
4961 0.084
4962 0.08325
4963 0.0785
4964 0.0743125
4965 0.0675
4966 0.0653125
4967 0.06775
4968 0.07175
4969 0.0760625
4970 0.0810625
4971 0.0863125
4972 0.090375
4973 0.094875
4974 0.100812
4975 0.110562
4976 0.113625
4977 0.118
4978 0.1175
4979 0.117438
4980 0.1145
4981 0.110812
4982 0.113062
4983 0.110937
4984 0.108938
4985 0.111875
4986 0.111875
4987 0.11
4988 0.110125
4989 0.108063
4990 0.10975
4991 0.1095
4992 0.109313
4993 0.108375
4994 0.107938
4995 0.107188
4996 0.106688
4997 0.106313
4998 0.107063
4999 0.109375
5000 0.107875
5001 0.104438
5002 0.098625
5003 0.0970625
5004 0.093875
5005 0.090375
5006 0.08825
5007 0.0876875
5008 0.0860625
5009 0.0840625
5010 0.081
5011 0.0771875
5012 0.0721875
5013 0.0660625
5014 0.058625
5015 0.056875
5016 0.05075
5017 0.0445
5018 0.0418125
5019 0.032625
5020 0.0315
5021 0.031625
5022 0.03275
5023 0.0305
5024 0.028375
5025 0.0276875
5026 0.024375
5027 0.023875
5028 0.0209375
5029 0.018
5030 0.01725
5031 0.0163125
5032 0.0165
5033 0.016125
5034 0.0173125
5035 0.0165625
5036 0.01725
5037 0.017625
5038 0.0174375
5039 0.0178125
5040 0.0175625
5041 0.019125
5042 0.01775
5043 0.0185625
5044 0.018625
5045 0.0181875
5046 0.01925
5047 0.02025
5048 0.0223125
5049 0.0255625
5050 0.0295
5051 0.032
5052 0.0384375
5053 0.045
5054 0.0494375
5055 0.0564375
5056 0.0641875
5057 0.0681875
5058 0.07425
5059 0.0903125
5060 0.096
5061 0.104875
5062 0.11475
5063 0.124938
5064 0.13725
5065 0.150312
5066 0.157875
5067 0.168437
5068 0.185875
5069 0.190938
5070 0.204813
5071 0.220938
5072 0.227313
5073 0.239063
5074 0.25025
5075 0.255563
5076 0.261062
5077 0.268313
5078 0.268562
5079 0.267875
5080 0.27
5081 0.269313
5082 0.267688
5083 0.262625
5084 0.25975
5085 0.255375
5086 0.238625
5087 0.236937
5088 0.23175
5089 0.213812
5090 0.212
5091 0.205313
5092 0.189
5093 0.184062
5094 0.181062
5095 0.176563
5096 0.176687
5097 0.176875
5098 0.168437
5099 0.164875
5100 0.157062
5101 0.1525
5102 0.148125
5103 0.139625
5104 0.130812
5105 0.126438
5106 0.119375
5107 0.112062
5108 0.110375
5109 0.0994375
5110 0.0965
5111 0.097625
5112 0.093125
5113 0.09025
5114 0.0925625
5115 0.0843125
5116 0.083375
5117 0.0806875
5118 0.073625
5119 0.062625
5120 0.062125
5121 0.05125
5122 0.0414375
5123 0.036375
5124 0.027375
5125 0.0183125
5126 0.0151875
5127 0.009
5128 0.0039375
5129 0.0020625
5130 0.0005
5131 0.0004375
5132 0.000375
5133 0.000375
5134 0.0005
5135 0.0005
5136 0.000375
5137 0.000375
5138 0.000375
5139 0.0004375
5140 0.000375
5141 0.000375
5142 0.0004375
5143 0.000375
5144 0.000375
5145 0.000375
5146 0.000375
5147 0.0004375
5148 0.0004375
5149 0.0004375
5150 0.0004375
5151 0.000375
5152 0.000375
5153 0.000375
5154 0.000375
5155 0.000375
5156 0.0004375
5157 0.0004375
5158 0.0004375
5159 0.0005625
5160 0.0005
5161 0.0005
5162 0.0003125
5163 0.000375
5164 0.0003125
5165 0.00025
5166 0.0003125
5167 0.0003125
5168 0.0003125
5169 0.00025
5170 0.00025
5171 0.00025
5172 0.0003125
5173 0.0003125
5174 0.00025
5175 0.00025
5176 0.00025
5177 0.00025
5178 0.00025
5179 0.00025
5180 0.00025
5181 0.00025
5182 0.00025
5183 0.00025
5184 0.000125
5185 0.000125
5186 0.000125
5187 0.000125
5188 0.000125
5189 6.25e-05
5190 6.25e-05
5191 6.25e-05
5192 0
5193 0
5194 0
5195 0.000375
5196 0.000375
5197 0.000375
5198 0.000375
5199 0.0003125
5200 0.00025
5201 0.00025
5202 0.000375
5203 0.000375
5204 0.0003125
5205 0.0003125
5206 0.0003125
5207 0.0003125
5208 0.0003125
5209 0.00025
5210 0.00025
5211 0.000125
5212 0.000125
5213 0.000125
5214 0.0001875
5215 0.00025
5216 0.0001875
5217 0.0001875
5218 0.0001875
5219 0.0001875
5220 0.0004375
5221 0.000125
5222 0.000125
5223 6.25e-05
5224 0.000125
5225 0.000125
5226 0.000125
5227 6.25e-05
5228 6.25e-05
5229 6.25e-05
5230 0.000125
5231 0.0001875
5232 0.0001875
5233 0.00025
5234 0.00025
5235 0.00025
5236 0.00025
5237 0.00025
5238 0.00025
5239 0.00025
5240 0.00025
5241 0.00025
5242 0.00025
5243 0.00025
5244 0.00025
5245 0.0001875
5246 0.0001875
5247 0.000125
5248 0.0001875
5249 0.0001875
5250 0.0001875
5251 0.0001875
5252 0.00025
5253 0.0001875
5254 0.0001875
5255 0.0001875
5256 0.000125
5257 0.0051875
5258 0.014875
5259 0.020625
5260 0.0316875
5261 0.0405
5262 0.0463125
5263 0.0521875
5264 0.0598125
5265 0.0618125
5266 0.0618125
5267 0.0665
5268 0.0673125
5269 0.071
5270 0.073
5271 0.0738125
5272 0.0735625
5273 0.074125
5274 0.073625
5275 0.07475
5276 0.074125
5277 0.073375
5278 0.0755625
5279 0.0745
5280 0.0740625
5281 0.075
5282 0.075
5283 0.0753125
5284 0.0751875
5285 0.076375
5286 0.0763125
5287 0.0759375
5288 0.076875
5289 0.0819375
5290 0.0909375
5291 0.102813
5292 0.110875
5293 0.119813
5294 0.130188
5295 0.136563
5296 0.143187
5297 0.153625
5298 0.155375
5299 0.160188
5300 0.164062
5301 0.16675
5302 0.169625
5303 0.18275
5304 0.18725
5305 0.190812
5306 0.193875
5307 0.192938
5308 0.194062
5309 0.195375
5310 0.198063
5311 0.195813
5312 0.194812
5313 0.193125
5314 0.193812
5315 0.191812
5316 0.19375
5317 0.1915
5318 0.19025
5319 0.188188
5320 0.195563
5321 0.192375
5322 0.193625
5323 0.188375
5324 0.185188
5325 0.18675
5326 0.182438
5327 0.179875
5328 0.183062
5329 0.188062
5330 0.194938
5331 0.19975
5332 0.206063
5333 0.21375
5334 0.217625
5335 0.224625
5336 0.227
5337 0.227875
5338 0.23
5339 0.227437
5340 0.228437
5341 0.227813
5342 0.228937
5343 0.227375
5344 0.2295
5345 0.226813
5346 0.226188
5347 0.228
5348 0.227125
5349 0.2265
5350 0.227875
5351 0.230875
5352 0.233
5353 0.244438
5354 0.257
5355 0.263562
5356 0.275687
5357 0.288438
5358 0.293312
5359 0.303687
5360 0.311125
5361 0.310812
5362 0.31525
5363 0.308125
5364 0.30775
5365 0.305125
5366 0.30275
5367 0.303687
5368 0.297563
5369 0.29625
5370 0.294438
5371 0.295187
5372 0.293312
5373 0.29325
5374 0.293375
5375 0.2935
5376 0.294312
5377 0.293438
5378 0.295125
5379 0.295312
5380 0.295
5381 0.295125
5382 0.294625
5383 0.295125
5384 0.294375
5385 0.295438
5386 0.301
5387 0.303938
5388 0.304187
5389 0.307312
5390 0.312563
5391 0.31375
5392 0.317312
5393 0.321
5394 0.321625
5395 0.326437
5396 0.33025
5397 0.331125
5398 0.330062
5399 0.330937
5400 0.331562
5401 0.333
5402 0.332875
5403 0.332875
5404 0.332375
5405 0.331
5406 0.33475
5407 0.33375
5408 0.334313
5409 0.335
5410 0.336562
5411 0.335562
5412 0.334625
5413 0.335188
5414 0.335313
5415 0.334062
5416 0.33925
5417 0.346125
5418 0.350313
5419 0.356875
5420 0.368
5421 0.369188
5422 0.3725
5423 0.380188
5424 0.383188
5425 0.38575
5426 0.390188
5427 0.389813
5428 0.392313
5429 0.393188
5430 0.394125
5431 0.394875
5432 0.396625
5433 0.396437
5434 0.400625
5435 0.401938
5436 0.404125
5437 0.404
5438 0.406562
5439 0.407187
5440 0.411813
5441 0.414
5442 0.417687
5443 0.421687
5444 0.425
5445 0.426938
5446 0.427812
5447 0.434625
5448 0.434
5449 0.441063
5450 0.4445
5451 0.445813
5452 0.45075
5453 0.451125
5454 0.451375
5455 0.452062
5456 0.454
5457 0.455
5458 0.453437
5459 0.451437
5460 0.450688
5461 0.450688
5462 0.455562
5463 0.455813
5464 0.45525
5465 0.454375
5466 0.454875
5467 0.454625
5468 0.455062
5469 0.454062
5470 0.454813
5471 0.455125
5472 0.454437
5473 0.450125
5474 0.45
5475 0.44925
5476 0.446625
5477 0.44575
5478 0.448437
5479 0.447562
5480 0.451813
5481 0.451375
5482 0.455375
5483 0.456813
5484 0.458062
5485 0.461
5486 0.4665
5487 0.467
5488 0.4705
5489 0.4745
5490 0.475125
5491 0.478938
5492 0.482563
5493 0.485563
5494 0.49
5495 0.503375
5496 0.503875
5497 0.507625
5498 0.5115
5499 0.517813
5500 0.522125
5501 0.529563
5502 0.540562
5503 0.550063
5504 0.553813
5505 0.558125
5506 0.560875
5507 0.576875
5508 0.578625
5509 0.585812
5510 0.599187
5511 0.604313
5512 0.612062
5513 0.615875
5514 0.617625
5515 0.62325
5516 0.627
5517 0.629313
5518 0.631625
5519 0.637312
5520 0.675188
5521 0.6805
5522 0.683875
5523 0.684813
5524 0.690312
5525 0.696438
5526 0.699812
5527 0.704
5528 0.7115
5529 0.723063
5530 0.742188
5531 0.758687
5532 0.765875
5533 0.775
5534 0.783687
5535 0.791687
5536 0.7975
5537 0.800188
5538 0.806063
5539 0.806312
5540 0.810625
5541 0.810562
5542 0.810875
5543 0.81325
5544 0.810937
5545 0.845187
5546 0.846562
5547 0.848875
5548 0.847375
5549 0.847
5550 0.847625
5551 0.844625
5552 0.84725
5553 0.845562
5554 0.843437
5555 0.843437
5556 0.841938
5557 0.844
5558 0.84425
5559 0.842437
5560 0.84275
5561 0.842125
5562 0.840375
5563 0.83775
5564 0.837063
5565 0.839
5566 0.8415
5567 0.83925
5568 0.837187
5569 0.834
5570 0.836187
5571 0.8345
5572 0.835125
5573 0.835063
5574 0.833812
5575 0.836562
5576 0.835688
5577 0.834
5578 0.833438
5579 0.832
5580 0.831375
5581 0.829187
5582 0.831
5583 0.829562
5584 0.831438
5585 0.831562
5586 0.833375
5587 0.839125
5588 0.848
5589 0.851938
5590 0.860313
5591 0.859688
5592 0.864938
5593 0.866625
5594 0.866313
5595 0.877687
5596 0.878062
5597 0.878437
5598 0.87925
5599 0.877687
5600 0.87625
5601 0.877625
5602 0.875625
5603 0.875375
5604 0.87675
5605 0.877188
5606 0.877687
5607 0.875563
5608 0.876938
5609 0.876062
5610 0.876313
5611 0.874563
5612 0.873188
5613 0.873875
5614 0.873375
5615 0.873437
5616 0.870812
5617 0.870625
5618 0.872
5619 0.872
5620 0.874
5621 0.874437
5622 0.873437
5623 0.874437
5624 0.875062
5625 0.875062
5626 0.87525
5627 0.875375
5628 0.87525
5629 0.874125
5630 0.875188
5631 0.87425
5632 0.874062
5633 0.875375
5634 0.876062
5635 0.874687
5636 0.876188
5637 0.87475
5638 0.875188
5639 0.875687
5640 0.8745
5641 0.875938
5642 0.876875
5643 0.87775
5644 0.877062
5645 0.876687
5646 0.875812
5647 0.877062
5648 0.876875
5649 0.877875
5650 0.877812
5651 0.87875
5652 0.878188
5653 0.87775
5654 0.876375
5655 0.876375
5656 0.875563
5657 0.874125
5658 0.874375
5659 0.875188
5660 0.8755
5661 0.875812
5662 0.874938
5663 0.875375
5664 0.876437
5665 0.874125
5666 0.87625
5667 0.875062
5668 0.876625
5669 0.875563
5670 0.87425
5671 0.874687
5672 0.876062
5673 0.874938
5674 0.874375
5675 0.87425
5676 0.87475
5677 0.874938
5678 0.876
5679 0.874812
5680 0.874938
5681 0.875313
5682 0.875313
5683 0.875563
5684 0.87525
5685 0.876125
5686 0.875875
5687 0.876938
5688 0.876
5689 0.877563
5690 0.876375
5691 0.876563
5692 0.877313
5693 0.877062
5694 0.877125
5695 0.876188
5696 0.875563
5697 0.875875
5698 0.876375
5699 0.875875
5700 0.87575
5701 0.874062
5702 0.874938
5703 0.873875
5704 0.872938
5705 0.874062
5706 0.873
5707 0.87375
5708 0.874188
5709 0.874188
5710 0.874188
5711 0.873875
5712 0.871938
5713 0.871125
5714 0.87125
5715 0.870188
5716 0.870125
5717 0.8695
5718 0.869375
5719 0.869
5720 0.865187
5721 0.864563
5722 0.864375
5723 0.864437
5724 0.864125
5725 0.86475
5726 0.864437
5727 0.86425
5728 0.86425
5729 0.865125
5730 0.864938
5731 0.864812
5732 0.864313
5733 0.863875
5734 0.863
5735 0.862812
5736 0.863625
5737 0.863125
