1 0.0755374
2 0.0730277
3 0.0746648
4 0.0785346
5 0.0838283
6 0.0872687
7 0.0924044
8 0.100161
9 0.10259
10 0.105061
11 0.106986
12 0.107709
13 0.109249
14 0.111416
15 0.111288
16 0.113197
17 0.114199
18 0.11426
19 0.114834
20 0.11564
21 0.116133
22 0.116307
23 0.116787
24 0.11726
25 0.120053
26 0.123277
27 0.124355
28 0.127404
29 0.130731
30 0.130036
31 0.130332
32 0.131058
33 0.131238
34 0.130989
35 0.13072
36 0.13141
37 0.130859
38 0.130751
39 0.131263
40 0.13187
41 0.131936
42 0.132432
43 0.133125
44 0.133482
45 0.136421
46 0.135526
47 0.135454
48 0.135407
49 0.135753
50 0.135501
51 0.136011
52 0.135848
53 0.135343
54 0.135064
55 0.134598
56 0.133986
57 0.133632
58 0.133139
59 0.132717
60 0.132471
61 0.132601
62 0.132216
63 0.132075
64 0.132338
65 0.132634
66 0.133271
67 0.133875
68 0.133712
69 0.134014
70 0.134416
71 0.134942
72 0.135759
73 0.137335
74 0.138953
75 0.13962
76 0.140427
77 0.14085
78 0.141476
79 0.142271
80 0.144845
81 0.146391
82 0.14926
83 0.154197
84 0.158247
85 0.165737
86 0.172501
87 0.176105
88 0.183044
89 0.190064
90 0.192485
91 0.199634
92 0.202884
93 0.202839
94 0.202945
95 0.204543
96 0.205233
97 0.205535
98 0.206222
99 0.206839
100 0.20746
101 0.207956
102 0.207906
103 0.208543
104 0.207972
105 0.20723
106 0.205615
107 0.209086
108 0.210291
109 0.213416
110 0.21777
111 0.219892
112 0.224814
113 0.22874
114 0.230008
115 0.234305
116 0.238324
117 0.239643
118 0.240981
119 0.240864
120 0.239003
121 0.238427
122 0.238421
123 0.237765
124 0.238055
125 0.238175
126 0.237507
127 0.238612
128 0.240094
129 0.240812
130 0.241454
131 0.244086
132 0.244355
133 0.248759
134 0.249615
135 0.250543
136 0.252191
137 0.254072
138 0.255468
139 0.255778
140 0.256366
141 0.256075
142 0.254241
143 0.253909
144 0.252776
145 0.252687
146 0.251075
147 0.250709
148 0.248457
149 0.247111
150 0.246072
151 0.244532
152 0.24333
153 0.243155
154 0.242172
155 0.240817
156 0.239914
157 0.237507
158 0.235917
159 0.23554
160 0.233989
161 0.233659
162 0.232504
163 0.231086
164 0.229942
165 0.229501
166 0.228978
167 0.228789
168 0.228474
169 0.227945
170 0.229623
171 0.229169
172 0.228247
173 0.227078
174 0.226767
175 0.226416
176 0.22613
177 0.225704
178 0.224729
179 0.22492
180 0.225089
181 0.225127
182 0.224695
183 0.224471
184 0.224255
185 0.223222
186 0.222939
187 0.221496
188 0.221072
189 0.221136
190 0.221693
191 0.221859
192 0.221584
193 0.220994
194 0.220986
195 0.221668
196 0.221626
197 0.221776
198 0.221673
199 0.221438
200 0.221645
201 0.221875
202 0.222028
203 0.22236
204 0.222684
205 0.223003
206 0.222499
207 0.222133
208 0.22195
209 0.221889
210 0.221875
211 0.222288
212 0.222144
213 0.222094
214 0.221582
215 0.221723
216 0.221443
217 0.221102
218 0.221028
219 0.221147
220 0.221748
221 0.221565
222 0.221078
223 0.220942
224 0.220668
225 0.220515
226 0.220695
227 0.220579
228 0.220554
229 0.220271
230 0.220296
231 0.220188
232 0.220141
233 0.22056
234 0.220612
235 0.220964
236 0.220922
237 0.220659
238 0.220604
239 0.219867
240 0.219222
241 0.219521
242 0.220609
243 0.220657
244 0.221211
245 0.220806
246 0.220734
247 0.220701
248 0.220579
249 0.220227
250 0.219939
251 0.219715
252 0.219416
253 0.218989
254 0.218795
255 0.218767
256 0.218889
257 0.218884
258 0.218817
259 0.218928
260 0.218676
261 0.218499
262 0.21815
263 0.218659
264 0.218565
265 0.218421
266 0.218266
267 0.218025
268 0.217864
269 0.217922
270 0.218102
271 0.217961
272 0.21764
273 0.217471
274 0.217679
275 0.217936
276 0.217792
277 0.216947
278 0.216526
279 0.216028
280 0.216006
281 0.216033
282 0.216277
283 0.216407
284 0.216964
285 0.216873
286 0.217199
287 0.216343
288 0.216019
289 0.215427
290 0.214626
291 0.214371
292 0.214033
293 0.213798
294 0.213867
295 0.215125
296 0.215155
297 0.214936
298 0.214751
299 0.214571
300 0.214435
301 0.214443
302 0.214601
303 0.21438
304 0.214427
305 0.214341
306 0.21436
307 0.214368
308 0.214673
309 0.214684
310 0.215321
311 0.215645
312 0.215812
313 0.215673
314 0.217421
315 0.217637
316 0.217861
317 0.217576
318 0.217368
319 0.217222
320 0.219216
321 0.219036
322 0.21872
323 0.218673
324 0.21862
325 0.219175
326 0.219465
327 0.219319
328 0.219291
329 0.219277
330 0.219091
331 0.218756
332 0.21856
333 0.218557
334 0.218856
335 0.218787
336 0.218817
337 0.218789
338 0.218828
339 0.219141
340 0.219582
341 0.221598
342 0.222925
343 0.225155
344 0.227501
345 0.228812
346 0.231258
347 0.232565
348 0.232945
349 0.232903
350 0.232745
351 0.23249
352 0.23249
353 0.232255
354 0.231997
355 0.231715
356 0.23126
357 0.231211
358 0.231061
359 0.231219
360 0.23115
361 0.231019
362 0.231014
363 0.230659
364 0.230346
365 0.230479
366 0.230147
367 0.230086
368 0.229524
369 0.229465
370 0.228997
371 0.22844
372 0.22874
373 0.228271
374 0.227972
375 0.227906
376 0.227116
377 0.22718
378 0.226803
379 0.226271
380 0.226271
381 0.225934
382 0.225956
383 0.225845
384 0.226269
385 0.227427
386 0.228828
387 0.229986
388 0.23182
389 0.234986
390 0.236194
391 0.237332
392 0.238438
393 0.238443
394 0.239061
395 0.24215
396 0.242839
397 0.243019
398 0.24362
399 0.244139
400 0.244604
401 0.245501
402 0.245742
403 0.246776
404 0.248227
405 0.248222
406 0.249889
407 0.252399
408 0.252742
409 0.255097
410 0.256992
411 0.258274
412 0.261091
413 0.266169
414 0.268352
415 0.272809
416 0.276939
417 0.278618
418 0.283277
419 0.286637
420 0.289199
421 0.291964
422 0.296992
423 0.299341
424 0.30397
425 0.309848
426 0.311928
427 0.316909
428 0.321637
429 0.323496
430 0.329374
431 0.333825
432 0.336144
433 0.3421
434 0.347695
435 0.35082
436 0.355089
437 0.359407
438 0.360241
439 0.363529
440 0.366537
441 0.367163
442 0.371075
443 0.372848
444 0.374152
445 0.382958
446 0.384565
447 0.385127
448 0.386501
449 0.388967
450 0.38985
451 0.392706
452 0.394465
453 0.395787
454 0.398321
455 0.400626
456 0.40064
457 0.402609
458 0.40462
459 0.405114
460 0.406266
461 0.408263
462 0.408715
463 0.410338
464 0.411008
465 0.411343
466 0.411698
467 0.411488
468 0.411363
469 0.41195
470 0.417878
471 0.417911
472 0.418069
473 0.418055
474 0.418022
475 0.418474
476 0.417402
477 0.416399
478 0.416474
479 0.416172
480 0.416058
481 0.416291
482 0.416097
483 0.415618
484 0.416249
485 0.416152
486 0.415936
487 0.416064
488 0.41572
489 0.415332
490 0.414936
491 0.415302
492 0.415175
493 0.415582
494 0.415388
495 0.415906
496 0.416075
497 0.41644
498 0.416019
499 0.41892
500 0.423709
501 0.425942
502 0.432075
503 0.439726
504 0.444446
505 0.451742
506 0.457332
507 0.460366
508 0.465188
509 0.469884
510 0.471895
511 0.473742
512 0.474102
513 0.474244
514 0.477166
515 0.479404
516 0.480609
517 0.48528
518 0.49005
519 0.492676
520 0.507094
521 0.510247
522 0.512319
523 0.517249
524 0.521199
525 0.522936
526 0.526036
527 0.528485
528 0.530557
529 0.531263
530 0.532704
531 0.53233
532 0.53244
533 0.532205
534 0.532382
535 0.534488
536 0.534781
537 0.534529
538 0.534909
539 0.534568
540 0.534393
541 0.532416
542 0.533114
543 0.532598
544 0.53256
545 0.533083
546 0.532438
547 0.531881
548 0.531443
549 0.530859
550 0.529285
551 0.528338
552 0.527748
553 0.527654
554 0.52608
555 0.52592
556 0.524704
557 0.523418
558 0.52326
559 0.522535
560 0.522172
561 0.521438
562 0.520615
563 0.520105
564 0.518729
565 0.51797
566 0.517177
567 0.517424
568 0.516393
569 0.518931
570 0.516252
571 0.519053
572 0.520551
573 0.521388
574 0.525194
575 0.52867
576 0.530939
577 0.534623
578 0.539091
579 0.541205
580 0.545953
581 0.550967
582 0.553083
583 0.558075
584 0.5631
585 0.566274
586 0.571485
587 0.576199
588 0.579355
589 0.584144
590 0.589003
591 0.59136
592 0.595305
593 0.604526
594 0.606618
595 0.622765
596 0.631075
597 0.634726
598 0.639407
599 0.644729
600 0.647011
601 0.650817
602 0.655036
603 0.65567
604 0.657934
605 0.661194
606 0.663252
607 0.671992
608 0.678554
609 0.681083
610 0.686111
611 0.690252
612 0.691596
613 0.693518
614 0.695593
615 0.696086
616 0.696526
617 0.696637
618 0.696679
619 0.696637
620 0.707568
621 0.707931
622 0.708393
623 0.708241
624 0.707706
625 0.708119
626 0.707598
627 0.706875
628 0.706371
629 0.707191
630 0.708994
631 0.71026
632 0.712759
633 0.713429
634 0.713964
635 0.71456
636 0.716576
637 0.717127
638 0.717953
639 0.719102
640 0.719842
641 0.719853
642 0.720731
643 0.720615
644 0.721601
645 0.74123
646 0.741524
647 0.742357
648 0.743343
649 0.74464
650 0.746019
651 0.746964
652 0.747532
653 0.747953
654 0.748277
655 0.748831
656 0.749105
657 0.749363
658 0.749463
659 0.749573
660 0.749368
661 0.74882
662 0.748934
663 0.749648
664 0.749817
665 0.749637
666 0.749454
667 0.748524
668 0.748014
669 0.74777
670 0.747914
671 0.747681
672 0.747424
673 0.747238
674 0.746565
675 0.746565
676 0.746548
677 0.745878
678 0.746227
679 0.7459
680 0.746521
681 0.746673
682 0.746873
683 0.746388
684 0.746643
685 0.746407
686 0.74582
687 0.745584
688 0.745762
689 0.745778
690 0.745382
691 0.744942
692 0.744416
693 0.744529
694 0.744507
695 0.75133
696 0.750831
697 0.75074
698 0.750346
699 0.750197
700 0.749515
701 0.749271
702 0.748972
703 0.749008
704 0.749343
705 0.749909
706 0.752114
707 0.752133
708 0.752784
709 0.753889
710 0.755911
711 0.75754
712 0.758377
713 0.758994
714 0.759875
715 0.759499
716 0.761848
717 0.765598
718 0.77033
719 0.776371
720 0.818078
721 0.817532
722 0.817584
723 0.817596
724 0.818427
725 0.818612
726 0.81905
727 0.818526
728 0.817956
729 0.818543
730 0.818094
731 0.819393
732 0.820036
733 0.820042
734 0.822474
735 0.824313
736 0.826953
737 0.830177
738 0.831881
739 0.83203
740 0.835454
741 0.835443
742 0.837515
743 0.838155
744 0.838175
745 0.854416
746 0.855994
747 0.855709
748 0.856258
749 0.856565
750 0.857668
751 0.861873
752 0.862546
753 0.862657
754 0.862576
755 0.862413
756 0.863144
757 0.863499
758 0.865139
759 0.864017
760 0.863884
761 0.864006
762 0.865144
763 0.868645
764 0.869485
765 0.870208
766 0.870842
767 0.871942
768 0.872562
769 0.874086
770 0.886659
771 0.886712
772 0.886909
773 0.88705
774 0.887183
775 0.887269
776 0.887166
777 0.8871
778 0.886839
779 0.887086
780 0.887108
781 0.886812
782 0.886717
783 0.88662
784 0.886011
785 0.88554
786 0.885416
787 0.885479
788 0.885366
789 0.884839
790 0.884346
791 0.884235
792 0.883834
793 0.883127
794 0.882349
795 0.877956
796 0.878355
797 0.87803
798 0.877374
799 0.876839
800 0.875756
801 0.874903
802 0.872986
803 0.871094
804 0.871075
805 0.870421
806 0.869856
807 0.869476
808 0.868125
809 0.868648
810 0.868612
811 0.870914
812 0.872673
813 0.875003
814 0.879964
815 0.880343
816 0.881485
817 0.882338
818 0.883557
819 0.883493
820 0.885186
821 0.884731
822 0.884942
823 0.885687
824 0.885781
825 0.886158
826 0.886945
827 0.887222
828 0.887307
829 0.887105
830 0.887216
831 0.887681
832 0.888175
833 0.888283
834 0.888313
835 0.888033
836 0.888424
837 0.888238
838 0.88844
839 0.888859
840 0.888798
841 0.889006
842 0.889155
843 0.889454
844 0.889573
845 0.890238
846 0.890169
847 0.890288
848 0.890122
849 0.890125
850 0.89
851 0.890108
852 0.890197
853 0.890114
854 0.890177
855 0.889967
856 0.889853
857 0.889673
858 0.889643
859 0.889427
860 0.889346
861 0.889255
862 0.889277
863 0.889598
864 0.889695
865 0.88982
866 0.889861
867 0.889781
868 0.889914
869 0.889983
870 0.889014
871 0.889044
872 0.889211
873 0.889283
874 0.889355
875 0.88941
876 0.889385
877 0.889576
878 0.889488
879 0.88964
880 0.890058
881 0.889704
882 0.889776
883 0.889476
884 0.889565
885 0.889609
886 0.889565
887 0.889681
888 0.889842
889 0.889828
890 0.889726
891 0.889687
892 0.889393
893 0.889227
894 0.889224
895 0.88926
896 0.889349
897 0.88936
898 0.889335
899 0.889366
900 0.889407
901 0.889396
902 0.889332
903 0.889402
904 0.88941
905 0.889551
906 0.88972
907 0.889884
908 0.889873
909 0.889726
910 0.890119
911 0.890172
912 0.889983
913 0.890252
914 0.890357
915 0.890227
916 0.89046
917 0.890529
918 0.890435
919 0.890504
920 0.890222
921 0.890332
922 0.890562
923 0.890997
924 0.890903
925 0.890917
926 0.890704
927 0.89059
928 0.890693
929 0.890634
930 0.88833
931 0.888427
932 0.888493
933 0.888681
934 0.888601
935 0.888906
936 0.888873
937 0.888889
938 0.889008
939 0.889205
940 0.889341
941 0.889238
942 0.888842
943 0.888659
944 0.88874
945 0.888551
946 0.888352
947 0.888371
948 0.888532
949 0.888579
950 0.888438
951 0.888543
952 0.888576
953 0.888543
954 0.888524
955 0.889914
956 0.889856
957 0.889668
958 0.889781
959 0.889504
960 0.889726
961 0.889687
962 0.889579
963 0.889604
964 0.889704
965 0.889831
966 0.889864
967 0.889909
968 0.890047
969 0.889986
970 0.889765
971 0.889493
972 0.889388
973 0.889266
974 0.889213
975 0.889011
976 0.888582
977 0.888191
978 0.887861
979 0.88774
980 0.886579
981 0.886319
982 0.886418
983 0.886321
984 0.886701
985 0.886765
986 0.8869
987 0.886934
988 0.887186
989 0.887629
990 0.887665
991 0.888391
992 0.88831
993 0.88826
994 0.888499
995 0.888474
996 0.888316
997 0.888307
998 0.88859
999 0.88892
1000 0.889418
1001 0.889593
1002 0.889618
1003 0.889778
1004 0.889745
1005 0.889762
1006 0.889873
1007 0.889571
1008 0.889548
1009 0.889917
1010 0.890158
1011 0.886573
1012 0.886767
1013 0.886629
1014 0.886457
1015 0.886925
1016 0.886978
1017 0.886654
1018 0.886956
1019 0.887382
1020 0.88754
1021 0.887684
1022 0.887731
1023 0.887313
1024 0.887463
1025 0.887233
1026 0.887316
1027 0.887321
1028 0.887382
1029 0.887432
1030 0.887543
1031 0.887582
1032 0.887618
1033 0.88754
1034 0.887648
1035 0.887418
1036 0.887507
1037 0.887618
1038 0.887512
1039 0.88746
1040 0.887681
1041 0.887742
1042 0.887673
1043 0.887695
1044 0.887704
1045 0.88767
1046 0.887745
1047 0.887884
1048 0.887662
1049 0.887643
1050 0.887931
1051 0.888139
1052 0.888252
1053 0.888213
1054 0.888341
1055 0.888402
1056 0.888294
1057 0.888341
1058 0.888604
1059 0.888889
1060 0.889069
1061 0.887258
1062 0.887496
1063 0.887172
1064 0.886759
1065 0.886983
1066 0.887044
1067 0.887247
1068 0.887197
1069 0.88733
1070 0.887454
1071 0.887421
1072 0.887271
1073 0.887283
1074 0.887216
1075 0.887399
1076 0.887357
1077 0.887285
1078 0.887488
1079 0.88756
1080 0.887601
1081 0.887665
1082 0.887435
1083 0.88736
1084 0.887343
1085 0.887366
1086 0.885934
1087 0.885704
1088 0.885679
1089 0.885958
1090 0.885945
1091 0.885986
1092 0.88603
1093 0.885704
1094 0.886033
1095 0.886047
1096 0.885945
1097 0.885825
1098 0.885817
1099 0.886269
1100 0.886299
1101 0.886158
1102 0.886255
1103 0.886368
1104 0.886108
1105 0.886183
1106 0.886172
1107 0.886277
1108 0.88623
1109 0.88623
1110 0.886418
1111 0.88505
1112 0.884831
1113 0.885163
1114 0.885114
1115 0.88531
1116 0.885665
1117 0.885629
1118 0.885906
1119 0.886025
1120 0.886396
1121 0.886798
1122 0.887105
1123 0.88682
1124 0.886742
1125 0.886416
1126 0.886352
1127 0.885765
1128 0.885548
1129 0.885906
1130 0.885634
1131 0.885665
1132 0.886014
1133 0.885898
1134 0.885227
1135 0.886094
1136 0.88662
1137 0.886532
1138 0.886842
1139 0.886787
1140 0.886884
1141 0.887349
1142 0.887211
1143 0.886859
1144 0.886701
1145 0.886994
1146 0.887125
1147 0.88662
1148 0.887017
1149 0.887767
1150 0.887837
1151 0.887806
1152 0.888507
1153 0.888762
1154 0.888875
1155 0.888947
1156 0.888634
1157 0.88828
1158 0.888224
1159 0.888319
1160 0.888205
1161 0.886144
1162 0.885709
1163 0.885814
1164 0.885501
1165 0.88569
1166 0.886133
1167 0.885909
1168 0.886571
1169 0.886343
1170 0.886778
1171 0.887075
1172 0.88726
1173 0.886925
1174 0.887349
1175 0.887438
1176 0.887427
1177 0.887515
1178 0.887449
1179 0.88731
1180 0.887645
1181 0.887773
1182 0.887892
1183 0.887706
1184 0.887886
1185 0.887972
1186 0.885958
1187 0.886169
1188 0.886263
1189 0.886235
1190 0.886152
1191 0.886338
1192 0.886108
1193 0.886338
1194 0.886404
1195 0.886651
1196 0.886596
1197 0.886975
1198 0.886947
1199 0.887313
1200 0.887285
1201 0.887427
1202 0.887427
1203 0.887299
1204 0.887283
1205 0.887382
1206 0.887468
1207 0.887524
1208 0.887537
1209 0.887432
1210 0.88764
1211 0.888801
1212 0.888573
1213 0.88841
1214 0.888452
1215 0.88844
1216 0.888161
1217 0.888277
1218 0.888352
1219 0.888416
1220 0.888346
1221 0.888302
1222 0.888632
1223 0.888427
1224 0.888582
1225 0.888662
1226 0.888651
1227 0.888762
1228 0.888895
1229 0.889044
1230 0.889274
1231 0.889122
1232 0.888981
1233 0.888698
1234 0.888604
1235 0.888396
1236 0.88841
1237 0.888249
1238 0.887659
1239 0.887449
1240 0.887194
1241 0.887241
1242 0.887119
1243 0.887285
1244 0.887756
1245 0.887706
1246 0.888147
1247 0.888343
1248 0.888277
1249 0.888307
1250 0.888141
1251 0.888055
1252 0.887598
1253 0.887687
1254 0.887493
1255 0.887501
1256 0.887457
1257 0.88726
1258 0.887476
1259 0.887463
1260 0.887446
1261 0.885294
1262 0.88508
1263 0.885551
1264 0.885994
1265 0.886402
1266 0.886429
1267 0.886338
1268 0.886083
1269 0.885928
1270 0.885823
1271 0.886177
1272 0.886637
1273 0.88631
1274 0.886629
1275 0.886831
1276 0.887114
1277 0.887729
1278 0.887626
1279 0.887853
1280 0.887928
1281 0.887848
1282 0.887537
1283 0.887823
1284 0.887956
1285 0.887654
1286 0.886981
1287 0.886407
1288 0.886679
1289 0.88656
1290 0.886645
1291 0.886795
1292 0.886715
1293 0.886637
1294 0.88667
1295 0.887163
1296 0.886806
1297 0.886798
1298 0.886958
1299 0.887413
1300 0.88787
1301 0.887956
1302 0.888127
1303 0.888194
1304 0.887978
1305 0.887922
1306 0.888069
1307 0.888332
1308 0.888546
1309 0.888734
1310 0.888623
1311 0.888147
1312 0.887831
1313 0.887668
1314 0.887767
1315 0.887515
1316 0.887579
1317 0.887778
1318 0.887961
1319 0.888177
1320 0.888186
1321 0.888427
1322 0.88877
1323 0.888903
1324 0.888917
1325 0.889011
1326 0.889163
1327 0.888914
1328 0.888983
1329 0.889202
1330 0.889213
1331 0.889413
1332 0.889296
1333 0.889019
1334 0.88892
1335 0.889033
1336 0.887931
1337 0.888205
1338 0.887967
1339 0.88792
1340 0.888227
1341 0.888116
1342 0.888133
1343 0.888111
1344 0.887706
1345 0.88787
1346 0.887873
1347 0.887895
1348 0.887632
1349 0.887731
1350 0.887643
1351 0.887277
1352 0.887643
1353 0.88767
1354 0.887039
1355 0.886992
1356 0.887066
1357 0.887302
1358 0.887213
1359 0.886895
1360 0.887211
1361 0.886892
1362 0.886792
1363 0.886756
1364 0.886579
1365 0.886607
1366 0.886756
1367 0.887094
1368 0.88715
1369 0.886972
1370 0.887055
1371 0.887255
1372 0.888573
1373 0.888801
1374 0.888554
1375 0.888568
1376 0.888648
1377 0.888438
1378 0.888759
1379 0.888607
1380 0.888789
1381 0.888981
1382 0.888975
1383 0.889199
1384 0.889044
1385 0.889385
1386 0.889601
1387 0.889252
1388 0.889587
1389 0.889396
1390 0.889269
1391 0.889194
1392 0.889407
1393 0.88954
1394 0.889515
1395 0.889571
1396 0.890025
1397 0.890008
1398 0.890252
1399 0.890479
1400 0.890809
1401 0.890917
1402 0.891086
1403 0.89095
1404 0.891277
1405 0.89144
1406 0.891468
1407 0.891587
1408 0.891607
1409 0.891751
1410 0.891853
1411 0.891222
1412 0.891321
1413 0.890798
1414 0.890665
1415 0.890812
1416 0.891202
1417 0.891166
1418 0.890936
1419 0.890679
1420 0.890637
1421 0.89054
1422 0.891307
1423 0.89131
1424 0.891277
1425 0.890723
1426 0.890263
1427 0.890393
1428 0.890701
1429 0.890299
1430 0.890186
1431 0.889914
1432 0.889429
1433 0.889247
1434 0.889601
1435 0.889485
1436 0.891205
1437 0.890837
1438 0.890269
1439 0.889197
1440 0.888958
1441 0.888765
1442 0.888033
1443 0.888199
1444 0.888302
1445 0.888238
1446 0.888693
1447 0.888715
1448 0.888593
1449 0.887961
1450 0.888094
1451 0.888402
1452 0.889288
1453 0.889393
1454 0.889377
1455 0.889183
1456 0.889222
1457 0.889474
1458 0.889817
1459 0.88974
1460 0.889687
1461 0.890291
1462 0.890939
1463 0.891729
1464 0.892479
1465 0.893809
1466 0.894368
1467 0.893789
1468 0.894285
1469 0.894114
1470 0.893909
1471 0.894878
1472 0.895668
1473 0.894294
1474 0.894227
1475 0.894861
1476 0.895634
1477 0.894751
1478 0.895485
1479 0.89462
1480 0.894083
1481 0.893499
1482 0.893626
1483 0.893114
1484 0.893053
1485 0.892593
1486 0.892571
1487 0.893305
1488 0.894404
1489 0.894169
1490 0.894291
1491 0.895432
1492 0.895983
1493 0.895352
1494 0.896
1495 0.894895
1496 0.895873
1497 0.895789
1498 0.895521
1499 0.895316
1500 0.897036
1501 0.897421
1502 0.897709
1503 0.89867
1504 0.897989
1505 0.898659
1506 0.897648
1507 0.898532
1508 0.89762
1509 0.900263
1510 0.900828
1511 0.905271
1512 0.905299
1513 0.905069
1514 0.905643
1515 0.905263
1516 0.90469
1517 0.904812
1518 0.904139
1519 0.904881
1520 0.904407
1521 0.904637
1522 0.902684
1523 0.901709
1524 0.902147
1525 0.903601
1526 0.903584
1527 0.904823
1528 0.905219
1529 0.905025
1530 0.905399
1531 0.9059
1532 0.904294
1533 0.903133
1534 0.901914
1535 0.903399
1536 0.900086
1537 0.901274
1538 0.900643
1539 0.900637
1540 0.900008
1541 0.89949
1542 0.89782
1543 0.896535
1544 0.897471
1545 0.89844
1546 0.898978
1547 0.898978
1548 0.899579
1549 0.897762
1550 0.894914
1551 0.891371
1552 0.888626
1553 0.887116
1554 0.88467
1555 0.882488
1556 0.882814
1557 0.88187
1558 0.884698
1559 0.884352
1560 0.885706
1561 0.886604
1562 0.887155
1563 0.887726
1564 0.886479
1565 0.886737
1566 0.887535
1567 0.886936
1568 0.886194
1569 0.886709
1570 0.88618
1571 0.885108
1572 0.883593
1573 0.884958
1574 0.885562
1575 0.889053
1576 0.890346
1577 0.890936
1578 0.892227
1579 0.895737
1580 0.897803
1581 0.899255
1582 0.901147
1583 0.900712
1584 0.899778
1585 0.89969
1586 0.902632
1587 0.899803
1588 0.897496
1589 0.895742
1590 0.895017
1591 0.894091
1592 0.894357
1593 0.893139
1594 0.890402
1595 0.890906
1596 0.890717
1597 0.892055
1598 0.891676
1599 0.892044
1600 0.890058
1601 0.890848
1602 0.891274
1603 0.891349
1604 0.890155
1605 0.890247
1606 0.888726
1607 0.890615
1608 0.892349
1609 0.893809
1610 0.894407
1611 0.895881
1612 0.899042
1613 0.900427
1614 0.901019
1615 0.899706
1616 0.90023
1617 0.901526
1618 0.899418
1619 0.897878
1620 0.896928
1621 0.898468
1622 0.899269
1623 0.901468
1624 0.901709
1625 0.903385
1626 0.904701
1627 0.907224
1628 0.908956
1629 0.912781
1630 0.915296
1631 0.915258
1632 0.916388
1633 0.917956
1634 0.919017
1635 0.919717
1636 0.919091
1637 0.918443
1638 0.917546
1639 0.916801
1640 0.916554
1641 0.914903
1642 0.914914
1643 0.916269
1644 0.914366
1645 0.91233
1646 0.913402
1647 0.914266
1648 0.912158
1649 0.912393
1650 0.910493
1651 0.910848
1652 0.90995
1653 0.909582
1654 0.909657
1655 0.90895
1656 0.906122
1657 0.903873
1658 0.903648
1659 0.902881
1660 0.902316
1661 0.904906
1662 0.904108
1663 0.900114
1664 0.900222
1665 0.899163
1666 0.898521
1667 0.899609
1668 0.901662
1669 0.902011
1670 0.904759
1671 0.907964
1672 0.908028
1673 0.910139
1674 0.909806
1675 0.909576
1676 0.909216
1677 0.906886
1678 0.904504
1679 0.902391
1680 0.897332
1681 0.894014
1682 0.892817
1683 0.887947
1684 0.883787
1685 0.883573
1686 0.874657
1687 0.873518
1688 0.871485
1689 0.871163
1690 0.867463
1691 0.865651
1692 0.867748
1693 0.86995
1694 0.869643
1695 0.869011
1696 0.869194
1697 0.869452
1698 0.870042
1699 0.867302
1700 0.868127
1701 0.86864
1702 0.867377
1703 0.865116
1704 0.866446
1705 0.867789
1706 0.867992
1707 0.864449
1708 0.859122
1709 0.855404
1710 0.849227
1711 0.839069
1712 0.83726
1713 0.83131
1714 0.827803
1715 0.827036
1716 0.823695
1717 0.822546
1718 0.822238
1719 0.820019
1720 0.819529
1721 0.820017
1722 0.819701
1723 0.818831
1724 0.818446
1725 0.816485
1726 0.814765
1727 0.814416
1728 0.812072
1729 0.809706
1730 0.808316
1731 0.801188
1732 0.792252
1733 0.784114
1734 0.746551
1735 0.732127
1736 0.686834
1737 0.677454
1738 0.653028
1739 0.646903
1740 0.63877
1741 0.605532
1742 0.600175
1743 0.592114
1744 0.565393
1745 0.561873
1746 0.556831
1747 0.554604
1748 0.514925
1749 0.508429
1750 0.50638
1751 0.503867
1752 0.504388
1753 0.4879
1754 0.486776
1755 0.484133
1756 0.480305
1757 0.476086
1758 0.47687
1759 0.471842
1760 0.471668
1761 0.465609
1762 0.464186
1763 0.464269
1764 0.456978
1765 0.456693
1766 0.456305
1767 0.470845
1768 0.475449
1769 0.476648
1770 0.477554
1771 0.477147
1772 0.488199
1773 0.491136
1774 0.490393
1775 0.488125
1776 0.494244
1777 0.491645
1778 0.489712
1779 0.482042
1780 0.474188
1781 0.472737
1782 0.465831
1783 0.45833
1784 0.45715
1785 0.44954
1786 0.446648
1787 0.444845
1788 0.433801
1789 0.425042
1790 0.42251
1791 0.415917
1792 0.409105
1793 0.406277
1794 0.399886
1795 0.392582
1796 0.38933
1797 0.384022
1798 0.382421
1799 0.386238
1800 0.381604
1801 0.387958
1802 0.386191
1803 0.389543
1804 0.389737
1805 0.391717
1806 0.393474
1807 0.392756
1808 0.393942
1809 0.392898
1810 0.397607
1811 0.389488
1812 0.389388
1813 0.387019
1814 0.383388
1815 0.380465
1816 0.373407
1817 0.37192
1818 0.369078
1819 0.370922
1820 0.369083
1821 0.372224
1822 0.374133
1823 0.374612
1824 0.373249
1825 0.369144
1826 0.366316
1827 0.361828
1828 0.357163
1829 0.359028
1830 0.34867
1831 0.344637
1832 0.341147
1833 0.335737
1834 0.331269
1835 0.327975
1836 0.320734
1837 0.317277
1838 0.315194
1839 0.30746
1840 0.302934
1841 0.302332
1842 0.29131
1843 0.282343
1844 0.279554
1845 0.271693
1846 0.266427
1847 0.262596
1848 0.256341
1849 0.248305
1850 0.244529
1851 0.235382
1852 0.225
1853 0.221526
1854 0.214762
1855 0.215363
1856 0.215676
1857 0.216975
1858 0.220283
1859 0.218058
1860 0.218022
1861 0.213427
1862 0.211446
1863 0.206022
1864 0.197017
1865 0.194357
1866 0.188321
1867 0.189958
1868 0.19326
1869 0.202582
1870 0.21085
1871 0.212512
1872 0.220831
1873 0.223881
1874 0.223402
1875 0.224537
1876 0.227751
1877 0.227584
1878 0.230341
1879 0.236125
1880 0.23882
1881 0.245211
1882 0.254681
1883 0.254188
1884 0.262831
1885 0.269978
1886 0.277255
1887 0.285521
1888 0.296853
1889 0.300133
1890 0.309684
1891 0.319382
1892 0.322737
1893 0.331521
1894 0.338787
1895 0.339795
1896 0.338662
1897 0.340468
1898 0.341269
1899 0.348521
1900 0.360413
1901 0.366332
1902 0.392205
1903 0.42008
1904 0.428116
1905 0.445695
1906 0.472573
1907 0.475643
1908 0.48318
1909 0.488903
1910 0.487809
1911 0.472839
1912 0.467033
1913 0.466512
1914 0.458471
1915 0.451679
1916 0.448078
1917 0.441482
1918 0.436216
1919 0.435219
1920 0.427
1921 0.423042
1922 0.417659
1923 0.41603
1924 0.412385
1925 0.386368
1926 0.380978
1927 0.377454
1928 0.369565
1929 0.360701
1930 0.353828
1931 0.35059
1932 0.342637
1933 0.314479
1934 0.310873
1935 0.302939
1936 0.295249
1937 0.292504
1938 0.290521
1939 0.283219
1940 0.283227
1941 0.278795
1942 0.270981
1943 0.277917
1944 0.272681
1945 0.264842
1946 0.262587
1947 0.249518
1948 0.240443
1949 0.236019
1950 0.225044
1951 0.216482
1952 0.208989
1953 0.194604
1954 0.187831
1955 0.183557
1956 0.17426
1957 0.164609
1958 0.159205
1959 0.150271
1960 0.140388
1961 0.128097
1962 0.122809
1963 0.115778
1964 0.113197
1965 0.100393
1966 0.0910416
1967 0.0847313
1968 0.0729003
1969 0.0636122
1970 0.0590554
1971 0.0475319
1972 0.0337119
1973 0.029856
1974 0.0229806
1975 0.0182188
1976 0.0163546
1977 0.0120055
1978 0.00889751
1979 0.00827424
1980 0.00822161
1981 0.00788089
1982 0.00772022
1983 0.00732964
1984 0.00695845
1985 0.00668698
1986 0.00608864
1987 0.0055097
1988 0.00526593
1989 0.00469252
1990 0.00455402
1991 0.00457064
1992 0.00477285
1993 0.00464266
1994 0.00454848
1995 0.00480055
1996 0.00440166
1997 0.00428809
1998 0.0040554
1999 0.00409972
2000 0.00426316
2001 0.00800554
2002 0.0176343
2003 0.0234598
2004 0.0367396
2005 0.0508338
2006 0.0584654
2007 0.0745291
2008 0.0909391
2009 0.0999945
2010 0.118158
2011 0.135632
2012 0.142715
2013 0.162573
2014 0.180543
2015 0.193972
2016 0.215634
2017 0.236435
2018 0.254795
2019 0.275155
2020 0.290066
2021 0.296474
2022 0.308094
2023 0.316947
2024 0.327188
2025 0.344906
2026 0.360654
2027 0.369208
2028 0.383435
2029 0.398731
2030 0.404175
2031 0.405576
2032 0.405291
2033 0.408385
2034 0.400504
2035 0.391283
2036 0.392133
2037 0.38615
2038 0.355507
2039 0.352914
2040 0.341978
2041 0.33436
2042 0.314139
2043 0.30667
2044 0.283161
2045 0.279011
2046 0.268706
2047 0.260277
2048 0.258371
2049 0.247482
2050 0.239083
2051 0.236388
2052 0.231861
2053 0.219349
2054 0.217526
2055 0.207906
2056 0.197789
2057 0.193463
2058 0.179895
2059 0.173839
2060 0.169047
2061 0.148454
2062 0.135299
2063 0.131443
2064 0.123175
2065 0.110745
2066 0.104562
2067 0.0942659
2068 0.0875457
2069 0.08641
2070 0.0810582
2071 0.0782382
2072 0.0740914
2073 0.0652271
2074 0.0600582
2075 0.0579529
2076 0.0509668
2077 0.042482
2078 0.0393546
2079 0.0316482
2080 0.0264875
2081 0.024
2082 0.0191801
2083 0.015072
2084 0.0144848
2085 0.014615
2086 0.0147895
2087 0.0140222
2088 0.0137673
2089 0.0134848
2090 0.0133878
2091 0.0131108
2092 0.0128864
2093 0.0129501
2094 0.0128615
2095 0.0128975
2096 0.0133518
2097 0.0137147
2098 0.0136122
2099 0.0136122
2100 0.0148393
2101 0.0176482
2102 0.0195485
2103 0.0242355
2104 0.0293546
2105 0.0324931
2106 0.0383324
2107 0.0456122
2108 0.0499446
2109 0.0580055
2110 0.0688615
2111 0.0750028
2112 0.0867064
2113 0.0975956
2114 0.103127
2115 0.117072
2116 0.129557
2117 0.138474
2118 0.153512
2119 0.171673
2120 0.180122
2121 0.197934
2122 0.21526
2123 0.231992
2124 0.257432
2125 0.279252
2126 0.286468
2127 0.324648
2128 0.362449
2129 0.376637
2130 0.404546
2131 0.433958
2132 0.44687
2133 0.466892
2134 0.476964
2135 0.480582
2136 0.509299
2137 0.511958
2138 0.512601
2139 0.511554
2140 0.512504
2141 0.51231
2142 0.511014
2143 0.503748
2144 0.5011
2145 0.493194
2146 0.490252
2147 0.487524
2148 0.480812
2149 0.475327
2150 0.469795
2151 0.464119
2152 0.390363
2153 0.3849
2154 0.338837
2155 0.338346
2156 0.342055
2157 0.323468
2158 0.326385
2159 0.327283
2160 0.324681
2161 0.316762
2162 0.315385
2163 0.313457
2164 0.311496
2165 0.309909
2166 0.304327
2167 0.298562
2168 0.29762
2169 0.289022
2170 0.282806
2171 0.280784
2172 0.270765
2173 0.268199
2174 0.267723
2175 0.25695
2176 0.234446
2177 0.228465
2178 0.216238
2179 0.20741
2180 0.195637
2181 0.181321
2182 0.167537
2183 0.163161
2184 0.150911
2185 0.133994
2186 0.123665
2187 0.113643
2188 0.105803
2189 0.0997618
2190 0.0871967
2191 0.078626
2192 0.074795
2193 0.0644709
2194 0.0570914
2195 0.0538892
2196 0.0471108
2197 0.0404626
2198 0.038626
2199 0.0317452
2200 0.026964
2201 0.0242548
2202 0.0210942
2203 0.0181662
2204 0.017313
2205 0.0160637
2206 0.014313
2207 0.0138809
2208 0.0121717
2209 0.0106925
2210 0.0096482
2211 0.00824654
2212 0.00561219
2213 0.0043518
2214 0.00290859
2215 0.0022964
2216 0.00201108
2217 0.00234349
2218 0.0023518
2219 0.00208864
2220 0.00217452
2221 0.00215512
2222 0.00239612
2223 0.00288643
2224 0.00249584
2225 0.00308587
2226 0.00270914
2227 0.00281717
2228 0.00289197
2229 0.00341828
2230 0.00312742
2231 0.00303324
2232 0.00325485
2233 0.0032133
2234 0.00310803
2235 0.00327978
2236 0.00375069
2237 0.00364543
2238 0.00398061
2239 0.00363712
2240 0.00396953
2241 0.00414404
2242 0.00359003
2243 0.00382825
2244 0.00271191
2245 0.00347922
2246 0.00377562
2247 0.00412465
2248 0.00407756
2249 0.00420222
2250 0.00459003
2251 0.00472576
2252 0.0049446
2253 0.00555125
2254 0.00602493
2255 0.00635734
2256 0.00625208
2257 0.00573407
2258 0.00645152
2259 0.00667036
2260 0.00705817
2261 0.00748753
2262 0.00733795
2263 0.00824654
2264 0.00816343
2265 0.00868975
2266 0.0114044
2267 0.0134515
2268 0.0189861
2269 0.0268615
2270 0.0304986
2271 0.0395817
2272 0.048338
2273 0.053097
2274 0.0626039
2275 0.0709806
2276 0.0741274
2277 0.0794044
2278 0.0829169
2279 0.0851108
2280 0.0882715
2281 0.0924958
2282 0.0939169
2283 0.0977729
2284 0.0997784
2285 0.100465
2286 0.103161
2287 0.104612
2288 0.105111
2289 0.106355
2290 0.106349
2291 0.106396
2292 0.106116
2293 0.103958
2294 0.103183
2295 0.102848
2296 0.100928
2297 0.100551
2298 0.101194
2299 0.104848
2300 0.106939
2301 0.111463
2302 0.111238
2303 0.110717
2304 0.112114
2305 0.113219
2306 0.112072
2307 0.111573
2308 0.111094
2309 0.110576
2310 0.10797
2311 0.108557
2312 0.108704
2313 0.105022
2314 0.0983158
2315 0.0969391
2316 0.0921856
2317 0.0887341
2318 0.0867729
2319 0.0820139
2320 0.0775457
2321 0.0763047
2322 0.0719723
2323 0.0709141
2324 0.0691274
2325 0.0650388
2326 0.0619861
2327 0.0608947
2328 0.0598116
2329 0.058072
2330 0.0560443
2331 0.0536399
2332 0.0518227
2333 0.0498532
2334 0.0460305
2335 0.0412992
2336 0.0414017
2337 0.0369169
2338 0.0334404
2339 0.0318615
2340 0.0302188
2341 0.0289529
2342 0.0278033
2343 0.0262853
2344 0.0240693
2345 0.0237895
2346 0.0223934
2347 0.0198172
2348 0.0179917
2349 0.0166537
2350 0.0174709
2351 0.0195069
2352 0.0207202
2353 0.0205928
2354 0.0205042
2355 0.0190914
2356 0.0186066
2357 0.0184321
2358 0.0179834
2359 0.0170111
2360 0.0161607
2361 0.0161219
2362 0.0158449
2363 0.0160776
2364 0.0164238
2365 0.016349
2366 0.0162216
2367 0.0167202
2368 0.0165429
2369 0.0168698
2370 0.0170554
2371 0.016867
2372 0.0173961
2373 0.017687
2374 0.0175014
2375 0.0172992
2376 0.0170665
2377 0.0160388
2378 0.0158199
2379 0.0157064
2380 0.0149086
2381 0.0149169
2382 0.0139224
2383 0.0181274
2384 0.0230582
2385 0.0360055
2386 0.0512548
2387 0.0576233
2388 0.0697008
2389 0.0781994
2390 0.0791717
2391 0.0805762
2392 0.0845817
2393 0.085277
2394 0.0854654
2395 0.0895319
2396 0.0892078
2397 0.0885596
2398 0.090036
2399 0.0896537
2400 0.088928
2401 0.0886704
2402 0.0887175
2403 0.0880914
2404 0.0881219
2405 0.0884571
2406 0.0881136
2407 0.0877175
2408 0.0870443
2409 0.086374
2410 0.0829474
2411 0.0823601
2412 0.0847562
2413 0.0807368
2414 0.0740111
2415 0.0681828
2416 0.0610222
2417 0.0610332
2418 0.0570111
2419 0.0509917
2420 0.0482299
2421 0.040651
2422 0.0355125
2423 0.0326814
2424 0.0268809
2425 0.0223629
2426 0.0201884
2427 0.015554
2428 0.0105983
2429 0.00836842
2430 0.00426316
2431 0.00151801
2432 0.00107479
2433 0.011687
2434 0.0245125
2435 0.0305485
2436 0.0398615
2437 0.0453657
2438 0.047482
2439 0.0491191
2440 0.051482
2441 0.0526482
2442 0.0546011
2443 0.0555319
2444 0.055964
2445 0.0565429
2446 0.0560637
2447 0.0565457
2448 0.0576482
2449 0.0581773
2450 0.0582853
2451 0.0575679
2452 0.0565679
2453 0.0566316
2454 0.0566094
2455 0.0566343
2456 0.0557396
2457 0.0554349
2458 0.0554931
2459 0.0566011
2460 0.0553767
2461 0.0567313
2462 0.0566898
2463 0.0530443
2464 0.048277
2465 0.0452715
2466 0.0406565
2467 0.0348033
2468 0.0323158
2469 0.0286288
2470 0.0249584
2471 0.0232299
2472 0.0201773
2473 0.0174543
2474 0.0162964
2475 0.014144
2476 0.0149086
2477 0.0168781
2478 0.0182992
2479 0.016313
2480 0.0157202
2481 0.0157507
2482 0.017072
2483 0.0173767
2484 0.0179197
2485 0.0180914
2486 0.0185734
2487 0.0189418
2488 0.0191662
2489 0.0190803
2490 0.0194183
2491 0.020169
2492 0.0199972
2493 0.0199612
2494 0.0197147
2495 0.0195125
2496 0.019903
2497 0.0201302
2498 0.0201053
2499 0.0203823
2500 0.0204488
2501 0.0201717
2502 0.0199224
2503 0.0201551
2504 0.0205457
2505 0.0206011
2506 0.0206205
2507 0.0203601
2508 0.026446
2509 0.0352105
2510 0.0399861
2511 0.0489945
2512 0.0583795
2513 0.0628947
2514 0.0726676
2515 0.0758393
2516 0.0756898
2517 0.0760083
2518 0.0757867
2519 0.0765014
2520 0.0795734
2521 0.0801136
2522 0.0810582
2523 0.0838476
2524 0.0851994
2525 0.0851994
2526 0.0868227
2527 0.0886011
2528 0.0897119
2529 0.0916731
2530 0.0919889
2531 0.0920222
2532 0.0912188
2533 0.0911939
2534 0.0911302
2535 0.0910914
2536 0.0915679
2537 0.0914848
2538 0.0923657
2539 0.092518
2540 0.0929391
2541 0.0909501
2542 0.0893795
2543 0.0879834
2544 0.0862465
2545 0.0883075
2546 0.0867175
2547 0.0837091
2548 0.0846593
2549 0.0837341
2550 0.0782632
2551 0.0731911
2552 0.0720222
2553 0.0681136
2554 0.064892
2555 0.0625402
2556 0.0577258
2557 0.0508061
2558 0.0485623
2559 0.0417756
2560 0.0361163
2561 0.0337922
2562 0.0283601
2563 0.0234183
2564 0.0207479
2565 0.0164488
2566 0.0121468
2567 0.00973961
2568 0.00630194
2569 0.0041856
2570 0.00350693
2571 0.00240443
2572 0.00167313
2573 0.00158726
2574 0.0016759
2575 0.00174515
2576 0.00175346
2577 0.00176177
2578 0.00172022
2579 0.00172853
2580 0.00170083
2581 0.00165374
2582 0.00167867
2583 0.00159557
2584 0.00159003
2585 0.00156787
2586 0.00215512
2587 0.00204155
2588 0.00204155
2589 0.00190859
2590 0.0018615
2591 0.00185873
2592 0.0018892
2593 0.00187535
2594 0.00186704
2595 0.00188089
2596 0.00181717
2597 0.00179501
2598 0.00175069
2599 0.00166482
2600 0.00167036
2601 0.0016482
2602 0.00167867
2603 0.0016759
2604 0.00169252
2605 0.00172299
2606 0.00174238
2607 0.00183102
2608 0.00189197
2609 0.00188643
2610 0.00187258
2611 0.00204155
2612 0.00196676
2613 0.00184488
2614 0.00172299
2615 0.00169252
2616 0.00180055
2617 0.00178947
2618 0.00177285
2619 0.00163712
2620 0.00168975
2621 0.00171745
2622 0.00180055
2623 0.00184765
2624 0.00271191
2625 0.00973407
2626 0.0193019
2627 0.024856
2628 0.0330332
2629 0.039892
2630 0.0436731
2631 0.0467064
2632 0.0487396
2633 0.0498864
2634 0.0522078
2635 0.0528421
2636 0.0536011
2637 0.0594404
2638 0.0701385
2639 0.0750526
2640 0.085867
2641 0.096903
2642 0.102233
2643 0.117058
2644 0.131341
2645 0.13787
2646 0.154199
2647 0.163199
2648 0.169108
2649 0.183346
2650 0.190994
2651 0.195166
2652 0.208382
2653 0.21108
2654 0.211557
2655 0.213537
2656 0.213867
2657 0.214825
2658 0.218579
2659 0.219252
2660 0.218817
2661 0.221313
2662 0.219776
2663 0.21877
2664 0.213463
2665 0.209316
2666 0.204845
2667 0.199222
2668 0.197626
2669 0.19923
2670 0.197911
2671 0.199058
2672 0.199424
2673 0.198116
2674 0.203216
2675 0.212848
2676 0.207338
2677 0.206607
2678 0.205114
2679 0.200064
2680 0.193094
2681 0.18374
2682 0.177119
2683 0.171693
2684 0.168767
2685 0.163715
2686 0.155158
2687 0.153867
2688 0.151363
2689 0.145607
2690 0.146061
2691 0.139102
2692 0.134352
2693 0.13254
2694 0.127781
2695 0.12218
2696 0.118781
2697 0.112186
2698 0.106421
2699 0.103676
2700 0.0996233
2701 0.0939889
2702 0.0905734
2703 0.0849834
2704 0.0791357
2705 0.0766122
2706 0.0718809
2707 0.0679141
2708 0.0662742
2709 0.0637479
2710 0.0639418
2711 0.0646066
2712 0.0650637
2713 0.0655235
2714 0.0658172
2715 0.0664349
2716 0.0666565
2717 0.0665069
2718 0.0665568
2719 0.066241
2720 0.0628393
2721 0.0629778
2722 0.0633352
2723 0.0633657
2724 0.0633546
2725 0.0639169
2726 0.0640166
2727 0.0666482
2728 0.0727036
2729 0.0761496
2730 0.0841607
2731 0.0911634
2732 0.0946814
2733 0.10023
2734 0.104299
2735 0.104346
2736 0.108224
2737 0.110906
2738 0.111994
2739 0.112089
2740 0.113554
2741 0.113543
2742 0.113956
2743 0.114809
2744 0.115623
2745 0.116335
2746 0.117194
2747 0.118191
2748 0.119861
2749 0.122734
2750 0.123305
2751 0.12351
2752 0.123992
2753 0.124199
2754 0.124726
2755 0.126305
2756 0.127
2757 0.127942
2758 0.127399
2759 0.1279
2760 0.128357
2761 0.129526
2762 0.130033
2763 0.130474
2764 0.130814
2765 0.13218
2766 0.132349
2767 0.13287
2768 0.133701
2769 0.13387
2770 0.133787
2771 0.133956
2772 0.133975
2773 0.135055
2774 0.135416
2775 0.135382
2776 0.13577
2777 0.135823
2778 0.136903
2779 0.13849
2780 0.138546
2781 0.140114
2782 0.141795
2783 0.142983
2784 0.141994
2785 0.141582
2786 0.142235
2787 0.14159
2788 0.140828
2789 0.141878
2790 0.142216
2791 0.143044
2792 0.143457
2793 0.142928
2794 0.142839
2795 0.142474
2796 0.142712
2797 0.142593
2798 0.14249
2799 0.142449
2800 0.142504
2801 0.142432
2802 0.142515
2803 0.142321
2804 0.142277
2805 0.142155
2806 0.142587
2807 0.142543
2808 0.143014
2809 0.142917
2810 0.142825
2811 0.142856
2812 0.142817
2813 0.143025
2814 0.14382
2815 0.143416
2816 0.143637
2817 0.143867
2818 0.143911
2819 0.143931
2820 0.144241
2821 0.144258
2822 0.14431
2823 0.144479
2824 0.14426
2825 0.144407
2826 0.144219
2827 0.143839
2828 0.143828
2829 0.143551
2830 0.143072
2831 0.143097
2832 0.143069
2833 0.14315
2834 0.14328
2835 0.14328
2836 0.146457
2837 0.147022
2838 0.14718
2839 0.146992
2840 0.146909
2841 0.14667
2842 0.145989
2843 0.145801
2844 0.144695
2845 0.144573
2846 0.144587
2847 0.144789
2848 0.144839
2849 0.144981
2850 0.145512
2851 0.145934
2852 0.145751
2853 0.145881
2854 0.145886
2855 0.146161
2856 0.146183
2857 0.146127
2858 0.146452
2859 0.146665
2860 0.146781
2861 0.145169
2862 0.145612
2863 0.145726
2864 0.146
2865 0.146681
2866 0.147066
2867 0.147271
2868 0.147909
2869 0.148479
2870 0.14931
2871 0.149928
2872 0.150058
2873 0.150155
2874 0.149704
2875 0.149449
2876 0.149443
2877 0.148557
2878 0.149593
2879 0.150163
2880 0.153399
2881 0.155972
2882 0.157069
2883 0.158687
2884 0.159374
2885 0.159861
2886 0.161385
2887 0.161834
2888 0.161684
2889 0.162161
2890 0.163097
2891 0.162986
2892 0.162465
2893 0.160958
2894 0.160609
2895 0.158565
2896 0.158665
2897 0.158789
2898 0.158634
2899 0.158058
2900 0.158814
2901 0.158072
2902 0.15795
2903 0.157701
2904 0.157141
2905 0.156562
2906 0.156208
2907 0.156438
2908 0.156748
2909 0.15703
2910 0.156629
2911 0.155723
2912 0.155529
2913 0.155119
2914 0.155053
2915 0.155188
2916 0.155136
2917 0.15482
2918 0.154429
2919 0.153784
2920 0.153562
2921 0.153734
2922 0.153792
2923 0.154435
2924 0.154321
2925 0.154795
2926 0.15431
2927 0.153701
2928 0.154413
2929 0.155233
2930 0.155814
2931 0.157953
2932 0.159186
2933 0.159978
2934 0.160798
2935 0.160975
2936 0.162388
2937 0.162305
2938 0.16305
2939 0.162922
2940 0.16403
2941 0.164925
2942 0.165424
2943 0.165803
2944 0.166632
2945 0.167427
2946 0.169737
2947 0.173053
2948 0.17433
2949 0.177557
2950 0.181211
2951 0.182859
2952 0.18705
2953 0.189889
2954 0.190673
2955 0.194778
2956 0.199338
2957 0.201537
2958 0.208028
2959 0.213526
2960 0.21936
2961 0.233809
2962 0.238468
2963 0.240792
2964 0.248615
2965 0.254681
2966 0.257582
2967 0.264501
2968 0.274582
2969 0.280662
2970 0.290136
2971 0.297438
2972 0.300753
2973 0.311452
2974 0.323748
2975 0.329288
2976 0.335
2977 0.344216
2978 0.347393
2979 0.35354
2980 0.35823
2981 0.362152
2982 0.376094
2983 0.387582
2984 0.396798
2985 0.404105
2986 0.44708
2987 0.447853
2988 0.450296
2989 0.454454
2990 0.465601
2991 0.49038
2992 0.511842
2993 0.525319
2994 0.545657
2995 0.561579
2996 0.569105
2997 0.582047
2998 0.63808
2999 0.672659
3000 0.723457
3001 0.75649
3002 0.776233
3003 0.797158
3004 0.811507
3005 0.821302
3006 0.834366
3007 0.838615
3008 0.841986
3009 0.843798
3010 0.843355
3011 0.893468
3012 0.890313
3013 0.888715
3014 0.888238
3015 0.888161
3016 0.891501
3017 0.896994
3018 0.898341
3019 0.900612
3020 0.905042
3021 0.905823
3022 0.905346
3023 0.906208
3024 0.906651
3025 0.90677
3026 0.905936
3027 0.906906
3028 0.907319
3029 0.908307
3030 0.90905
3031 0.909773
3032 0.911114
3033 0.909853
3034 0.910684
3035 0.910327
3036 0.913698
3037 0.913305
3038 0.913299
3039 0.913801
3040 0.91318
3041 0.912706
3042 0.911662
3043 0.911269
3044 0.910698
3045 0.910773
3046 0.91077
3047 0.910554
3048 0.909507
3049 0.908748
3050 0.908579
3051 0.908753
3052 0.908496
3053 0.908662
3054 0.908468
3055 0.908637
3056 0.908576
3057 0.907828
3058 0.907368
3059 0.907355
3060 0.905864
3061 0.904186
3062 0.904568
3063 0.903626
3064 0.901814
3065 0.901393
3066 0.899839
3067 0.898609
3068 0.898565
3069 0.898562
3070 0.898468
3071 0.898127
3072 0.897474
3073 0.896247
3074 0.896457
3075 0.894554
3076 0.893845
3077 0.89385
3078 0.892651
3079 0.892909
3080 0.892391
3081 0.892712
3082 0.892324
3083 0.892684
3084 0.891571
3085 0.891518
3086 0.890701
3087 0.888668
3088 0.887643
3089 0.886679
3090 0.885593
3091 0.885701
3092 0.885382
3093 0.884507
3094 0.882069
3095 0.881028
3096 0.880997
3097 0.880474
3098 0.87967
3099 0.879219
3100 0.878654
3101 0.878657
3102 0.879368
3103 0.88005
3104 0.880155
3105 0.881061
3106 0.881676
3107 0.881277
3108 0.881307
3109 0.882075
3110 0.882152
3111 0.883934
3112 0.883247
3113 0.882742
3114 0.88167
3115 0.881307
3116 0.880548
3117 0.878958
3118 0.877947
3119 0.877947
3120 0.877673
3121 0.87697
3122 0.877512
3123 0.878501
3124 0.877673
3125 0.876659
3126 0.876371
3127 0.87659
3128 0.876546
3129 0.875712
3130 0.875211
3131 0.87495
3132 0.873053
3133 0.871676
3134 0.871277
3135 0.869499
3136 0.867319
3137 0.867482
3138 0.867008
3139 0.865956
3140 0.864784
3141 0.864956
3142 0.864044
3143 0.863003
3144 0.861803
3145 0.860526
3146 0.859416
3147 0.859391
3148 0.859111
3149 0.858934
3150 0.858886
3151 0.858321
3152 0.858136
3153 0.858058
3154 0.858294
3155 0.858091
3156 0.857972
3157 0.858089
3158 0.85767
3159 0.857936
3160 0.857632
3161 0.857967
3162 0.858108
3163 0.85836
3164 0.858366
3165 0.858706
3166 0.858992
3167 0.858922
3168 0.858817
3169 0.858582
3170 0.85844
3171 0.858562
3172 0.858964
3173 0.858432
3174 0.858537
3175 0.858435
3176 0.858197
3177 0.857729
3178 0.857665
3179 0.857363
3180 0.856211
3181 0.854252
3182 0.853867
3183 0.852845
3184 0.852648
3185 0.852479
3186 0.853078
3187 0.851953
3188 0.851075
3189 0.850169
3190 0.849139
3191 0.848684
3192 0.847288
3193 0.846878
3194 0.846343
3195 0.845884
3196 0.846028
3197 0.846332
3198 0.846421
3199 0.846094
3200 0.846111
3201 0.84564
3202 0.84582
3203 0.845881
3204 0.846058
3205 0.846
3206 0.84551
3207 0.845612
3208 0.845654
3209 0.845615
3210 0.845651
3211 0.844499
3212 0.844518
3213 0.844249
3214 0.844191
3215 0.844216
3216 0.84364
3217 0.843609
3218 0.843576
3219 0.843499
3220 0.843994
3221 0.843701
3222 0.84377
3223 0.84364
3224 0.84364
3225 0.843388
3226 0.843133
3227 0.842886
3228 0.842701
3229 0.842288
3230 0.842125
3231 0.842241
3232 0.842152
3233 0.841997
3234 0.84159
3235 0.841504
3236 0.841512
3237 0.841676
3238 0.841898
3239 0.841903
3240 0.841651
3241 0.841612
3242 0.841773
3243 0.841665
3244 0.841698
3245 0.841587
3246 0.84156
3247 0.841615
3248 0.841817
3249 0.841598
3250 0.841634
3251 0.841374
3252 0.842036
3253 0.842684
3254 0.842582
3255 0.842432
3256 0.842623
3257 0.842562
3258 0.842731
3259 0.842302
3260 0.842186
3261 0.842443
3262 0.842183
3263 0.841989
3264 0.842393
3265 0.842604
3266 0.84269
3267 0.843252
3268 0.843116
3269 0.842939
3270 0.842864
3271 0.842745
3272 0.842665
3273 0.842792
3274 0.842687
3275 0.842643
3276 0.842529
3277 0.842723
3278 0.842731
3279 0.84277
3280 0.842695
3281 0.843022
3282 0.843211
3283 0.843343
3284 0.843341
3285 0.843307
3286 0.843097
3287 0.843175
3288 0.843476
3289 0.843817
3290 0.843571
3291 0.843712
3292 0.84374
3293 0.843756
3294 0.843385
3295 0.843363
3296 0.842676
3297 0.843227
3298 0.842562
3299 0.842684
3300 0.842568
3301 0.842737
3302 0.84287
3303 0.842878
3304 0.842848
3305 0.842831
3306 0.842526
3307 0.842709
3308 0.842681
3309 0.842867
3310 0.843022
3311 0.843961
3312 0.843693
3313 0.843122
3314 0.842803
3315 0.842812
3316 0.842244
3317 0.842288
3318 0.8421
3319 0.842623
3320 0.842139
3321 0.843211
3322 0.843332
3323 0.843452
3324 0.843213
3325 0.843205
3326 0.843191
3327 0.843294
3328 0.843449
3329 0.843657
3330 0.843698
3331 0.843958
3332 0.843781
3333 0.843997
3334 0.843626
3335 0.843465
3336 0.841864
3337 0.841687
3338 0.84151
3339 0.841884
3340 0.841704
3341 0.84185
3342 0.841676
3343 0.841454
3344 0.840986
3345 0.840845
3346 0.840485
3347 0.840042
3348 0.839922
3349 0.839717
3350 0.839839
3351 0.839399
3352 0.839582
3353 0.839657
3354 0.840299
3355 0.840596
3356 0.84049
3357 0.840867
3358 0.841064
3359 0.840997
3360 0.84131
3361 0.843729
3362 0.843981
3363 0.844119
3364 0.844299
3365 0.844388
3366 0.844737
3367 0.84474
3368 0.844607
3369 0.845094
3370 0.845263
3371 0.845388
3372 0.845873
3373 0.845942
3374 0.845731
3375 0.845651
3376 0.84556
3377 0.845551
3378 0.845701
3379 0.845839
3380 0.845884
3381 0.845828
3382 0.845765
3383 0.845632
3384 0.845601
3385 0.845562
3386 0.844662
3387 0.844551
3388 0.844504
3389 0.84449
3390 0.844294
3391 0.843853
3392 0.843873
3393 0.844089
3394 0.844061
3395 0.843986
3396 0.843765
3397 0.843765
3398 0.843781
3399 0.843704
3400 0.844003
3401 0.843994
3402 0.844152
3403 0.843981
3404 0.844111
3405 0.844105
3406 0.844227
3407 0.844114
3408 0.844022
3409 0.843964
3410 0.844036
3411 0.844795
3412 0.844861
3413 0.844914
3414 0.84446
3415 0.844258
3416 0.844213
3417 0.844208
3418 0.844064
3419 0.844075
3420 0.844191
3421 0.844219
3422 0.844418
3423 0.844446
3424 0.844474
3425 0.844626
3426 0.844604
3427 0.844704
3428 0.844751
3429 0.845078
3430 0.845266
3431 0.845299
3432 0.845269
3433 0.845147
3434 0.845183
3435 0.845161
3436 0.84692
3437 0.846753
3438 0.84646
3439 0.846407
3440 0.846507
3441 0.846737
3442 0.847017
3443 0.846753
3444 0.846684
3445 0.846679
3446 0.846629
3447 0.846706
3448 0.846648
3449 0.846632
3450 0.846753
3451 0.846945
3452 0.847058
3453 0.84738
3454 0.847687
3455 0.847612
3456 0.847717
3457 0.847756
3458 0.847748
3459 0.847898
3460 0.847884
3461 0.848208
3462 0.848598
3463 0.84841
3464 0.848294
3465 0.848202
3466 0.848247
3467 0.848435
3468 0.848601
3469 0.848789
3470 0.848845
3471 0.848698
3472 0.848806
3473 0.848842
3474 0.848734
3475 0.848784
3476 0.848895
3477 0.848925
3478 0.848723
3479 0.848756
3480 0.848861
3481 0.848751
3482 0.848548
3483 0.848568
3484 0.848438
3485 0.848465
3486 0.849116
3487 0.849033
3488 0.848695
3489 0.848427
3490 0.848357
3491 0.848468
3492 0.848665
3493 0.848673
3494 0.848543
3495 0.848587
3496 0.848396
3497 0.84836
3498 0.848535
3499 0.848338
3500 0.848454
3501 0.848873
3502 0.848834
3503 0.848679
3504 0.848695
3505 0.848731
3506 0.848634
3507 0.848571
3508 0.84854
3509 0.848471
3510 0.84856
3511 0.847731
3512 0.84754
3513 0.847496
3514 0.847684
3515 0.847695
3516 0.847801
3517 0.847906
3518 0.84808
3519 0.848247
3520 0.848136
3521 0.848133
3522 0.848014
3523 0.848133
3524 0.848224
3525 0.848421
3526 0.848366
3527 0.848285
3528 0.84831
3529 0.848078
3530 0.84823
3531 0.848255
3532 0.848341
3533 0.848294
3534 0.84836
3535 0.848404
3536 0.849568
3537 0.849418
3538 0.849726
3539 0.849432
3540 0.849421
3541 0.849066
3542 0.849053
3543 0.849247
3544 0.848856
3545 0.848956
3546 0.848964
3547 0.849188
3548 0.849083
3549 0.848992
3550 0.848972
3551 0.848776
3552 0.848709
3553 0.848609
3554 0.848618
3555 0.848684
3556 0.848756
3557 0.848784
3558 0.848623
3559 0.848632
3560 0.848676
3561 0.848778
3562 0.848499
3563 0.84836
3564 0.848565
3565 0.848573
3566 0.848704
3567 0.848632
3568 0.848765
3569 0.848837
3570 0.84785
3571 0.847756
3572 0.847945
3573 0.84797
3574 0.847906
3575 0.84785
3576 0.847701
3577 0.847784
3578 0.847825
3579 0.847942
3580 0.848022
3581 0.848102
3582 0.848144
3583 0.848111
3584 0.848163
3585 0.848172
3586 0.848199
3587 0.848044
3588 0.848288
3589 0.848324
3590 0.848263
3591 0.848186
3592 0.848222
3593 0.84851
3594 0.848532
3595 0.847609
3596 0.847967
3597 0.847839
3598 0.847795
3599 0.848061
3600 0.847884
3601 0.848335
3602 0.848468
3603 0.848208
3604 0.848396
3605 0.848465
3606 0.848391
3607 0.848504
3608 0.848385
3609 0.848435
3610 0.84836
3611 0.848274
3612 0.848244
3613 0.84826
3614 0.848066
3615 0.847831
3616 0.847931
3617 0.848036
3618 0.847748
3619 0.847704
3620 0.848349
3621 0.84833
3622 0.848396
3623 0.848122
3624 0.847964
3625 0.847931
3626 0.847654
3627 0.847507
3628 0.847731
3629 0.84764
3630 0.847404
3631 0.847465
3632 0.847432
3633 0.847238
3634 0.847579
3635 0.847765
3636 0.847629
3637 0.847404
3638 0.847263
3639 0.846978
3640 0.846767
3641 0.846701
3642 0.846676
3643 0.846659
3644 0.846803
3645 0.846837
3646 0.846512
3647 0.846704
3648 0.846377
3649 0.845909
3650 0.845504
3651 0.84551
3652 0.845302
3653 0.845579
3654 0.845551
3655 0.845515
3656 0.845731
3657 0.845809
3658 0.84597
3659 0.846263
3660 0.846119
3661 0.846114
3662 0.846105
3663 0.846127
3664 0.846208
3665 0.84613
3666 0.846271
3667 0.846341
3668 0.846208
3669 0.846404
3670 0.846983
3671 0.847524
3672 0.847213
3673 0.847122
3674 0.846917
3675 0.847078
3676 0.847371
3677 0.847105
3678 0.847053
3679 0.847111
3680 0.847474
3681 0.847989
3682 0.84792
3683 0.848083
3684 0.848252
3685 0.848086
3686 0.848224
3687 0.848219
3688 0.848125
3689 0.848158
3690 0.847939
3691 0.847903
3692 0.847914
3693 0.847947
3694 0.847958
3695 0.847809
3696 0.847717
3697 0.847601
3698 0.847801
3699 0.847789
3700 0.847504
3701 0.847737
3702 0.847632
3703 0.847864
3704 0.847906
3705 0.848019
3706 0.848075
3707 0.847695
3708 0.84797
3709 0.848111
3710 0.848033
3711 0.848197
3712 0.848382
3713 0.848255
3714 0.84828
3715 0.848291
3716 0.848091
3717 0.848053
3718 0.84818
3719 0.848014
3720 0.848756
3721 0.848751
3722 0.848709
3723 0.848928
3724 0.848853
3725 0.849191
3726 0.849238
3727 0.849089
3728 0.848546
3729 0.848413
3730 0.848307
3731 0.848471
3732 0.848587
3733 0.848535
3734 0.84856
3735 0.848898
3736 0.84895
3737 0.849097
3738 0.849382
3739 0.84908
3740 0.849731
3741 0.85003
3742 0.849886
3743 0.850094
3744 0.850006
3745 0.85046
3746 0.850499
3747 0.85049
3748 0.850285
3749 0.850557
3750 0.850233
3751 0.850335
3752 0.850194
3753 0.84997
3754 0.850125
3755 0.849931
3756 0.850008
3757 0.849748
3758 0.849828
3759 0.849817
3760 0.849759
3761 0.849562
3762 0.849227
3763 0.848939
3764 0.848873
3765 0.848471
3766 0.848557
3767 0.847958
3768 0.847363
3769 0.846961
3770 0.847158
3771 0.847573
3772 0.84749
3773 0.848036
3774 0.848507
3775 0.848814
3776 0.849042
3777 0.84944
3778 0.849524
3779 0.849321
3780 0.849787
3781 0.850125
3782 0.850066
3783 0.849853
3784 0.849778
3785 0.849814
3786 0.849482
3787 0.849427
3788 0.84931
3789 0.849385
3790 0.849427
3791 0.849307
3792 0.849343
3793 0.849377
3794 0.849274
3795 0.848765
3796 0.848953
3797 0.848734
3798 0.848557
3799 0.848175
3800 0.847244
3801 0.846155
3802 0.846008
3803 0.845202
3804 0.844416
3805 0.844202
3806 0.843681
3807 0.843615
3808 0.8431
3809 0.843102
3810 0.843584
3811 0.844011
3812 0.843762
3813 0.844008
3814 0.844108
3815 0.844208
3816 0.84426
3817 0.844186
3818 0.844512
3819 0.844756
3820 0.849529
3821 0.84969
3822 0.849488
3823 0.849277
3824 0.849343
3825 0.849479
3826 0.849471
3827 0.849363
3828 0.849346
3829 0.849515
3830 0.849482
3831 0.849582
3832 0.849463
3833 0.849454
3834 0.849781
3835 0.849532
3836 0.849537
3837 0.849579
3838 0.849449
3839 0.849357
3840 0.849305
3841 0.849291
3842 0.849233
3843 0.84928
3844 0.849382
3845 0.848554
3846 0.848307
3847 0.848438
3848 0.848357
3849 0.848197
3850 0.848283
3851 0.848535
3852 0.84854
3853 0.848576
3854 0.848665
3855 0.848532
3856 0.84856
3857 0.848659
3858 0.848313
3859 0.848125
3860 0.848108
3861 0.848352
3862 0.848224
3863 0.848366
3864 0.848199
3865 0.848255
3866 0.848391
3867 0.848418
3868 0.848399
3869 0.848299
3870 0.849213
3871 0.84913
3872 0.849058
3873 0.848914
3874 0.848798
3875 0.849008
3876 0.849335
3877 0.849421
3878 0.849501
3879 0.849582
3880 0.849737
3881 0.849737
3882 0.84951
3883 0.848964
3884 0.848934
3885 0.848884
3886 0.849291
3887 0.848756
3888 0.848521
3889 0.848488
3890 0.848961
3891 0.848787
3892 0.848762
3893 0.849025
3894 0.848812
3895 0.849729
3896 0.849784
3897 0.850402
3898 0.850584
3899 0.850332
3900 0.850798
3901 0.850751
3902 0.850197
3903 0.850355
3904 0.850269
3905 0.850227
3906 0.850598
3907 0.850152
3908 0.850064
3909 0.849978
3910 0.849928
3911 0.849961
3912 0.849488
3913 0.849454
3914 0.849368
3915 0.849305
3916 0.849285
3917 0.84903
3918 0.849202
3919 0.849238
3920 0.850363
3921 0.850496
3922 0.850482
3923 0.85023
3924 0.850471
3925 0.850416
3926 0.850238
3927 0.850105
3928 0.850066
3929 0.850119
3930 0.849906
3931 0.849767
3932 0.849684
3933 0.850208
3934 0.850061
3935 0.849886
3936 0.850089
3937 0.849961
3938 0.850036
3939 0.849906
3940 0.849729
3941 0.849867
3942 0.849737
3943 0.849737
3944 0.849604
3945 0.851632
3946 0.851587
3947 0.85128
3948 0.85092
3949 0.850873
3950 0.850861
3951 0.850751
3952 0.850601
3953 0.850715
3954 0.850789
3955 0.850607
3956 0.850729
3957 0.850654
3958 0.850765
3959 0.850936
3960 0.851163
3961 0.851252
3962 0.851235
3963 0.851224
3964 0.85085
3965 0.850809
3966 0.850939
3967 0.850981
3968 0.850864
3969 0.850831
3970 0.852033
3971 0.852133
3972 0.851842
3973 0.851723
3974 0.851352
3975 0.851316
3976 0.851158
3977 0.851083
3978 0.850922
3979 0.850925
3980 0.850845
3981 0.850393
3982 0.850299
3983 0.849371
3984 0.849981
3985 0.849573
3986 0.849271
3987 0.849366
3988 0.848983
3989 0.849784
3990 0.849972
3991 0.850321
3992 0.850562
3993 0.850391
3994 0.85026
3995 0.851654
3996 0.851637
3997 0.851416
3998 0.851249
3999 0.851055
4000 0.851011
4001 0.851197
4002 0.851053
4003 0.85097
4004 0.850859
4005 0.850773
4006 0.850609
4007 0.85049
4008 0.850745
4009 0.850568
4010 0.850291
4011 0.850238
4012 0.850324
4013 0.850474
4014 0.850518
4015 0.850507
4016 0.850454
4017 0.850449
4018 0.850271
4019 0.850127
4020 0.850964
4021 0.851058
4022 0.850903
4023 0.850898
4024 0.851194
4025 0.850881
4026 0.851105
4027 0.850745
4028 0.850723
4029 0.850598
4030 0.850499
4031 0.850634
4032 0.850751
4033 0.85067
4034 0.850778
4035 0.850939
4036 0.850789
4037 0.85072
4038 0.85059
4039 0.850385
4040 0.850421
4041 0.850626
4042 0.850565
4043 0.850734
4044 0.850914
4045 0.850967
4046 0.850789
4047 0.850742
4048 0.850972
4049 0.850679
4050 0.850801
4051 0.850945
4052 0.850989
4053 0.850947
4054 0.851008
4055 0.85097
4056 0.850975
4057 0.850831
4058 0.850817
4059 0.850704
4060 0.850643
4061 0.850612
4062 0.850573
4063 0.850371
4064 0.850532
4065 0.850648
4066 0.850765
4067 0.851177
4068 0.851338
4069 0.851501
4070 0.85038
4071 0.850745
4072 0.85046
4073 0.850177
4074 0.850019
4075 0.85018
4076 0.85003
4077 0.850166
4078 0.850036
4079 0.850094
4080 0.850122
4081 0.850094
4082 0.850136
4083 0.850285
4084 0.850199
4085 0.850249
4086 0.850224
4087 0.850307
4088 0.850247
4089 0.85018
4090 0.850208
4091 0.850349
4092 0.850305
4093 0.850094
4094 0.849981
4095 0.851961
4096 0.851989
4097 0.851778
4098 0.851629
4099 0.851817
4100 0.851853
4101 0.85185
4102 0.851898
4103 0.851512
4104 0.851404
4105 0.851548
4106 0.851172
4107 0.851025
4108 0.850753
4109 0.850837
4110 0.851166
4111 0.851313
4112 0.851548
4113 0.851418
4114 0.851144
4115 0.851028
4116 0.851108
4117 0.85138
4118 0.851421
4119 0.851546
4120 0.852997
4121 0.852881
4122 0.852626
4123 0.852626
4124 0.852817
4125 0.852798
4126 0.852662
4127 0.852657
4128 0.852565
4129 0.852701
4130 0.852681
4131 0.85272
4132 0.852723
4133 0.852704
4134 0.852568
4135 0.852792
4136 0.852931
4137 0.852706
4138 0.852371
4139 0.852435
4140 0.852066
4141 0.852039
4142 0.852019
4143 0.852191
4144 0.852053
4145 0.852512
4146 0.85215
4147 0.852255
4148 0.851839
4149 0.851006
4150 0.850338
4151 0.850163
4152 0.85
4153 0.849717
4154 0.849089
4155 0.848972
4156 0.848903
4157 0.848579
4158 0.848584
4159 0.848307
4160 0.84823
4161 0.84826
4162 0.848488
4163 0.848535
4164 0.848895
4165 0.848612
4166 0.848922
4167 0.84885
4168 0.849978
4169 0.848759
4170 0.849601
4171 0.849634
4172 0.849756
4173 0.850404
4174 0.850643
4175 0.851172
4176 0.85149
4177 0.852017
4178 0.852632
4179 0.852945
4180 0.852828
4181 0.853177
4182 0.85438
4183 0.85426
4184 0.854247
4185 0.854892
4186 0.855853
4187 0.85759
4188 0.857903
4189 0.859554
4190 0.861133
4191 0.862806
4192 0.863629
4193 0.86446
4194 0.864657
4195 0.865584
4196 0.864751
4197 0.866053
4198 0.865338
4199 0.86492
4200 0.864654
4201 0.86456
4202 0.86413
4203 0.863809
4204 0.864
4205 0.864238
4206 0.865091
4207 0.866573
4208 0.865917
4209 0.866809
4210 0.867623
4211 0.867047
4212 0.86774
4213 0.868884
4214 0.870313
4215 0.870693
4216 0.872169
4217 0.873222
4218 0.874066
4219 0.874596
4220 0.874316
4221 0.875355
4222 0.877751
4223 0.879105
4224 0.879197
4225 0.880374
4226 0.88108
4227 0.881609
4228 0.88341
4229 0.88546
4230 0.88726
4231 0.889524
4232 0.89008
4233 0.891654
4234 0.89551
4235 0.89733
4236 0.898961
4237 0.901679
4238 0.902834
4239 0.902936
4240 0.90228
4241 0.899994
4242 0.899535
4243 0.896654
4244 0.894557
4245 0.892285
4246 0.89059
4247 0.890213
4248 0.890382
4249 0.887609
4250 0.883934
4251 0.882332
4252 0.88133
4253 0.881557
4254 0.881859
4255 0.882582
4256 0.880756
4257 0.880975
4258 0.882341
4259 0.883299
4260 0.883213
4261 0.883039
4262 0.88405
4263 0.883565
4264 0.886909
4265 0.890742
4266 0.892066
4267 0.895928
4268 0.899476
4269 0.900222
4270 0.901615
4271 0.903839
4272 0.905482
4273 0.906756
4274 0.908404
4275 0.90897
4276 0.908576
4277 0.909391
4278 0.910307
4279 0.91072
4280 0.912978
4281 0.912399
4282 0.913238
4283 0.913657
4284 0.913355
4285 0.914765
4286 0.917222
4287 0.917698
4288 0.918881
4289 0.919953
4290 0.920199
4291 0.918476
4292 0.919654
4293 0.915255
4294 0.910443
4295 0.901014
4296 0.900801
4297 0.896964
4298 0.896064
4299 0.895343
4300 0.894047
4301 0.893975
4302 0.894496
4303 0.895283
4304 0.895172
4305 0.895612
4306 0.894371
4307 0.892906
4308 0.891864
4309 0.889183
4310 0.888817
4311 0.887726
4312 0.884978
4313 0.883139
4314 0.884593
4315 0.883454
4316 0.881776
4317 0.881371
4318 0.872014
4319 0.866878
4320 0.865734
4321 0.86482
4322 0.865382
4323 0.857978
4324 0.844909
4325 0.836285
4326 0.83723
4327 0.830089
4328 0.806634
4329 0.798274
4330 0.787845
4331 0.784454
4332 0.783089
4333 0.779435
4334 0.773601
4335 0.772488
4336 0.769695
4337 0.767407
4338 0.767953
4339 0.767249
4340 0.767393
4341 0.768249
4342 0.76805
4343 0.770501
4344 0.771335
4345 0.744091
4346 0.744853
4347 0.747285
4348 0.747947
4349 0.750795
4350 0.750997
4351 0.752521
4352 0.750618
4353 0.74946
4354 0.749385
4355 0.747025
4356 0.745341
4357 0.742183
4358 0.738316
4359 0.737945
4360 0.734504
4361 0.731928
4362 0.729681
4363 0.729222
4364 0.728152
4365 0.727452
4366 0.728294
4367 0.725992
4368 0.724753
4369 0.723158
4370 0.718335
4371 0.719471
4372 0.723571
4373 0.720186
4374 0.720972
4375 0.719205
4376 0.721839
4377 0.724233
4378 0.726634
4379 0.694693
4380 0.693183
4381 0.700385
4382 0.700216
4383 0.699997
4384 0.694881
4385 0.689753
4386 0.689008
4387 0.685296
4388 0.676371
4389 0.67477
4390 0.670368
4391 0.664211
4392 0.664521
4393 0.656823
4394 0.627385
4395 0.623654
4396 0.620748
4397 0.615022
4398 0.611476
4399 0.603626
4400 0.596839
4401 0.594909
4402 0.586363
4403 0.578947
4404 0.575612
4405 0.567922
4406 0.559704
4407 0.555357
4408 0.549233
4409 0.532485
4410 0.531845
4411 0.52895
4412 0.522191
4413 0.519842
4414 0.534288
4415 0.537485
4416 0.537751
4417 0.556302
4418 0.563928
4419 0.565147
4420 0.565698
4421 0.59144
4422 0.594668
4423 0.595496
4424 0.609288
4425 0.613501
4426 0.61746
4427 0.615266
4428 0.617078
4429 0.619105
4430 0.617612
4431 0.616645
4432 0.615814
4433 0.618496
4434 0.617407
4435 0.613277
4436 0.607651
4437 0.606693
4438 0.602562
4439 0.598263
4440 0.59605
4441 0.597474
4442 0.60364
4443 0.604554
4444 0.605147
4445 0.602222
4446 0.608396
4447 0.617061
4448 0.62123
4449 0.626873
4450 0.629734
4451 0.629593
4452 0.62787
4453 0.622116
4454 0.621983
4455 0.620571
4456 0.619898
4457 0.617224
4458 0.621022
4459 0.62131
4460 0.621776
4461 0.623332
4462 0.626756
4463 0.629166
4464 0.628526
4465 0.633773
4466 0.633294
4467 0.637792
4468 0.646499
4469 0.65154
4470 0.649421
4471 0.66038
4472 0.667111
4473 0.673812
4474 0.688875
4475 0.6961
4476 0.684651
4477 0.684983
4478 0.687316
4479 0.662548
4480 0.661316
4481 0.664823
4482 0.665269
4483 0.628222
4484 0.628332
4485 0.626651
4486 0.623463
4487 0.594177
4488 0.593842
4489 0.594756
4490 0.59497
4491 0.594801
4492 0.599283
4493 0.599186
4494 0.598072
4495 0.594302
4496 0.601922
4497 0.605061
4498 0.609701
4499 0.615299
4500 0.619684
4501 0.628928
4502 0.634053
4503 0.63823
4504 0.664471
4505 0.679939
4506 0.68118
4507 0.70362
4508 0.712803
4509 0.715507
4510 0.743737
4511 0.752967
4512 0.757801
4513 0.778166
4514 0.789291
4515 0.796992
4516 0.824033
4517 0.835945
4518 0.840681
4519 0.848499
4520 0.859587
4521 0.862676
4522 0.867834
4523 0.86964
4524 0.87044
4525 0.883698
4526 0.888166
4527 0.891169
4528 0.896465
4529 0.906341
4530 0.908377
4531 0.912022
4532 0.914898
4533 0.916305
4534 0.918296
4535 0.921036
4536 0.922388
4537 0.923604
4538 0.925216
4539 0.925208
4540 0.925607
4541 0.926698
4542 0.926859
4543 0.92803
4544 0.927909
4545 0.930327
4546 0.928116
4547 0.923817
4548 0.920524
4549 0.919615
4550 0.916726
4551 0.913712
4552 0.908274
4553 0.90636
4554 0.904211
4555 0.900814
4556 0.898349
4557 0.897161
4558 0.88387
4559 0.874047
4560 0.871363
4561 0.863089
4562 0.857496
4563 0.855626
4564 0.85364
4565 0.811723
4566 0.810684
4567 0.805801
4568 0.80959
4569 0.809
4570 0.805767
4571 0.747762
4572 0.747125
4573 0.744986
4574 0.734831
4575 0.731842
4576 0.725127
4577 0.720626
4578 0.714053
4579 0.708283
4580 0.702283
4581 0.700357
4582 0.69408
4583 0.694748
4584 0.693244
4585 0.693186
4586 0.69182
4587 0.693892
4588 0.697075
4589 0.696623
4590 0.699166
4591 0.703044
4592 0.724964
4593 0.734687
4594 0.747349
4595 0.752643
4596 0.757194
4597 0.761432
4598 0.760784
4599 0.759524
4600 0.761266
4601 0.761393
4602 0.760803
4603 0.75628
4604 0.756141
4605 0.75374
4606 0.754662
4607 0.753681
4608 0.753548
4609 0.752078
4610 0.75138
4611 0.749914
4612 0.754294
4613 0.753765
4614 0.752928
4615 0.749773
4616 0.748357
4617 0.745573
4618 0.742596
4619 0.741554
4620 0.709704
4621 0.707244
4622 0.703396
4623 0.703083
4624 0.609945
4625 0.600673
4626 0.595332
4627 0.586784
4628 0.579255
4629 0.572756
4630 0.573094
4631 0.578687
4632 0.582524
4633 0.581485
4634 0.590942
4635 0.594479
4636 0.594485
4637 0.59592
4638 0.599994
4639 0.630875
4640 0.65487
4641 0.663604
4642 0.67844
4643 0.692873
4644 0.698546
4645 0.711089
4646 0.719307
4647 0.722751
4648 0.72595
4649 0.726992
4650 0.727507
4651 0.727573
4652 0.729789
4653 0.731945
4654 0.735277
4655 0.735493
4656 0.737432
4657 0.734266
4658 0.734393
4659 0.732748
4660 0.694055
4661 0.688352
4662 0.681468
4663 0.674269
4664 0.672141
4665 0.665676
4666 0.660274
4667 0.657501
4668 0.657413
4669 0.654989
4670 0.625468
4671 0.630418
4672 0.635122
4673 0.634377
4674 0.632609
4675 0.631983
4676 0.567573
4677 0.562803
4678 0.55933
4679 0.556701
4680 0.502643
4681 0.482391
4682 0.469249
4683 0.461742
4684 0.450025
4685 0.40018
4686 0.395302
4687 0.38069
4688 0.378011
4689 0.376219
4690 0.373072
4691 0.372637
4692 0.374349
4693 0.374102
4694 0.371557
4695 0.37174
4696 0.370465
4697 0.367066
4698 0.371859
4699 0.374053
4700 0.38159
4701 0.379798
4702 0.382194
4703 0.386626
4704 0.386385
4705 0.390734
4706 0.394391
4707 0.395892
4708 0.394338
4709 0.395548
4710 0.394094
4711 0.413701
4712 0.431867
4713 0.437235
4714 0.474535
4715 0.487482
4716 0.493044
4717 0.511
4718 0.538989
4719 0.550241
4720 0.575535
4721 0.579216
4722 0.58374
4723 0.581554
4724 0.583285
4725 0.58938
4726 0.582512
4727 0.587884
4728 0.591219
4729 0.585662
4730 0.555524
4731 0.55177
4732 0.543729
4733 0.543233
4734 0.540648
4735 0.533482
4736 0.527501
4737 0.52005
4738 0.512
4739 0.49762
4740 0.49605
4741 0.483485
4742 0.473039
4743 0.469629
4744 0.463044
4745 0.446817
4746 0.414873
4747 0.405629
4748 0.397543
4749 0.392202
4750 0.360144
4751 0.348831
4752 0.344737
4753 0.331313
4754 0.307042
4755 0.302465
4756 0.290465
4757 0.280945
4758 0.278801
4759 0.267584
4760 0.252778
4761 0.246457
4762 0.236127
4763 0.227028
4764 0.222806
4765 0.210116
4766 0.197219
4767 0.190471
4768 0.178693
4769 0.171823
4770 0.167438
4771 0.15644
4772 0.14736
4773 0.143529
4774 0.135604
4775 0.127144
4776 0.121784
4777 0.109867
4778 0.0991385
4779 0.0956343
4780 0.0873102
4781 0.0789889
4782 0.076687
4783 0.0717729
4784 0.0657285
4785 0.0619197
4786 0.0538006
4787 0.0475235
4788 0.0445291
4789 0.0381496
4790 0.0303324
4791 0.0271496
4792 0.0209723
4793 0.0169612
4794 0.0155402
4795 0.0121773
4796 0.00865651
4797 0.00723269
4798 0.00453463
4799 0.00206648
4800 0.00098338
4801 0.000747922
4802 0.000637119
4803 0.000595568
4804 0.000531856
4805 0.000515235
4806 0.000495845
4807 0.000495845
4808 0.000487535
4809 0.000434903
4810 0.000387812
4811 0.00032133
4812 0.000307479
4813 0.000299169
4814 0.000279778
4815 0.000304709
4816 0.000362881
4817 0.000373961
4818 0.000365651
4819 0.0003241
4820 0.000404432
4821 0.000382271
4822 0.00033795
4823 0.000307479
4824 0.000293629
4825 0.000293629
4826 0.000299169
4827 0.000235457
4828 0.000218837
4829 0.000196676
4830 0.000193906
4831 0.000180055
4832 0.000207756
4833 0.000191136
4834 0.00230748
4835 0.00230748
4836 0.00204986
4837 0.00203878
4838 0.00212742
4839 0.00222161
4840 0.00247922
4841 0.00250693
4842 0.00252909
4843 0.00262604
4844 0.00275069
4845 0.0030554
4846 0.00296676
4847 0.00293352
4848 0.00290859
4849 0.00309141
4850 0.00299723
4851 0.00304155
4852 0.00316066
4853 0.00318283
4854 0.00311357
4855 0.00349307
4856 0.00354017
4857 0.00344044
4858 0.00349584
4859 0.0035374
4860 0.0034349
4861 0.00335734
4862 0.00339889
4863 0.00329917
4864 0.00295845
4865 0.00299169
4866 0.00262881
4867 0.00259834
4868 0.00249861
4869 0.0025374
4870 0.00268975
4871 0.00243213
4872 0.00235734
4873 0.00215235
4874 0.00214958
4875 0.00199723
4876 0.0018892
4877 0.00196953
4878 0.0018615
4879 0.00177008
4880 0.00173684
4881 0.0015651
4882 0.00165651
4883 0.00164266
4884 0.00177839
4885 0.00199446
4886 0.00185596
4887 0.00201939
4888 0.00197784
4889 0.0018338
4890 0.00174792
4891 0.00179501
4892 0.0017313
4893 0.00176454
4894 0.00162604
4895 0.00147922
4896 0.00134072
4897 0.00111634
4898 0.000900277
4899 0.000631579
4900 0.000520776
4901 0.000493075
4902 0.000415512
4903 0.000371191
4904 0.000290859
4905 0.000254848
4906 0.000240997
4907 0.000243767
4908 0.000193906
4909 0.000138504
4910 0.000138504
4911 0.000138504
4912 0.000135734
4913 0.000130194
4914 0.000127424
4915 0.000113573
4916 0.00143767
4917 0.0125457
4918 0.025
4919 0.0307673
4920 0.0398753
4921 0.0445762
4922 0.0460249
4923 0.0481828
4924 0.0507064
4925 0.0516427
4926 0.0600249
4927 0.0725263
4928 0.0801136
4929 0.0921607
4930 0.103546
4931 0.108551
4932 0.114961
4933 0.117726
4934 0.118618
4935 0.120044
4936 0.12377
4937 0.124532
4938 0.124532
4939 0.132748
4940 0.133191
4941 0.132892
4942 0.132144
4943 0.132258
4944 0.13287
4945 0.133244
4946 0.131798
4947 0.13287
4948 0.13423
4949 0.13285
4950 0.127659
4951 0.12197
4952 0.119141
4953 0.11438
4954 0.109089
4955 0.107579
4956 0.0988006
4957 0.0949751
4958 0.0930277
4959 0.0900609
4960 0.0865956
4961 0.0854515
4962 0.0831607
4963 0.0783767
4964 0.074831
4965 0.0671884
4966 0.0649612
4967 0.0668615
4968 0.0711191
4969 0.0773407
4970 0.0808199
4971 0.0866898
4972 0.0913518
4973 0.0952022
4974 0.102928
4975 0.109942
4976 0.113377
4977 0.117778
4978 0.118582
4979 0.118277
4980 0.11556
4981 0.113205
4982 0.113374
4983 0.11226
4984 0.111573
4985 0.113158
4986 0.113961
4987 0.112404
4988 0.113294
4989 0.111213
4990 0.110825
4991 0.110296
4992 0.110454
4993 0.109321
4994 0.109582
4995 0.108418
4996 0.107468
4997 0.106476
4998 0.10841
4999 0.109316
5000 0.108064
5001 0.104867
5002 0.0997922
5003 0.0975125
5004 0.0938809
5005 0.0910139
5006 0.0892078
5007 0.0875014
5008 0.0866898
5009 0.0854266
5010 0.0811108
5011 0.0771219
5012 0.0737729
5013 0.0658476
5014 0.0593823
5015 0.0562493
5016 0.0505485
5017 0.0444626
5018 0.0408144
5019 0.0332548
5020 0.0316233
5021 0.0312105
5022 0.0322438
5023 0.0298172
5024 0.0289861
5025 0.026867
5026 0.0242632
5027 0.0233878
5028 0.0204571
5029 0.0182604
5030 0.0168753
5031 0.01641
5032 0.0163601
5033 0.0164654
5034 0.0168643
5035 0.0172105
5036 0.01759
5037 0.0176316
5038 0.0180471
5039 0.018133
5040 0.0183629
5041 0.0181524
5042 0.0183269
5043 0.0184626
5044 0.0188283
5045 0.0184377
5046 0.0188033
5047 0.0204903
5048 0.0219612
5049 0.0254404
5050 0.0285402
5051 0.0314737
5052 0.0378421
5053 0.0447479
5054 0.0484571
5055 0.0552438
5056 0.0627701
5057 0.0666177
5058 0.0747922
5059 0.0897922
5060 0.0944931
5061 0.103598
5062 0.113144
5063 0.122546
5064 0.135413
5065 0.149416
5066 0.154742
5067 0.165834
5068 0.182332
5069 0.188463
5070 0.203778
5071 0.219319
5072 0.225474
5073 0.237814
5074 0.249291
5075 0.253125
5076 0.261881
5077 0.267235
5078 0.267479
5079 0.268269
5080 0.268961
5081 0.268438
5082 0.264878
5083 0.262443
5084 0.259576
5085 0.254258
5086 0.236997
5087 0.237801
5088 0.232083
5089 0.213795
5090 0.210693
5091 0.20485
5092 0.18744
5093 0.184047
5094 0.178789
5095 0.175019
5096 0.174274
5097 0.175488
5098 0.167745
5099 0.164884
5100 0.159299
5101 0.15082
5102 0.146532
5103 0.139363
5104 0.129188
5105 0.125723
5106 0.117679
5107 0.112665
5108 0.10767
5109 0.100676
5110 0.0966482
5111 0.0960388
5112 0.0930831
5113 0.0910055
5114 0.0911856
5115 0.0846205
5116 0.0821994
5117 0.080856
5118 0.0737147
5119 0.0629861
5120 0.0608283
5121 0.0505762
5122 0.0407978
5123 0.0354737
5124 0.0264294
5125 0.0177479
5126 0.0148144
5127 0.00844321
5128 0.00358449
5129 0.00171191
5130 0.000515235
5131 0.000398892
5132 0.000385042
5133 0.00034349
5134 0.000537396
5135 0.000468144
5136 0.000398892
5137 0.000385042
5138 0.000385042
5139 0.000360111
5140 0.00034349
5141 0.00032687
5142 0.00032687
5143 0.000310249
5144 0.000310249
5145 0.000293629
5146 0.000293629
5147 0.000254848
5148 0.000257618
5149 0.000243767
5150 0.000227147
5151 0.000221607
5152 0.000218837
5153 0.000213296
5154 0.000213296
5155 0.000213296
5156 0.000249307
5157 0.000249307
5158 0.000246537
5159 0.000565097
5160 0.000479224
5161 0.000451524
5162 0.00032964
5163 0.000310249
5164 0.000296399
5165 0.000227147
5166 0.000199446
5167 0.000207756
5168 0.000193906
5169 0.000188366
5170 0.000174515
5171 0.000182825
5172 0.000191136
5173 0.000180055
5174 0.000180055
5175 0.000182825
5176 0.000182825
5177 0.000188366
5178 0.000191136
5179 0.000191136
5180 0.000171745
5181 0.000171745
5182 0.000174515
5183 0.000174515
5184 5.54017e-05
5185 4.98615e-05
5186 4.98615e-05
5187 4.98615e-05
5188 3.60111e-05
5189 2.21607e-05
5190 2.21607e-05
5191 2.21607e-05
5192 0
5193 0
5194 0
5195 0.000274238
5196 0.000240997
5197 0.000229917
5198 0.000221607
5199 0.000218837
5200 0.000202216
5201 0.000199446
5202 0.000210526
5203 0.000177285
5204 0.000180055
5205 0.000144044
5206 0.000146814
5207 0.000146814
5208 0.000149584
5209 0.000141274
5210 0.000146814
5211 0.000146814
5212 0.000146814
5213 0.000149584
5214 0.000155125
5215 0.000180055
5216 0.000182825
5217 0.000180055
5218 0.000180055
5219 0.000180055
5220 0.000415512
5221 0.000315789
5222 0.000285319
5223 0.000243767
5224 0.000252078
5225 0.000252078
5226 0.000249307
5227 0.000235457
5228 0.000235457
5229 0.000227147
5230 0.000204986
5231 0.000160665
5232 0.000166205
5233 0.000166205
5234 0.000166205
5235 0.000166205
5236 0.000168975
5237 0.000168975
5238 0.000157895
5239 0.000155125
5240 0.000155125
5241 0.000152355
5242 0.000138504
5243 0.000124654
5244 0.000127424
5245 0.00034903
5246 0.000285319
5247 0.000265928
5248 0.000271468
5249 0.000265928
5250 0.000265928
5251 0.000301939
5252 0.000315789
5253 0.000307479
5254 0.000290859
5255 0.000268698
5256 0.000218837
5257 0.00450416
5258 0.0148033
5259 0.0202521
5260 0.0314321
5261 0.0410609
5262 0.0458753
5263 0.0537562
5264 0.0606898
5265 0.0616177
5266 0.0640277
5267 0.067144
5268 0.0680693
5269 0.0716343
5270 0.0731274
5271 0.0736565
5272 0.074964
5273 0.0750914
5274 0.0754543
5275 0.0754543
5276 0.0759141
5277 0.0756565
5278 0.0762687
5279 0.0761856
5280 0.0759169
5281 0.0761274
5282 0.0767562
5283 0.077169
5284 0.0769834
5285 0.0770554
5286 0.0770803
5287 0.0767784
5288 0.0781745
5289 0.082374
5290 0.0911136
5291 0.102584
5292 0.109424
5293 0.121839
5294 0.130695
5295 0.135435
5296 0.143892
5297 0.154518
5298 0.156637
5299 0.161565
5300 0.164798
5301 0.167055
5302 0.169008
5303 0.184219
5304 0.186213
5305 0.191748
5306 0.193476
5307 0.19367
5308 0.19459
5309 0.19649
5310 0.196914
5311 0.196352
5312 0.195424
5313 0.19531
5314 0.194172
5315 0.192934
5316 0.192831
5317 0.192208
5318 0.191258
5319 0.189493
5320 0.195019
5321 0.192136
5322 0.192349
5323 0.18885
5324 0.18697
5325 0.184792
5326 0.182349
5327 0.180734
5328 0.182463
5329 0.187737
5330 0.195737
5331 0.200114
5332 0.206341
5333 0.212748
5334 0.216443
5335 0.223296
5336 0.227584
5337 0.227485
5338 0.228609
5339 0.227388
5340 0.227205
5341 0.227612
5342 0.228227
5343 0.227612
5344 0.228216
5345 0.228006
5346 0.228047
5347 0.227499
5348 0.22764
5349 0.226548
5350 0.226922
5351 0.2319
5352 0.234704
5353 0.24541
5354 0.257964
5355 0.263654
5356 0.275438
5357 0.28746
5358 0.293042
5359 0.304767
5360 0.311341
5361 0.313476
5362 0.317548
5363 0.307892
5364 0.307222
5365 0.304
5366 0.304961
5367 0.30449
5368 0.298582
5369 0.297296
5370 0.293687
5371 0.294313
5372 0.29413
5373 0.294435
5374 0.294856
5375 0.296094
5376 0.296382
5377 0.295573
5378 0.297044
5379 0.296141
5380 0.296576
5381 0.29559
5382 0.295307
5383 0.295587
5384 0.294332
5385 0.294283
5386 0.299075
5387 0.303213
5388 0.304975
5389 0.308861
5390 0.312424
5391 0.313493
5392 0.317529
5393 0.321463
5394 0.32369
5395 0.327404
5396 0.330659
5397 0.332654
5398 0.332601
5399 0.333017
5400 0.33254
5401 0.332468
5402 0.333003
5403 0.333114
5404 0.332765
5405 0.334064
5406 0.334521
5407 0.336795
5408 0.337878
5409 0.338532
5410 0.338626
5411 0.338817
5412 0.33762
5413 0.337856
5414 0.338632
5415 0.33764
5416 0.341255
5417 0.348715
5418 0.353233
5419 0.36051
5420 0.369967
5421 0.372903
5422 0.3769
5423 0.383199
5424 0.386252
5425 0.389873
5426 0.393393
5427 0.393618
5428 0.3951
5429 0.396014
5430 0.394518
5431 0.396654
5432 0.39856
5433 0.399515
5434 0.400363
5435 0.403934
5436 0.404731
5437 0.40605
5438 0.4079
5439 0.409136
5440 0.414319
5441 0.417083
5442 0.419169
5443 0.42359
5444 0.427368
5445 0.427291
5446 0.430801
5447 0.434784
5448 0.437014
5449 0.441845
5450 0.446471
5451 0.44754
5452 0.450814
5453 0.452983
5454 0.453698
5455 0.455321
5456 0.45695
5457 0.457438
5458 0.456421
5459 0.45485
5460 0.454587
5461 0.454645
5462 0.458834
5463 0.459457
5464 0.459878
5465 0.460017
5466 0.460817
5467 0.459856
5468 0.459598
5469 0.459424
5470 0.459609
5471 0.458169
5472 0.457199
5473 0.455382
5474 0.45333
5475 0.453144
5476 0.451294
5477 0.450388
5478 0.451152
5479 0.451136
5480 0.453546
5481 0.454039
5482 0.456637
5483 0.460102
5484 0.460704
5485 0.46349
5486 0.467665
5487 0.470078
5488 0.473404
5489 0.47677
5490 0.478551
5491 0.482307
5492 0.484781
5493 0.488188
5494 0.491864
5495 0.504928
5496 0.505712
5497 0.509022
5498 0.511413
5499 0.517623
5500 0.523427
5501 0.529634
5502 0.539787
5503 0.549144
5504 0.553233
5505 0.556911
5506 0.561488
5507 0.579537
5508 0.582922
5509 0.590939
5510 0.603017
5511 0.608557
5512 0.615127
5513 0.620476
5514 0.622687
5515 0.626637
5516 0.629848
5517 0.631288
5518 0.632961
5519 0.63923
5520 0.680418
5521 0.684657
5522 0.688382
5523 0.689296
5524 0.693737
5525 0.698596
5526 0.700776
5527 0.705385
5528 0.714346
5529 0.723402
5530 0.741861
5531 0.759859
5532 0.76797
5533 0.775875
5534 0.785778
5535 0.792878
5536 0.798579
5537 0.802665
5538 0.807837
5539 0.807942
5540 0.811208
5541 0.812388
5542 0.812532
5543 0.814053
5544 0.81392
5545 0.846324
5546 0.846643
5547 0.848723
5548 0.846709
5549 0.846371
5550 0.846587
5551 0.844798
5552 0.846263
5553 0.845083
5554 0.842859
5555 0.840986
5556 0.840873
5557 0.842321
5558 0.84331
5559 0.842305
5560 0.841859
5561 0.84036
5562 0.840366
5563 0.838111
5564 0.837036
5565 0.836812
5566 0.839321
5567 0.836909
5568 0.835199
5569 0.833726
5570 0.835496
5571 0.835765
5572 0.834981
5573 0.835224
5574 0.833668
5575 0.836125
5576 0.836792
5577 0.835967
5578 0.833449
5579 0.83231
5580 0.832155
5581 0.829837
5582 0.83131
5583 0.830357
5584 0.831371
5585 0.831928
5586 0.833341
5587 0.839019
5588 0.848548
5589 0.851975
5590 0.860183
5591 0.861906
5592 0.865546
5593 0.866701
5594 0.867075
5595 0.87897
5596 0.878706
5597 0.878155
5598 0.87849
5599 0.878172
5600 0.878017
5601 0.8781
5602 0.87808
5603 0.877842
5604 0.878205
5605 0.878346
5606 0.877931
5607 0.877413
5608 0.877269
5609 0.876853
5610 0.876521
5611 0.875515
5612 0.875241
5613 0.875075
5614 0.874465
5615 0.874175
5616 0.873452
5617 0.87351
5618 0.873543
5619 0.872972
5620 0.87492
5621 0.874792
5622 0.874596
5623 0.874706
5624 0.874593
5625 0.874881
5626 0.87526
5627 0.87533
5628 0.875072
5629 0.875208
5630 0.875535
5631 0.875526
5632 0.875105
5633 0.875521
5634 0.875449
5635 0.875504
5636 0.875914
5637 0.875809
5638 0.875776
5639 0.875934
5640 0.876114
5641 0.876698
5642 0.877025
5643 0.878091
5644 0.878573
5645 0.87759
5646 0.877241
5647 0.877255
5648 0.877271
5649 0.877878
5650 0.877687
5651 0.878094
5652 0.877704
5653 0.877014
5654 0.876241
5655 0.875975
5656 0.875363
5657 0.87515
5658 0.874759
5659 0.874906
5660 0.875227
5661 0.875199
5662 0.875158
5663 0.875072
5664 0.875202
5665 0.875175
5666 0.875643
5667 0.875629
5668 0.876089
5669 0.876704
5670 0.874964
5671 0.874698
5672 0.875188
5673 0.876022
5674 0.876069
5675 0.875983
5676 0.876044
5677 0.876557
5678 0.87669
5679 0.876723
5680 0.876906
5681 0.87731
5682 0.877064
5683 0.877161
5684 0.876396
5685 0.876357
5686 0.875981
5687 0.875994
5688 0.875726
5689 0.875906
5690 0.875903
5691 0.876299
5692 0.876332
5693 0.876662
5694 0.876803
5695 0.876083
5696 0.87631
5697 0.876294
5698 0.876845
5699 0.877188
5700 0.876806
5701 0.876183
5702 0.876435
5703 0.876352
5704 0.875734
5705 0.875762
5706 0.875274
5707 0.875327
5708 0.875305
5709 0.875069
5710 0.875025
5711 0.874263
5712 0.871994
5713 0.870604
5714 0.870288
5715 0.868909
5716 0.868723
5717 0.86828
5718 0.868216
5719 0.868053
5720 0.864374
5721 0.864186
5722 0.864011
5723 0.863654
5724 0.863596
5725 0.863501
5726 0.863579
5727 0.86362
5728 0.863704
5729 0.863626
5730 0.863501
5731 0.86341
5732 0.863127
5733 0.863053
5734 0.862936
5735 0.862828
5736 0.862801
5737 0.862928
