1 0.075142
2 0.073
3 0.0746154
4 0.0786036
5 0.0835385
6 0.0871775
7 0.0922485
8 0.0998284
9 0.102497
10 0.104982
11 0.106953
12 0.10755
13 0.108698
14 0.110834
15 0.111361
16 0.113112
17 0.113793
18 0.114639
19 0.114793
20 0.115497
21 0.116278
22 0.116515
23 0.116337
24 0.116734
25 0.119692
26 0.123314
27 0.124136
28 0.127243
29 0.130148
30 0.129959
31 0.130402
32 0.13074
33 0.131219
34 0.130964
35 0.130361
36 0.130645
37 0.130751
38 0.130793
39 0.130923
40 0.131669
41 0.131734
42 0.132538
43 0.133012
44 0.133154
45 0.136598
46 0.135391
47 0.135692
48 0.135562
49 0.135988
50 0.135503
51 0.135929
52 0.135828
53 0.135479
54 0.135402
55 0.134675
56 0.133959
57 0.133479
58 0.133148
59 0.132751
60 0.132337
61 0.132639
62 0.132154
63 0.131911
64 0.132414
65 0.132746
66 0.133586
67 0.133917
68 0.133574
69 0.133828
70 0.134071
71 0.134722
72 0.135598
73 0.137195
74 0.138775
75 0.139521
76 0.140272
77 0.140556
78 0.141189
79 0.141935
80 0.144473
81 0.145864
82 0.14868
83 0.153822
84 0.157716
85 0.165444
86 0.172012
87 0.176006
88 0.182882
89 0.189615
90 0.19229
91 0.199201
92 0.20226
93 0.202172
94 0.202598
95 0.204757
96 0.20484
97 0.20542
98 0.206284
99 0.207107
100 0.207615
101 0.208278
102 0.208254
103 0.208669
104 0.208325
105 0.207284
106 0.206178
107 0.209538
108 0.210657
109 0.213805
110 0.218107
111 0.22
112 0.225154
113 0.229178
114 0.229917
115 0.234639
116 0.238485
117 0.239592
118 0.241219
119 0.240876
120 0.238769
121 0.237817
122 0.237947
123 0.237751
124 0.238385
125 0.238237
126 0.237361
127 0.238249
128 0.239935
129 0.241083
130 0.241923
131 0.243722
132 0.244408
133 0.249225
134 0.249243
135 0.250527
136 0.251923
137 0.253722
138 0.255178
139 0.255491
140 0.256107
141 0.256314
142 0.254503
143 0.253799
144 0.252598
145 0.252059
146 0.251095
147 0.250964
148 0.248722
149 0.247325
150 0.246663
151 0.244781
152 0.243692
153 0.243112
154 0.242249
155 0.241024
156 0.240095
157 0.237828
158 0.236243
159 0.235414
160 0.233976
161 0.233568
162 0.23274
163 0.231331
164 0.230047
165 0.229349
166 0.228627
167 0.228355
168 0.228479
169 0.227787
170 0.228728
171 0.22842
172 0.227663
173 0.226544
174 0.226337
175 0.226213
176 0.225633
177 0.225574
178 0.224521
179 0.224822
180 0.224947
181 0.224917
182 0.224243
183 0.224426
184 0.224213
185 0.222988
186 0.222574
187 0.221479
188 0.220959
189 0.221124
190 0.221296
191 0.221686
192 0.221562
193 0.221249
194 0.221118
195 0.222118
196 0.222012
197 0.222036
198 0.222272
199 0.222065
200 0.222083
201 0.222225
202 0.222586
203 0.222828
204 0.223178
205 0.22342
206 0.223237
207 0.222905
208 0.222497
209 0.222491
210 0.222521
211 0.222704
212 0.222923
213 0.22268
214 0.221988
215 0.222118
216 0.221722
217 0.221331
218 0.221402
219 0.221604
220 0.221627
221 0.221278
222 0.220822
223 0.221089
224 0.220805
225 0.220746
226 0.220858
227 0.220828
228 0.220769
229 0.220343
230 0.220325
231 0.220243
232 0.220071
233 0.220645
234 0.220692
235 0.221053
236 0.221107
237 0.220846
238 0.220769
239 0.220148
240 0.219497
241 0.21987
242 0.220799
243 0.220834
244 0.221533
245 0.221018
246 0.220858
247 0.221107
248 0.221107
249 0.220793
250 0.220503
251 0.22045
252 0.220154
253 0.219675
254 0.219414
255 0.219325
256 0.219379
257 0.219544
258 0.219527
259 0.219716
260 0.219651
261 0.219462
262 0.219154
263 0.219639
264 0.219402
265 0.219225
266 0.219107
267 0.218805
268 0.218609
269 0.218716
270 0.218675
271 0.218527
272 0.218166
273 0.21797
274 0.218325
275 0.218533
276 0.218385
277 0.217574
278 0.216982
279 0.216639
280 0.216615
281 0.216645
282 0.216905
283 0.217095
284 0.217757
285 0.217698
286 0.217929
287 0.217012
288 0.216787
289 0.215988
290 0.215012
291 0.214852
292 0.214426
293 0.214284
294 0.214314
295 0.215349
296 0.215302
297 0.215142
298 0.214941
299 0.214923
300 0.214947
301 0.214917
302 0.21513
303 0.214959
304 0.215059
305 0.21503
306 0.214846
307 0.215041
308 0.215349
309 0.215249
310 0.215787
311 0.216083
312 0.216402
313 0.216154
314 0.217982
315 0.218272
316 0.218562
317 0.21826
318 0.218012
319 0.217923
320 0.219166
321 0.219112
322 0.218781
323 0.218775
324 0.218822
325 0.219497
326 0.219757
327 0.21958
328 0.219592
329 0.219497
330 0.219521
331 0.219325
332 0.218876
333 0.218959
334 0.219355
335 0.219183
336 0.219349
337 0.219254
338 0.219396
339 0.219716
340 0.220041
341 0.22213
342 0.223284
343 0.225609
344 0.227923
345 0.229136
346 0.231609
347 0.232953
348 0.233254
349 0.233325
350 0.233178
351 0.232876
352 0.232722
353 0.232479
354 0.232302
355 0.232071
356 0.231698
357 0.231639
358 0.23174
359 0.231627
360 0.23158
361 0.231355
362 0.231343
363 0.231101
364 0.230899
365 0.230882
366 0.230686
367 0.230456
368 0.230225
369 0.230006
370 0.229036
371 0.228663
372 0.228686
373 0.228444
374 0.228219
375 0.22842
376 0.227432
377 0.227408
378 0.227083
379 0.226698
380 0.226899
381 0.226633
382 0.226627
383 0.226645
384 0.226923
385 0.228331
386 0.229757
387 0.230722
388 0.232521
389 0.235574
390 0.23671
391 0.238107
392 0.239083
393 0.239201
394 0.23984
395 0.242278
396 0.243112
397 0.243337
398 0.244112
399 0.244716
400 0.245249
401 0.246308
402 0.246432
403 0.247515
404 0.249024
405 0.248893
406 0.25058
407 0.252917
408 0.253408
409 0.255882
410 0.257639
411 0.259089
412 0.262006
413 0.266751
414 0.269142
415 0.273533
416 0.277959
417 0.279396
418 0.283876
419 0.287308
420 0.289479
421 0.292053
422 0.297172
423 0.299592
424 0.304426
425 0.310402
426 0.312231
427 0.317817
428 0.322249
429 0.323929
430 0.329728
431 0.334503
432 0.336692
433 0.342592
434 0.348059
435 0.351118
436 0.355663
437 0.359627
438 0.360675
439 0.364041
440 0.367213
441 0.368136
442 0.371657
443 0.373592
444 0.374645
445 0.382959
446 0.384361
447 0.384905
448 0.386527
449 0.389207
450 0.389929
451 0.392964
452 0.394704
453 0.396089
454 0.398278
455 0.400775
456 0.401112
457 0.402805
458 0.404367
459 0.40513
460 0.406533
461 0.408278
462 0.408781
463 0.410237
464 0.411343
465 0.411615
466 0.412024
467 0.412331
468 0.41197
469 0.412503
470 0.418183
471 0.41842
472 0.41845
473 0.418456
474 0.418337
475 0.418746
476 0.417964
477 0.416722
478 0.416751
479 0.416225
480 0.416231
481 0.416219
482 0.415704
483 0.415166
484 0.415639
485 0.415751
486 0.415609
487 0.415722
488 0.415799
489 0.415467
490 0.415124
491 0.415266
492 0.41503
493 0.415651
494 0.415207
495 0.416586
496 0.416308
497 0.41671
498 0.41629
499 0.419314
500 0.423858
501 0.426296
502 0.432615
503 0.440006
504 0.444538
505 0.451491
506 0.457355
507 0.460391
508 0.465757
509 0.470195
510 0.471882
511 0.473763
512 0.473929
513 0.474408
514 0.477663
515 0.479787
516 0.480864
517 0.485805
518 0.490663
519 0.493243
520 0.507527
521 0.510426
522 0.513006
523 0.517272
524 0.521503
525 0.523686
526 0.526686
527 0.529349
528 0.531325
529 0.531538
530 0.533041
531 0.532485
532 0.533284
533 0.532467
534 0.532893
535 0.535083
536 0.535385
537 0.535047
538 0.535391
539 0.535337
540 0.534586
541 0.532976
542 0.533651
543 0.53303
544 0.532822
545 0.533604
546 0.532432
547 0.532041
548 0.531899
549 0.531598
550 0.529609
551 0.528592
552 0.528207
553 0.527822
554 0.526012
555 0.525994
556 0.524692
557 0.523751
558 0.523479
559 0.522781
560 0.522166
561 0.521503
562 0.52071
563 0.520911
564 0.519195
565 0.518633
566 0.517272
567 0.517355
568 0.516041
569 0.51871
570 0.516355
571 0.519012
572 0.521101
573 0.521302
574 0.525237
575 0.52887
576 0.531249
577 0.534911
578 0.539337
579 0.541302
580 0.546018
581 0.551219
582 0.553509
583 0.558556
584 0.563615
585 0.566272
586 0.571633
587 0.576462
588 0.579083
589 0.584231
590 0.588982
591 0.591497
592 0.595893
593 0.605089
594 0.606787
595 0.623124
596 0.631107
597 0.634598
598 0.63945
599 0.645201
600 0.647154
601 0.651083
602 0.655243
603 0.656071
604 0.657899
605 0.661657
606 0.663367
607 0.671893
608 0.678716
609 0.681426
610 0.686083
611 0.690118
612 0.691805
613 0.69368
614 0.695799
615 0.696201
616 0.696615
617 0.697
618 0.696828
619 0.697237
620 0.707503
621 0.707325
622 0.70771
623 0.707657
624 0.707331
625 0.707769
626 0.707018
627 0.706266
628 0.706391
629 0.70697
630 0.70816
631 0.709604
632 0.712408
633 0.712302
634 0.713609
635 0.713515
636 0.715781
637 0.716367
638 0.717325
639 0.718633
640 0.719136
641 0.719249
642 0.719669
643 0.719716
644 0.720533
645 0.740888
646 0.74129
647 0.742645
648 0.743432
649 0.744793
650 0.746219
651 0.746615
652 0.746876
653 0.747373
654 0.747828
655 0.748562
656 0.748751
657 0.749083
658 0.749456
659 0.749024
660 0.748675
661 0.74855
662 0.748734
663 0.749089
664 0.748888
665 0.749012
666 0.748195
667 0.747657
668 0.747343
669 0.747485
670 0.748207
671 0.748355
672 0.747609
673 0.747391
674 0.746663
675 0.746314
676 0.746284
677 0.745367
678 0.745763
679 0.745953
680 0.746627
681 0.746893
682 0.746556
683 0.746284
684 0.746438
685 0.74597
686 0.745923
687 0.74571
688 0.745225
689 0.745716
690 0.745568
691 0.744787
692 0.744959
693 0.744988
694 0.745053
695 0.751101
696 0.750343
697 0.750361
698 0.749621
699 0.749633
700 0.749166
701 0.749237
702 0.748639
703 0.748817
704 0.749243
705 0.749586
706 0.751704
707 0.752041
708 0.752456
709 0.753728
710 0.756243
711 0.758101
712 0.758408
713 0.759266
714 0.75968
715 0.759929
716 0.762284
717 0.76584
718 0.770763
719 0.776787
720 0.817941
721 0.816911
722 0.817284
723 0.817314
724 0.818059
725 0.817852
726 0.818692
727 0.818083
728 0.817852
729 0.81842
730 0.817876
731 0.819692
732 0.82032
733 0.819917
734 0.822675
735 0.824876
736 0.82755
737 0.830686
738 0.832757
739 0.832876
740 0.835917
741 0.835893
742 0.837692
743 0.838254
744 0.838391
745 0.854911
746 0.856379
747 0.856183
748 0.856414
749 0.856911
750 0.857858
751 0.861604
752 0.862438
753 0.862497
754 0.862195
755 0.862053
756 0.862858
757 0.863385
758 0.865012
759 0.863982
760 0.863935
761 0.863959
762 0.865178
763 0.869077
764 0.869911
765 0.87058
766 0.870793
767 0.871793
768 0.87229
769 0.873905
770 0.887041
771 0.887219
772 0.887272
773 0.887527
774 0.887781
775 0.887686
776 0.887509
777 0.887521
778 0.887414
779 0.887331
780 0.887426
781 0.887024
782 0.886976
783 0.88668
784 0.886473
785 0.886006
786 0.885698
787 0.885982
788 0.885669
789 0.885225
790 0.884692
791 0.884503
792 0.884142
793 0.883249
794 0.882337
795 0.878308
796 0.878349
797 0.878089
798 0.877734
799 0.876964
800 0.87597
801 0.874805
802 0.872953
803 0.871213
804 0.871172
805 0.870692
806 0.869846
807 0.870047
808 0.868698
809 0.869095
810 0.868799
811 0.870858
812 0.87255
813 0.87484
814 0.880071
815 0.880888
816 0.881568
817 0.882538
818 0.88368
819 0.883485
820 0.885704
821 0.885278
822 0.885615
823 0.885994
824 0.886219
825 0.886846
826 0.887675
827 0.887314
828 0.887781
829 0.887586
830 0.887609
831 0.887751
832 0.888402
833 0.888692
834 0.888568
835 0.888349
836 0.888704
837 0.888349
838 0.888444
839 0.888941
840 0.888893
841 0.889071
842 0.889166
843 0.889166
844 0.889485
845 0.890065
846 0.889941
847 0.889994
848 0.889722
849 0.889722
850 0.889686
851 0.889728
852 0.889757
853 0.889716
854 0.889953
855 0.889964
856 0.889846
857 0.88968
858 0.889521
859 0.889367
860 0.88942
861 0.889284
862 0.889355
863 0.889544
864 0.889408
865 0.889763
866 0.889728
867 0.889959
868 0.890024
869 0.890107
870 0.888243
871 0.887947
872 0.888219
873 0.888314
874 0.888343
875 0.888609
876 0.888515
877 0.888669
878 0.888509
879 0.888414
880 0.889651
881 0.889627
882 0.889941
883 0.889373
884 0.889337
885 0.889456
886 0.889438
887 0.889479
888 0.889722
889 0.88974
890 0.889373
891 0.889426
892 0.889207
893 0.889266
894 0.889053
895 0.889118
896 0.88916
897 0.88916
898 0.889071
899 0.888899
900 0.888882
901 0.889107
902 0.889219
903 0.889142
904 0.889142
905 0.889071
906 0.889349
907 0.889396
908 0.889544
909 0.889562
910 0.890041
911 0.890148
912 0.89003
913 0.890355
914 0.890556
915 0.89055
916 0.890574
917 0.89087
918 0.890509
919 0.890432
920 0.890024
921 0.890172
922 0.890219
923 0.890479
924 0.890491
925 0.89058
926 0.89042
927 0.890456
928 0.890497
929 0.890308
930 0.88826
931 0.888462
932 0.888462
933 0.888728
934 0.888598
935 0.888929
936 0.888882
937 0.888834
938 0.888787
939 0.889053
940 0.889018
941 0.889047
942 0.888828
943 0.888538
944 0.88858
945 0.888237
946 0.887953
947 0.88816
948 0.888509
949 0.888479
950 0.888284
951 0.888438
952 0.888432
953 0.888473
954 0.888391
955 0.889272
956 0.889225
957 0.889272
958 0.889414
959 0.889089
960 0.889219
961 0.889172
962 0.889183
963 0.889556
964 0.889515
965 0.889533
966 0.889586
967 0.88974
968 0.889675
969 0.889503
970 0.889385
971 0.888976
972 0.889024
973 0.888964
974 0.888846
975 0.888598
976 0.888272
977 0.888207
978 0.88787
979 0.887751
980 0.886485
981 0.886296
982 0.886148
983 0.886036
984 0.886278
985 0.886432
986 0.886396
987 0.886432
988 0.88684
989 0.887308
990 0.887343
991 0.888
992 0.887834
993 0.887763
994 0.88813
995 0.888148
996 0.888077
997 0.887953
998 0.888278
999 0.888456
1000 0.888769
1001 0.889095
1002 0.889166
1003 0.889497
1004 0.889367
1005 0.88929
1006 0.889609
1007 0.889343
1008 0.889568
1009 0.889905
1010 0.890047
1011 0.886296
1012 0.886787
1013 0.886669
1014 0.886213
1015 0.886615
1016 0.886929
1017 0.886491
1018 0.886805
1019 0.887118
1020 0.887207
1021 0.887456
1022 0.887414
1023 0.887041
1024 0.887148
1025 0.886864
1026 0.886929
1027 0.886704
1028 0.886905
1029 0.886911
1030 0.887107
1031 0.886964
1032 0.887071
1033 0.887018
1034 0.887148
1035 0.886923
1036 0.887621
1037 0.887627
1038 0.887533
1039 0.88732
1040 0.887562
1041 0.887373
1042 0.887343
1043 0.887538
1044 0.887473
1045 0.887432
1046 0.887302
1047 0.887325
1048 0.887189
1049 0.887266
1050 0.887391
1051 0.887485
1052 0.887586
1053 0.887621
1054 0.887935
1055 0.888065
1056 0.888189
1057 0.888053
1058 0.88816
1059 0.888296
1060 0.888645
1061 0.886976
1062 0.887414
1063 0.887213
1064 0.887059
1065 0.887189
1066 0.887189
1067 0.887183
1068 0.887237
1069 0.887207
1070 0.887225
1071 0.887249
1072 0.887012
1073 0.887041
1074 0.88703
1075 0.887266
1076 0.887278
1077 0.887337
1078 0.887314
1079 0.887367
1080 0.887314
1081 0.887349
1082 0.887089
1083 0.887107
1084 0.887195
1085 0.887178
1086 0.885337
1087 0.884994
1088 0.885213
1089 0.88555
1090 0.885515
1091 0.88574
1092 0.88574
1093 0.885343
1094 0.885485
1095 0.88555
1096 0.885467
1097 0.885408
1098 0.88526
1099 0.885675
1100 0.885799
1101 0.885692
1102 0.885899
1103 0.886
1104 0.885994
1105 0.885982
1106 0.885834
1107 0.885982
1108 0.886231
1109 0.886343
1110 0.88655
1111 0.885077
1112 0.885071
1113 0.885385
1114 0.885272
1115 0.88558
1116 0.885675
1117 0.885669
1118 0.885988
1119 0.886254
1120 0.886556
1121 0.886817
1122 0.887065
1123 0.886828
1124 0.886941
1125 0.886562
1126 0.886408
1127 0.885645
1128 0.885609
1129 0.885763
1130 0.885249
1131 0.885467
1132 0.885876
1133 0.885805
1134 0.885166
1135 0.885959
1136 0.886231
1137 0.886325
1138 0.886633
1139 0.886793
1140 0.886959
1141 0.886822
1142 0.886633
1143 0.886485
1144 0.886314
1145 0.886527
1146 0.886781
1147 0.886343
1148 0.886627
1149 0.887266
1150 0.887391
1151 0.887325
1152 0.888195
1153 0.888456
1154 0.888604
1155 0.888568
1156 0.888266
1157 0.887781
1158 0.88768
1159 0.887799
1160 0.887692
1161 0.886018
1162 0.885373
1163 0.885609
1164 0.885213
1165 0.885467
1166 0.885929
1167 0.885941
1168 0.886473
1169 0.886379
1170 0.886781
1171 0.886822
1172 0.887112
1173 0.886811
1174 0.887036
1175 0.887213
1176 0.887136
1177 0.887284
1178 0.887148
1179 0.887302
1180 0.88755
1181 0.887876
1182 0.887805
1183 0.887811
1184 0.888012
1185 0.888077
1186 0.886124
1187 0.885994
1188 0.886172
1189 0.88642
1190 0.88626
1191 0.886272
1192 0.886006
1193 0.886201
1194 0.886154
1195 0.886325
1196 0.886314
1197 0.88716
1198 0.886988
1199 0.887385
1200 0.887361
1201 0.887509
1202 0.887396
1203 0.887272
1204 0.887391
1205 0.887148
1206 0.887266
1207 0.887456
1208 0.887503
1209 0.88732
1210 0.88755
1211 0.889083
1212 0.888716
1213 0.888692
1214 0.888621
1215 0.88874
1216 0.888331
1217 0.888101
1218 0.888201
1219 0.887982
1220 0.888077
1221 0.888124
1222 0.888308
1223 0.88832
1224 0.888331
1225 0.888604
1226 0.888645
1227 0.888805
1228 0.889012
1229 0.889118
1230 0.889568
1231 0.889337
1232 0.889136
1233 0.888663
1234 0.88855
1235 0.888509
1236 0.888373
1237 0.888189
1238 0.887929
1239 0.887615
1240 0.887284
1241 0.887385
1242 0.887521
1243 0.887574
1244 0.887947
1245 0.888107
1246 0.888195
1247 0.888237
1248 0.88787
1249 0.888089
1250 0.887953
1251 0.887911
1252 0.887361
1253 0.887456
1254 0.887225
1255 0.887213
1256 0.887083
1257 0.886905
1258 0.886959
1259 0.887124
1260 0.887047
1261 0.885716
1262 0.885521
1263 0.885828
1264 0.886213
1265 0.886598
1266 0.88655
1267 0.886686
1268 0.886716
1269 0.886408
1270 0.886243
1271 0.886349
1272 0.88684
1273 0.886379
1274 0.886663
1275 0.886905
1276 0.887249
1277 0.887923
1278 0.887669
1279 0.88826
1280 0.888112
1281 0.888118
1282 0.887953
1283 0.888266
1284 0.888331
1285 0.887899
1286 0.88726
1287 0.886686
1288 0.886876
1289 0.886609
1290 0.886669
1291 0.886828
1292 0.886888
1293 0.886462
1294 0.886509
1295 0.887036
1296 0.886645
1297 0.886982
1298 0.886893
1299 0.887349
1300 0.88787
1301 0.888036
1302 0.887905
1303 0.888012
1304 0.887911
1305 0.887633
1306 0.887645
1307 0.888083
1308 0.888479
1309 0.888598
1310 0.888586
1311 0.887911
1312 0.887651
1313 0.887556
1314 0.887503
1315 0.88716
1316 0.886994
1317 0.887302
1318 0.887485
1319 0.887728
1320 0.887846
1321 0.888189
1322 0.888568
1323 0.888959
1324 0.888775
1325 0.888923
1326 0.889059
1327 0.88897
1328 0.889024
1329 0.889041
1330 0.889071
1331 0.889213
1332 0.889089
1333 0.888882
1334 0.888858
1335 0.889089
1336 0.888006
1337 0.888183
1338 0.887846
1339 0.887716
1340 0.888083
1341 0.887959
1342 0.887923
1343 0.887757
1344 0.887598
1345 0.887657
1346 0.887562
1347 0.887763
1348 0.887763
1349 0.88768
1350 0.887408
1351 0.887302
1352 0.887751
1353 0.887456
1354 0.886982
1355 0.886935
1356 0.886728
1357 0.887053
1358 0.887107
1359 0.886817
1360 0.886817
1361 0.887071
1362 0.886953
1363 0.886964
1364 0.886888
1365 0.886787
1366 0.886982
1367 0.887136
1368 0.887083
1369 0.88687
1370 0.887071
1371 0.887278
1372 0.888876
1373 0.888834
1374 0.88884
1375 0.888763
1376 0.888976
1377 0.888728
1378 0.888846
1379 0.888793
1380 0.888988
1381 0.889101
1382 0.889053
1383 0.889314
1384 0.889201
1385 0.889462
1386 0.890077
1387 0.889562
1388 0.890047
1389 0.889811
1390 0.88932
1391 0.88945
1392 0.889331
1393 0.889621
1394 0.889734
1395 0.889817
1396 0.890272
1397 0.890213
1398 0.890444
1399 0.890639
1400 0.891237
1401 0.89126
1402 0.891361
1403 0.891379
1404 0.891716
1405 0.891811
1406 0.891988
1407 0.892095
1408 0.892254
1409 0.892331
1410 0.892467
1411 0.891385
1412 0.891343
1413 0.891083
1414 0.890639
1415 0.890527
1416 0.891
1417 0.891089
1418 0.890911
1419 0.890994
1420 0.891231
1421 0.890734
1422 0.891509
1423 0.891249
1424 0.891272
1425 0.890533
1426 0.890592
1427 0.890308
1428 0.890964
1429 0.890609
1430 0.890716
1431 0.890118
1432 0.889722
1433 0.889266
1434 0.889964
1435 0.88974
1436 0.891426
1437 0.891089
1438 0.890278
1439 0.89
1440 0.889882
1441 0.889586
1442 0.888846
1443 0.889479
1444 0.88913
1445 0.88929
1446 0.889266
1447 0.88958
1448 0.888899
1449 0.888698
1450 0.889189
1451 0.889089
1452 0.889976
1453 0.890633
1454 0.890343
1455 0.889828
1456 0.889485
1457 0.889391
1458 0.890083
1459 0.889935
1460 0.889627
1461 0.891432
1462 0.891562
1463 0.892556
1464 0.892822
1465 0.892994
1466 0.893426
1467 0.893331
1468 0.893905
1469 0.893426
1470 0.893296
1471 0.894722
1472 0.895598
1473 0.895006
1474 0.894006
1475 0.894112
1476 0.895183
1477 0.894728
1478 0.895544
1479 0.894231
1480 0.893734
1481 0.893633
1482 0.893562
1483 0.892811
1484 0.89326
1485 0.892592
1486 0.892095
1487 0.892817
1488 0.893757
1489 0.894604
1490 0.893888
1491 0.895692
1492 0.896278
1493 0.895089
1494 0.896355
1495 0.89555
1496 0.895533
1497 0.896284
1498 0.895763
1499 0.894988
1500 0.89716
1501 0.897663
1502 0.898189
1503 0.89813
1504 0.898651
1505 0.899142
1506 0.898704
1507 0.898396
1508 0.897503
1509 0.899568
1510 0.900905
1511 0.904882
1512 0.905544
1513 0.904888
1514 0.905497
1515 0.905574
1516 0.904
1517 0.904473
1518 0.904237
1519 0.904716
1520 0.90384
1521 0.903994
1522 0.902651
1523 0.902479
1524 0.902047
1525 0.903615
1526 0.903077
1527 0.904189
1528 0.904953
1529 0.904663
1530 0.904266
1531 0.904757
1532 0.904331
1533 0.903308
1534 0.902373
1535 0.902947
1536 0.900331
1537 0.900935
1538 0.901112
1539 0.901101
1540 0.899237
1541 0.899521
1542 0.898586
1543 0.896787
1544 0.897515
1545 0.898479
1546 0.898734
1547 0.898775
1548 0.89916
1549 0.897692
1550 0.894793
1551 0.891663
1552 0.889396
1553 0.887083
1554 0.884272
1555 0.882704
1556 0.882645
1557 0.882639
1558 0.884349
1559 0.883302
1560 0.88529
1561 0.886953
1562 0.887266
1563 0.887746
1564 0.886562
1565 0.886692
1566 0.887556
1567 0.886734
1568 0.886225
1569 0.886615
1570 0.886024
1571 0.884426
1572 0.88332
1573 0.885663
1574 0.885154
1575 0.889036
1576 0.889781
1577 0.891041
1578 0.892142
1579 0.894935
1580 0.89758
1581 0.900059
1582 0.90084
1583 0.900249
1584 0.899698
1585 0.900142
1586 0.901935
1587 0.899231
1588 0.897911
1589 0.897
1590 0.894018
1591 0.894101
1592 0.894456
1593 0.893355
1594 0.890609
1595 0.890675
1596 0.890515
1597 0.892533
1598 0.892698
1599 0.892935
1600 0.890402
1601 0.890627
1602 0.890663
1603 0.891503
1604 0.890521
1605 0.890343
1606 0.888302
1607 0.891112
1608 0.893172
1609 0.894018
1610 0.894533
1611 0.894959
1612 0.89897
1613 0.900438
1614 0.901024
1615 0.900473
1616 0.900124
1617 0.900917
1618 0.898893
1619 0.897686
1620 0.896272
1621 0.898746
1622 0.899592
1623 0.900899
1624 0.902698
1625 0.90384
1626 0.904172
1627 0.907467
1628 0.90858
1629 0.912645
1630 0.915225
1631 0.914615
1632 0.915917
1633 0.918923
1634 0.919509
1635 0.919627
1636 0.919426
1637 0.918586
1638 0.91771
1639 0.916426
1640 0.915592
1641 0.913852
1642 0.915272
1643 0.916438
1644 0.914272
1645 0.912331
1646 0.913195
1647 0.914178
1648 0.912379
1649 0.912456
1650 0.910183
1651 0.910775
1652 0.91026
1653 0.910302
1654 0.909059
1655 0.908485
1656 0.906325
1657 0.904609
1658 0.904136
1659 0.901899
1660 0.902592
1661 0.905107
1662 0.903941
1663 0.899822
1664 0.900349
1665 0.899568
1666 0.899361
1667 0.898852
1668 0.901396
1669 0.901669
1670 0.904521
1671 0.907527
1672 0.908698
1673 0.909101
1674 0.910124
1675 0.909858
1676 0.908639
1677 0.906574
1678 0.904604
1679 0.902142
1680 0.897101
1681 0.893355
1682 0.892379
1683 0.88745
1684 0.883598
1685 0.882402
1686 0.875657
1687 0.873491
1688 0.872012
1689 0.870663
1690 0.868763
1691 0.86555
1692 0.867775
1693 0.869852
1694 0.869598
1695 0.869485
1696 0.869438
1697 0.869101
1698 0.870154
1699 0.867213
1700 0.868213
1701 0.868544
1702 0.866627
1703 0.865284
1704 0.866757
1705 0.867331
1706 0.868065
1707 0.864775
1708 0.85974
1709 0.855728
1710 0.849231
1711 0.839533
1712 0.837089
1713 0.832172
1714 0.827402
1715 0.826698
1716 0.824189
1717 0.822544
1718 0.821976
1719 0.820006
1720 0.819899
1721 0.820544
1722 0.819361
1723 0.819018
1724 0.819107
1725 0.816408
1726 0.814858
1727 0.814497
1728 0.811988
1729 0.81003
1730 0.808657
1731 0.801533
1732 0.791893
1733 0.784337
1734 0.746893
1735 0.732053
1736 0.686515
1737 0.677266
1738 0.652615
1739 0.645947
1740 0.637864
1741 0.604568
1742 0.600172
1743 0.591533
1744 0.564237
1745 0.560953
1746 0.556343
1747 0.554308
1748 0.515243
1749 0.508089
1750 0.505858
1751 0.503935
1752 0.504101
1753 0.48816
1754 0.486065
1755 0.48358
1756 0.479817
1757 0.476438
1758 0.477237
1759 0.471609
1760 0.470953
1761 0.465296
1762 0.463544
1763 0.463438
1764 0.456787
1765 0.456485
1766 0.456172
1767 0.470071
1768 0.474521
1769 0.475556
1770 0.477089
1771 0.476746
1772 0.487651
1773 0.490959
1774 0.489899
1775 0.487633
1776 0.494225
1777 0.492231
1778 0.49013
1779 0.481988
1780 0.474669
1781 0.472337
1782 0.465822
1783 0.458296
1784 0.457047
1785 0.449396
1786 0.446864
1787 0.444213
1788 0.432917
1789 0.423964
1790 0.422178
1791 0.416183
1792 0.409059
1793 0.405751
1794 0.399722
1795 0.391858
1796 0.389314
1797 0.383621
1798 0.381112
1799 0.385568
1800 0.381609
1801 0.387964
1802 0.385515
1803 0.38932
1804 0.389396
1805 0.391811
1806 0.39345
1807 0.392053
1808 0.394479
1809 0.392746
1810 0.39755
1811 0.389237
1812 0.388722
1813 0.387213
1814 0.383166
1815 0.380136
1816 0.373361
1817 0.371746
1818 0.369225
1819 0.370538
1820 0.369444
1821 0.372089
1822 0.373609
1823 0.375207
1824 0.373118
1825 0.368615
1826 0.366183
1827 0.36213
1828 0.356929
1829 0.358438
1830 0.348905
1831 0.344302
1832 0.341219
1833 0.335148
1834 0.331533
1835 0.32703
1836 0.320538
1837 0.316751
1838 0.314722
1839 0.30684
1840 0.303237
1841 0.301627
1842 0.291124
1843 0.282041
1844 0.279302
1845 0.271237
1846 0.265858
1847 0.262929
1848 0.25603
1849 0.24832
1850 0.245047
1851 0.235438
1852 0.225355
1853 0.221479
1854 0.214615
1855 0.215201
1856 0.216331
1857 0.216142
1858 0.220077
1859 0.217964
1860 0.217556
1861 0.213325
1862 0.210947
1863 0.206012
1864 0.196923
1865 0.194426
1866 0.187917
1867 0.189467
1868 0.193154
1869 0.202136
1870 0.210077
1871 0.212781
1872 0.220994
1873 0.22355
1874 0.223432
1875 0.223763
1876 0.226556
1877 0.227018
1878 0.230633
1879 0.236438
1880 0.23855
1881 0.245243
1882 0.254947
1883 0.253953
1884 0.262562
1885 0.270178
1886 0.278077
1887 0.285669
1888 0.296663
1889 0.300107
1890 0.309479
1891 0.31916
1892 0.322142
1893 0.331213
1894 0.338296
1895 0.339473
1896 0.338041
1897 0.340373
1898 0.34187
1899 0.348178
1900 0.360669
1901 0.365799
1902 0.392178
1903 0.419858
1904 0.427976
1905 0.446296
1906 0.472686
1907 0.475763
1908 0.482189
1909 0.488876
1910 0.488124
1911 0.47329
1912 0.466657
1913 0.466089
1914 0.457716
1915 0.452095
1916 0.448941
1917 0.441858
1918 0.436822
1919 0.43542
1920 0.427065
1921 0.422982
1922 0.417988
1923 0.416278
1924 0.412444
1925 0.386367
1926 0.38087
1927 0.377142
1928 0.369645
1929 0.360473
1930 0.354041
1931 0.350864
1932 0.343148
1933 0.315065
1934 0.31113
1935 0.303805
1936 0.294876
1937 0.292012
1938 0.290296
1939 0.283006
1940 0.282669
1941 0.278462
1942 0.271462
1943 0.277716
1944 0.27216
1945 0.265118
1946 0.262337
1947 0.24903
1948 0.24087
1949 0.236006
1950 0.225225
1951 0.216201
1952 0.208621
1953 0.194325
1954 0.187669
1955 0.183562
1956 0.174237
1957 0.164325
1958 0.159503
1959 0.15071
1960 0.140692
1961 0.128503
1962 0.123302
1963 0.116006
1964 0.113266
1965 0.100444
1966 0.0912544
1967 0.0851479
1968 0.0731361
1969 0.0639172
1970 0.059355
1971 0.0478047
1972 0.033858
1973 0.0299172
1974 0.0230769
1975 0.018355
1976 0.016432
1977 0.0121065
1978 0.00886391
1979 0.00816568
1980 0.00821302
1981 0.00785799
1982 0.00771598
1983 0.00736095
1984 0.0070355
1985 0.00666864
1986 0.00614201
1987 0.00554438
1988 0.00530769
1989 0.00472189
1990 0.00459763
1991 0.00471006
1992 0.00487574
1993 0.00473373
1994 0.00469822
1995 0.00493491
1996 0.00452071
1997 0.00436095
1998 0.00419527
1999 0.00422485
2000 0.00442012
2001 0.00823669
2002 0.0178284
2003 0.0236568
2004 0.0369645
2005 0.0511716
2006 0.0585858
2007 0.0746509
2008 0.0913195
2009 0.100148
2010 0.118361
2011 0.136107
2012 0.142692
2013 0.162462
2014 0.180521
2015 0.194107
2016 0.215799
2017 0.23632
2018 0.254633
2019 0.275166
2020 0.289751
2021 0.296698
2022 0.308402
2023 0.316834
2024 0.32784
2025 0.345107
2026 0.360692
2027 0.368852
2028 0.383373
2029 0.398219
2030 0.404515
2031 0.405935
2032 0.404645
2033 0.407639
2034 0.400586
2035 0.391604
2036 0.392692
2037 0.385509
2038 0.355296
2039 0.35345
2040 0.342012
2041 0.334396
2042 0.314207
2043 0.306704
2044 0.283237
2045 0.279065
2046 0.268337
2047 0.259888
2048 0.258491
2049 0.247213
2050 0.238911
2051 0.236562
2052 0.231391
2053 0.219112
2054 0.21758
2055 0.20787
2056 0.197284
2057 0.193243
2058 0.179846
2059 0.173769
2060 0.169254
2061 0.148467
2062 0.135373
2063 0.131195
2064 0.122988
2065 0.110657
2066 0.104757
2067 0.0945207
2068 0.0873373
2069 0.0868639
2070 0.0814024
2071 0.0780947
2072 0.0745089
2073 0.065284
2074 0.0602959
2075 0.0581006
2076 0.0511716
2077 0.0427811
2078 0.0396331
2079 0.0320237
2080 0.026716
2081 0.024284
2082 0.0193314
2083 0.0152071
2084 0.0145917
2085 0.0147574
2086 0.0149527
2087 0.0142012
2088 0.0138994
2089 0.0135799
2090 0.0134556
2091 0.013142
2092 0.0130296
2093 0.0131065
2094 0.0128994
2095 0.0131302
2096 0.0136095
2097 0.0138994
2098 0.0137988
2099 0.013716
2100 0.0150769
2101 0.0177633
2102 0.019787
2103 0.0243669
2104 0.029645
2105 0.0326036
2106 0.0385562
2107 0.0459349
2108 0.0502485
2109 0.0582544
2110 0.0692367
2111 0.075284
2112 0.086929
2113 0.0977574
2114 0.103325
2115 0.117213
2116 0.129692
2117 0.138657
2118 0.153396
2119 0.171929
2120 0.180136
2121 0.198355
2122 0.215716
2123 0.232686
2124 0.257899
2125 0.27955
2126 0.286704
2127 0.325213
2128 0.362828
2129 0.376976
2130 0.405083
2131 0.434562
2132 0.448
2133 0.467154
2134 0.476935
2135 0.480586
2136 0.510284
2137 0.512314
2138 0.512793
2139 0.51174
2140 0.512456
2141 0.512799
2142 0.511237
2143 0.504462
2144 0.501538
2145 0.493781
2146 0.490639
2147 0.487941
2148 0.480515
2149 0.475787
2150 0.469959
2151 0.463876
2152 0.390385
2153 0.385385
2154 0.339219
2155 0.339041
2156 0.341817
2157 0.323627
2158 0.326
2159 0.327278
2160 0.324592
2161 0.316716
2162 0.315
2163 0.313379
2164 0.311266
2165 0.309852
2166 0.303929
2167 0.298355
2168 0.296964
2169 0.289183
2170 0.28287
2171 0.280734
2172 0.27045
2173 0.267799
2174 0.267302
2175 0.257237
2176 0.234568
2177 0.228485
2178 0.216089
2179 0.207
2180 0.195426
2181 0.18113
2182 0.168024
2183 0.16326
2184 0.150858
2185 0.134237
2186 0.123716
2187 0.113959
2188 0.105426
2189 0.100006
2190 0.0875621
2191 0.078858
2192 0.074858
2193 0.0646154
2194 0.0574142
2195 0.0539704
2196 0.0472249
2197 0.0406509
2198 0.0386746
2199 0.0317988
2200 0.027142
2201 0.0241598
2202 0.0213136
2203 0.0182604
2204 0.0175503
2205 0.0161834
2206 0.0144024
2207 0.0139112
2208 0.012284
2209 0.0107219
2210 0.00981065
2211 0.00849112
2212 0.00572781
2213 0.00442604
2214 0.00299408
2215 0.00236686
2216 0.00211243
2217 0.00252071
2218 0.00246154
2219 0.00221302
2220 0.00226627
2221 0.0022071
2222 0.00249112
2223 0.00286391
2224 0.00253254
2225 0.00309467
2226 0.00269231
2227 0.00275148
2228 0.00282249
2229 0.00335503
2230 0.00314793
2231 0.00299408
2232 0.00330178
2233 0.00318935
2234 0.00308876
2235 0.00330769
2236 0.00378698
2237 0.0037929
2238 0.00402367
2239 0.00375148
2240 0.00402959
2241 0.00420118
2242 0.00377515
2243 0.00384615
2244 0.00292308
2245 0.00361538
2246 0.00385207
2247 0.0042071
2248 0.00419527
2249 0.00418935
2250 0.00463314
2251 0.00476923
2252 0.00501183
2253 0.00561538
2254 0.00612426
2255 0.00643787
2256 0.00627811
2257 0.00577515
2258 0.00652071
2259 0.00666864
2260 0.00713018
2261 0.00766864
2262 0.0075503
2263 0.0083787
2264 0.00836095
2265 0.00898225
2266 0.0115325
2267 0.0137515
2268 0.0193373
2269 0.0272426
2270 0.0309763
2271 0.0400355
2272 0.0486982
2273 0.0532781
2274 0.0628107
2275 0.0715385
2276 0.0742959
2277 0.0798225
2278 0.0829172
2279 0.0851657
2280 0.0885089
2281 0.0922485
2282 0.0940533
2283 0.0976272
2284 0.0996686
2285 0.100746
2286 0.103556
2287 0.10426
2288 0.105024
2289 0.106586
2290 0.106497
2291 0.106219
2292 0.105811
2293 0.103822
2294 0.102964
2295 0.102633
2296 0.101172
2297 0.100817
2298 0.101302
2299 0.105077
2300 0.106858
2301 0.111657
2302 0.11113
2303 0.110651
2304 0.112385
2305 0.112728
2306 0.111722
2307 0.111609
2308 0.111396
2309 0.110231
2310 0.108266
2311 0.108509
2312 0.108734
2313 0.104917
2314 0.0984379
2315 0.0967278
2316 0.0918817
2317 0.0890296
2318 0.0865266
2319 0.0818876
2320 0.0781243
2321 0.0767396
2322 0.0719231
2323 0.0706923
2324 0.0689882
2325 0.0652308
2326 0.0620237
2327 0.0611124
2328 0.0601598
2329 0.0580355
2330 0.0560828
2331 0.0535976
2332 0.0518107
2333 0.0503846
2334 0.0462367
2335 0.041574
2336 0.0414497
2337 0.0368343
2338 0.0334793
2339 0.0319231
2340 0.0303787
2341 0.0290592
2342 0.0278994
2343 0.0264556
2344 0.0243254
2345 0.023858
2346 0.0224734
2347 0.0199053
2348 0.0179704
2349 0.0167396
2350 0.0175503
2351 0.0196982
2352 0.0206805
2353 0.0206982
2354 0.0205266
2355 0.0192012
2356 0.0185976
2357 0.0185503
2358 0.0181243
2359 0.0170828
2360 0.0160533
2361 0.0161893
2362 0.0159941
2363 0.0162544
2364 0.0166923
2365 0.0163964
2366 0.0163077
2367 0.0166154
2368 0.0166746
2369 0.0167101
2370 0.0169822
2371 0.0168994
2372 0.0174497
2373 0.0175858
2374 0.0175976
2375 0.0172308
2376 0.0171834
2377 0.0161243
2378 0.0157692
2379 0.015929
2380 0.0151065
2381 0.0148166
2382 0.0139882
2383 0.0179645
2384 0.0231124
2385 0.0361006
2386 0.0512781
2387 0.057787
2388 0.0696746
2389 0.0780237
2390 0.0791183
2391 0.0805503
2392 0.0842071
2393 0.0846923
2394 0.0849467
2395 0.0895562
2396 0.0892249
2397 0.088426
2398 0.0897515
2399 0.0896331
2400 0.0890414
2401 0.088355
2402 0.088716
2403 0.0877041
2404 0.0881657
2405 0.0883964
2406 0.088142
2407 0.0879586
2408 0.086787
2409 0.0862367
2410 0.0827633
2411 0.0823314
2412 0.0844675
2413 0.0806746
2414 0.0740769
2415 0.0680237
2416 0.0611183
2417 0.0608284
2418 0.0570769
2419 0.0511183
2420 0.0483905
2421 0.0406095
2422 0.0355266
2423 0.0327219
2424 0.0269882
2425 0.0225503
2426 0.0203018
2427 0.0157515
2428 0.010716
2429 0.00854438
2430 0.00439053
2431 0.0016213
2432 0.0012071
2433 0.0118402
2434 0.0246627
2435 0.0305621
2436 0.0399467
2437 0.0453018
2438 0.0473905
2439 0.0489053
2440 0.051432
2441 0.0527041
2442 0.0543964
2443 0.0552899
2444 0.0559527
2445 0.0567811
2446 0.0563432
2447 0.0562663
2448 0.0576805
2449 0.0580592
2450 0.0583728
2451 0.0577574
2452 0.0562604
2453 0.0565266
2454 0.0562604
2455 0.0565148
2456 0.0556095
2457 0.0553195
2458 0.055432
2459 0.0565444
2460 0.0557041
2461 0.0568817
2462 0.0563669
2463 0.0532544
2464 0.0483728
2465 0.045432
2466 0.0408935
2467 0.0348698
2468 0.0323669
2469 0.0290237
2470 0.0251598
2471 0.0231775
2472 0.0202426
2473 0.0176568
2474 0.0163964
2475 0.0142249
2476 0.015142
2477 0.0170888
2478 0.018574
2479 0.0165503
2480 0.0158935
2481 0.0159408
2482 0.0171302
2483 0.0175325
2484 0.0179349
2485 0.0181065
2486 0.0186864
2487 0.0188698
2488 0.0190059
2489 0.0191657
2490 0.0194024
2491 0.020284
2492 0.0200296
2493 0.0199231
2494 0.0198757
2495 0.0196036
2496 0.0199822
2497 0.0201657
2498 0.0200947
2499 0.0203018
2500 0.0203077
2501 0.0202367
2502 0.0200178
2503 0.0204024
2504 0.0207515
2505 0.0207456
2506 0.0207751
2507 0.020355
2508 0.0266154
2509 0.0353964
2510 0.0403018
2511 0.0491361
2512 0.0584734
2513 0.063
2514 0.0730828
2515 0.0758639
2516 0.0755562
2517 0.0761243
2518 0.0760059
2519 0.0767278
2520 0.0797929
2521 0.0801598
2522 0.0813964
2523 0.0838994
2524 0.0852308
2525 0.0853905
2526 0.0868284
2527 0.0884675
2528 0.0897456
2529 0.0915562
2530 0.0919586
2531 0.0916331
2532 0.0914556
2533 0.0910888
2534 0.0911183
2535 0.0912308
2536 0.0916095
2537 0.091568
2538 0.0923018
2539 0.0923373
2540 0.0930178
2541 0.090929
2542 0.0894201
2543 0.0883846
2544 0.0863136
2545 0.0884142
2546 0.0866391
2547 0.0837515
2548 0.0848876
2549 0.0835858
2550 0.0783018
2551 0.0731065
2552 0.0721479
2553 0.0683077
2554 0.0647751
2555 0.0627278
2556 0.0578107
2557 0.0510592
2558 0.0489645
2559 0.0419882
2560 0.0363609
2561 0.0339941
2562 0.028432
2563 0.0236627
2564 0.0209704
2565 0.0167456
2566 0.0123964
2567 0.00993491
2568 0.00649112
2569 0.00439645
2570 0.00368639
2571 0.00252663
2572 0.00176923
2573 0.0016568
2574 0.00174556
2575 0.00182249
2576 0.00181065
2577 0.0018284
2578 0.00181065
2579 0.00179882
2580 0.00176923
2581 0.00172189
2582 0.00176331
2583 0.00169231
2584 0.00169231
2585 0.00165089
2586 0.00236686
2587 0.00220118
2588 0.0022071
2589 0.00200592
2590 0.00199408
2591 0.00198225
2592 0.00207101
2593 0.00204734
2594 0.00198225
2595 0.00197041
2596 0.00192899
2597 0.00194083
2598 0.00191716
2599 0.00183432
2600 0.00182249
2601 0.00180473
2602 0.00185207
2603 0.00186391
2604 0.00187574
2605 0.00190533
2606 0.00194083
2607 0.00198225
2608 0.00208284
2609 0.00205917
2610 0.00204734
2611 0.00214201
2612 0.00204142
2613 0.00194675
2614 0.00186391
2615 0.00184615
2616 0.00197633
2617 0.00192899
2618 0.00191124
2619 0.00173964
2620 0.00176923
2621 0.00182249
2622 0.00193491
2623 0.00194675
2624 0.00284024
2625 0.00987574
2626 0.0194438
2627 0.025
2628 0.0331834
2629 0.0399467
2630 0.0438935
2631 0.0468166
2632 0.0488521
2633 0.0497633
2634 0.0523787
2635 0.0528107
2636 0.0536272
2637 0.0595148
2638 0.0701065
2639 0.0752722
2640 0.0860355
2641 0.0969172
2642 0.101828
2643 0.117402
2644 0.131621
2645 0.137935
2646 0.154308
2647 0.162822
2648 0.169
2649 0.182846
2650 0.191095
2651 0.194787
2652 0.208302
2653 0.210917
2654 0.211077
2655 0.213533
2656 0.213373
2657 0.214343
2658 0.218
2659 0.219024
2660 0.218521
2661 0.221201
2662 0.218846
2663 0.218728
2664 0.213024
2665 0.20868
2666 0.204396
2667 0.198858
2668 0.196923
2669 0.198485
2670 0.198337
2671 0.198367
2672 0.199249
2673 0.197935
2674 0.202609
2675 0.212911
2676 0.207621
2677 0.207124
2678 0.204811
2679 0.199929
2680 0.192882
2681 0.183266
2682 0.177124
2683 0.17129
2684 0.168917
2685 0.163675
2686 0.155018
2687 0.153817
2688 0.151349
2689 0.146018
2690 0.145787
2691 0.138941
2692 0.133923
2693 0.132178
2694 0.12758
2695 0.122308
2696 0.11858
2697 0.112148
2698 0.106509
2699 0.103586
2700 0.0997692
2701 0.0942249
2702 0.090787
2703 0.0852012
2704 0.0795089
2705 0.0769941
2706 0.0720414
2707 0.0680473
2708 0.0664438
2709 0.0641243
2710 0.0642308
2711 0.064716
2712 0.0654379
2713 0.0655621
2714 0.0659704
2715 0.0666213
2716 0.0666746
2717 0.0664083
2718 0.0665089
2719 0.0661716
2720 0.0630533
2721 0.0632485
2722 0.0636509
2723 0.0635266
2724 0.063503
2725 0.0643432
2726 0.0641598
2727 0.0667337
2728 0.0728284
2729 0.0763787
2730 0.0843373
2731 0.0913787
2732 0.0945976
2733 0.100426
2734 0.104278
2735 0.10416
2736 0.108225
2737 0.110722
2738 0.111757
2739 0.111964
2740 0.11332
2741 0.113533
2742 0.114178
2743 0.114527
2744 0.115456
2745 0.116485
2746 0.117065
2747 0.118237
2748 0.119876
2749 0.122734
2750 0.123083
2751 0.123515
2752 0.123935
2753 0.124302
2754 0.124527
2755 0.126385
2756 0.127024
2757 0.12787
2758 0.127473
2759 0.128071
2760 0.128734
2761 0.129361
2762 0.13
2763 0.13058
2764 0.130787
2765 0.131692
2766 0.132195
2767 0.132864
2768 0.133308
2769 0.133746
2770 0.133361
2771 0.133574
2772 0.133503
2773 0.134473
2774 0.135071
2775 0.135118
2776 0.135609
2777 0.135651
2778 0.136805
2779 0.138166
2780 0.138544
2781 0.139953
2782 0.141645
2783 0.142408
2784 0.141787
2785 0.141367
2786 0.142361
2787 0.141467
2788 0.140728
2789 0.141751
2790 0.142243
2791 0.142598
2792 0.143343
2793 0.143024
2794 0.142929
2795 0.142769
2796 0.142592
2797 0.14229
2798 0.142296
2799 0.142639
2800 0.142355
2801 0.142172
2802 0.142604
2803 0.142018
2804 0.141787
2805 0.141923
2806 0.14242
2807 0.142491
2808 0.142941
2809 0.142675
2810 0.142781
2811 0.142308
2812 0.142396
2813 0.14268
2814 0.143237
2815 0.14313
2816 0.14326
2817 0.143704
2818 0.143598
2819 0.143598
2820 0.144148
2821 0.144142
2822 0.144118
2823 0.144515
2824 0.144124
2825 0.144249
2826 0.144219
2827 0.143805
2828 0.143598
2829 0.143556
2830 0.143018
2831 0.143142
2832 0.142533
2833 0.142822
2834 0.143183
2835 0.14303
2836 0.146148
2837 0.146521
2838 0.146604
2839 0.146586
2840 0.146456
2841 0.146438
2842 0.145686
2843 0.145491
2844 0.144385
2845 0.14416
2846 0.144237
2847 0.144515
2848 0.144657
2849 0.144834
2850 0.145402
2851 0.145964
2852 0.145527
2853 0.14584
2854 0.145817
2855 0.14603
2856 0.146254
2857 0.14603
2858 0.146201
2859 0.146414
2860 0.146633
2861 0.145337
2862 0.145633
2863 0.145852
2864 0.146071
2865 0.146822
2866 0.147095
2867 0.147172
2868 0.148053
2869 0.148609
2870 0.149414
2871 0.149953
2872 0.149876
2873 0.149953
2874 0.14955
2875 0.149266
2876 0.148953
2877 0.148089
2878 0.149053
2879 0.149947
2880 0.152876
2881 0.155521
2882 0.156527
2883 0.158089
2884 0.158751
2885 0.159278
2886 0.161402
2887 0.161935
2888 0.161828
2889 0.161834
2890 0.162574
2891 0.162757
2892 0.162349
2893 0.160953
2894 0.160675
2895 0.158704
2896 0.158396
2897 0.15842
2898 0.15845
2899 0.157976
2900 0.158728
2901 0.157799
2902 0.157888
2903 0.157609
2904 0.156982
2905 0.15642
2906 0.156077
2907 0.156231
2908 0.156852
2909 0.156935
2910 0.156521
2911 0.155467
2912 0.155166
2913 0.154959
2914 0.154858
2915 0.155065
2916 0.155024
2917 0.154757
2918 0.154361
2919 0.153769
2920 0.153728
2921 0.153639
2922 0.153876
2923 0.154716
2924 0.154586
2925 0.155118
2926 0.15445
2927 0.153757
2928 0.154556
2929 0.155373
2930 0.155763
2931 0.158118
2932 0.15932
2933 0.159574
2934 0.160769
2935 0.160817
2936 0.162231
2937 0.161953
2938 0.162562
2939 0.162834
2940 0.163775
2941 0.164728
2942 0.165249
2943 0.165456
2944 0.166521
2945 0.167231
2946 0.169562
2947 0.172917
2948 0.173964
2949 0.177385
2950 0.181107
2951 0.182793
2952 0.186964
2953 0.189663
2954 0.190592
2955 0.194787
2956 0.199367
2957 0.201491
2958 0.207858
2959 0.213426
2960 0.219604
2961 0.234065
2962 0.238485
2963 0.240864
2964 0.248627
2965 0.254444
2966 0.25758
2967 0.264692
2968 0.274769
2969 0.280746
2970 0.29042
2971 0.297935
2972 0.301101
2973 0.311917
2974 0.324172
2975 0.329444
2976 0.335142
2977 0.344231
2978 0.347491
2979 0.35371
2980 0.358462
2981 0.362172
2982 0.376243
2983 0.387562
2984 0.396899
2985 0.404006
2986 0.446651
2987 0.447266
2988 0.44987
2989 0.453834
2990 0.464574
2991 0.490426
2992 0.511521
2993 0.524456
2994 0.545237
2995 0.561249
2996 0.568615
2997 0.581828
2998 0.637734
2999 0.672284
3000 0.723207
3001 0.755852
3002 0.775379
3003 0.796107
3004 0.810811
3005 0.820574
3006 0.834
3007 0.838473
3008 0.842225
3009 0.843473
3010 0.843
3011 0.893018
3012 0.890018
3013 0.88787
3014 0.888391
3015 0.888148
3016 0.89126
3017 0.897036
3018 0.898574
3019 0.899698
3020 0.905
3021 0.905751
3022 0.905769
3023 0.905947
3024 0.90687
3025 0.906337
3026 0.905385
3027 0.906746
3028 0.907521
3029 0.908598
3030 0.90916
3031 0.910556
3032 0.911361
3033 0.910201
3034 0.911095
3035 0.910556
3036 0.91387
3037 0.913237
3038 0.913355
3039 0.914142
3040 0.913166
3041 0.91232
3042 0.912071
3043 0.911112
3044 0.910361
3045 0.910438
3046 0.910254
3047 0.91032
3048 0.909402
3049 0.908787
3050 0.908396
3051 0.908124
3052 0.907716
3053 0.908142
3054 0.908314
3055 0.908408
3056 0.908533
3057 0.907243
3058 0.907284
3059 0.906805
3060 0.905485
3061 0.903787
3062 0.904846
3063 0.903846
3064 0.90174
3065 0.90145
3066 0.900012
3067 0.898645
3068 0.898059
3069 0.898308
3070 0.898284
3071 0.897817
3072 0.897479
3073 0.896509
3074 0.896793
3075 0.894982
3076 0.893882
3077 0.894172
3078 0.892775
3079 0.893272
3080 0.892763
3081 0.892787
3082 0.891817
3083 0.892497
3084 0.89158
3085 0.891556
3086 0.890633
3087 0.888787
3088 0.888136
3089 0.886615
3090 0.885462
3091 0.885911
3092 0.885917
3093 0.884604
3094 0.882006
3095 0.880959
3096 0.880982
3097 0.880367
3098 0.879698
3099 0.878509
3100 0.878467
3101 0.878183
3102 0.879195
3103 0.879503
3104 0.879858
3105 0.880189
3106 0.88116
3107 0.880456
3108 0.880781
3109 0.881201
3110 0.881609
3111 0.883148
3112 0.882586
3113 0.882213
3114 0.881243
3115 0.880775
3116 0.880041
3117 0.878686
3118 0.877314
3119 0.877278
3120 0.877278
3121 0.876929
3122 0.876822
3123 0.878024
3124 0.877284
3125 0.876479
3126 0.875414
3127 0.875775
3128 0.875426
3129 0.874751
3130 0.874479
3131 0.873988
3132 0.872272
3133 0.870817
3134 0.870479
3135 0.868651
3136 0.866905
3137 0.867201
3138 0.866521
3139 0.865213
3140 0.864284
3141 0.864669
3142 0.863627
3143 0.862414
3144 0.861432
3145 0.860059
3146 0.85916
3147 0.858994
3148 0.858763
3149 0.858775
3150 0.858396
3151 0.857947
3152 0.857799
3153 0.857882
3154 0.857905
3155 0.858254
3156 0.858024
3157 0.858124
3158 0.857852
3159 0.857964
3160 0.857734
3161 0.857438
3162 0.85797
3163 0.857888
3164 0.857893
3165 0.858047
3166 0.858089
3167 0.858314
3168 0.858497
3169 0.858296
3170 0.858373
3171 0.858112
3172 0.858627
3173 0.857947
3174 0.858272
3175 0.858124
3176 0.858036
3177 0.857621
3178 0.857604
3179 0.857201
3180 0.855639
3181 0.854172
3182 0.853538
3183 0.852657
3184 0.852586
3185 0.852633
3186 0.851959
3187 0.851592
3188 0.850964
3189 0.849651
3190 0.848373
3191 0.848414
3192 0.84713
3193 0.846751
3194 0.846136
3195 0.84574
3196 0.845473
3197 0.845982
3198 0.845793
3199 0.845556
3200 0.845675
3201 0.845154
3202 0.845373
3203 0.845663
3204 0.845751
3205 0.845698
3206 0.845178
3207 0.845266
3208 0.845562
3209 0.845296
3210 0.845308
3211 0.843852
3212 0.844053
3213 0.843846
3214 0.844012
3215 0.844006
3216 0.843343
3217 0.843355
3218 0.843361
3219 0.843089
3220 0.843574
3221 0.843325
3222 0.843485
3223 0.843598
3224 0.843467
3225 0.84332
3226 0.842828
3227 0.84268
3228 0.842533
3229 0.84226
3230 0.842047
3231 0.842107
3232 0.842071
3233 0.841935
3234 0.841704
3235 0.841935
3236 0.841538
3237 0.842112
3238 0.842047
3239 0.84226
3240 0.84168
3241 0.841432
3242 0.841663
3243 0.841361
3244 0.841343
3245 0.840888
3246 0.840746
3247 0.840852
3248 0.841089
3249 0.84084
3250 0.840787
3251 0.840586
3252 0.841172
3253 0.841763
3254 0.841698
3255 0.841479
3256 0.841716
3257 0.841828
3258 0.841893
3259 0.841456
3260 0.841408
3261 0.842201
3262 0.841822
3263 0.841686
3264 0.842148
3265 0.842592
3266 0.842349
3267 0.843006
3268 0.842598
3269 0.842527
3270 0.842444
3271 0.842379
3272 0.842444
3273 0.84242
3274 0.842414
3275 0.842456
3276 0.842302
3277 0.84242
3278 0.842509
3279 0.842515
3280 0.842296
3281 0.842544
3282 0.842645
3283 0.842757
3284 0.842663
3285 0.842556
3286 0.842994
3287 0.843219
3288 0.843716
3289 0.843846
3290 0.843562
3291 0.84374
3292 0.843834
3293 0.843651
3294 0.843266
3295 0.843379
3296 0.842698
3297 0.843385
3298 0.842817
3299 0.843006
3300 0.842669
3301 0.842846
3302 0.843059
3303 0.843213
3304 0.843231
3305 0.84326
3306 0.842923
3307 0.842846
3308 0.842893
3309 0.842935
3310 0.843077
3311 0.844059
3312 0.844018
3313 0.843361
3314 0.84268
3315 0.842509
3316 0.84216
3317 0.84226
3318 0.841959
3319 0.84255
3320 0.841953
3321 0.842799
3322 0.843036
3323 0.843118
3324 0.842763
3325 0.842953
3326 0.842763
3327 0.842858
3328 0.842917
3329 0.843284
3330 0.843396
3331 0.843491
3332 0.843479
3333 0.843775
3334 0.843325
3335 0.843249
3336 0.841544
3337 0.841201
3338 0.841
3339 0.841296
3340 0.841456
3341 0.841722
3342 0.84158
3343 0.841538
3344 0.840888
3345 0.840769
3346 0.840444
3347 0.839905
3348 0.839728
3349 0.839172
3350 0.839533
3351 0.838935
3352 0.839213
3353 0.839343
3354 0.839828
3355 0.840314
3356 0.840077
3357 0.840456
3358 0.840479
3359 0.840592
3360 0.840669
3361 0.843219
3362 0.843432
3363 0.843728
3364 0.844178
3365 0.843888
3366 0.844485
3367 0.844568
3368 0.844456
3369 0.844947
3370 0.845041
3371 0.845107
3372 0.845592
3373 0.845562
3374 0.845432
3375 0.845349
3376 0.845373
3377 0.845414
3378 0.845503
3379 0.845781
3380 0.845716
3381 0.845675
3382 0.845621
3383 0.845473
3384 0.845444
3385 0.845651
3386 0.844527
3387 0.844521
3388 0.844266
3389 0.84429
3390 0.844107
3391 0.843686
3392 0.843834
3393 0.844101
3394 0.844095
3395 0.843893
3396 0.84371
3397 0.843716
3398 0.843817
3399 0.843686
3400 0.843864
3401 0.843988
3402 0.843864
3403 0.843828
3404 0.843888
3405 0.843899
3406 0.843953
3407 0.843917
3408 0.843734
3409 0.843562
3410 0.843485
3411 0.84403
3412 0.844379
3413 0.844367
3414 0.843905
3415 0.843799
3416 0.843781
3417 0.843515
3418 0.84355
3419 0.843704
3420 0.84371
3421 0.843544
3422 0.843669
3423 0.843627
3424 0.843645
3425 0.843757
3426 0.843769
3427 0.843864
3428 0.843947
3429 0.844385
3430 0.844562
3431 0.844657
3432 0.844686
3433 0.844538
3434 0.844686
3435 0.844604
3436 0.846302
3437 0.846296
3438 0.84597
3439 0.845876
3440 0.846201
3441 0.846266
3442 0.846249
3443 0.846065
3444 0.845976
3445 0.845852
3446 0.845805
3447 0.845734
3448 0.845598
3449 0.845698
3450 0.845911
3451 0.846201
3452 0.846195
3453 0.846568
3454 0.847077
3455 0.847053
3456 0.847201
3457 0.846953
3458 0.847041
3459 0.847231
3460 0.847379
3461 0.84755
3462 0.848118
3463 0.847935
3464 0.847692
3465 0.847414
3466 0.847467
3467 0.847893
3468 0.848012
3469 0.84826
3470 0.848231
3471 0.847959
3472 0.84797
3473 0.847994
3474 0.847959
3475 0.848006
3476 0.848183
3477 0.84826
3478 0.848095
3479 0.848071
3480 0.848308
3481 0.848249
3482 0.84784
3483 0.847822
3484 0.847846
3485 0.847882
3486 0.848107
3487 0.847929
3488 0.847822
3489 0.847686
3490 0.847533
3491 0.847521
3492 0.847746
3493 0.847864
3494 0.847905
3495 0.847911
3496 0.84771
3497 0.847817
3498 0.847746
3499 0.847615
3500 0.847657
3501 0.847994
3502 0.848036
3503 0.847893
3504 0.847882
3505 0.847828
3506 0.847905
3507 0.847899
3508 0.847769
3509 0.847787
3510 0.847917
3511 0.846858
3512 0.846775
3513 0.847136
3514 0.847373
3515 0.847201
3516 0.847178
3517 0.847402
3518 0.847515
3519 0.847615
3520 0.847509
3521 0.847633
3522 0.847556
3523 0.847627
3524 0.847769
3525 0.847864
3526 0.847799
3527 0.847651
3528 0.847527
3529 0.84732
3530 0.847556
3531 0.847615
3532 0.84774
3533 0.847556
3534 0.847757
3535 0.847763
3536 0.849083
3537 0.848947
3538 0.849325
3539 0.848941
3540 0.849
3541 0.848828
3542 0.848769
3543 0.848917
3544 0.848503
3545 0.848396
3546 0.848213
3547 0.848609
3548 0.848402
3549 0.848592
3550 0.848692
3551 0.848479
3552 0.848432
3553 0.848343
3554 0.848479
3555 0.848314
3556 0.848444
3557 0.848533
3558 0.848237
3559 0.848367
3560 0.848509
3561 0.847994
3562 0.847639
3563 0.847757
3564 0.847805
3565 0.847846
3566 0.848
3567 0.847882
3568 0.848142
3569 0.848083
3570 0.84774
3571 0.847544
3572 0.847675
3573 0.847757
3574 0.847781
3575 0.847627
3576 0.847391
3577 0.847408
3578 0.847367
3579 0.847396
3580 0.847692
3581 0.847763
3582 0.847905
3583 0.847704
3584 0.847817
3585 0.847899
3586 0.847817
3587 0.847621
3588 0.848112
3589 0.848124
3590 0.84816
3591 0.848201
3592 0.848278
3593 0.848574
3594 0.84858
3595 0.847515
3596 0.847467
3597 0.847598
3598 0.847379
3599 0.84745
3600 0.84732
3601 0.84787
3602 0.848041
3603 0.847905
3604 0.848213
3605 0.848408
3606 0.84845
3607 0.848527
3608 0.848438
3609 0.848402
3610 0.848296
3611 0.848308
3612 0.848272
3613 0.848278
3614 0.848101
3615 0.848018
3616 0.848178
3617 0.84816
3618 0.847811
3619 0.847834
3620 0.848065
3621 0.847882
3622 0.848012
3623 0.84768
3624 0.847385
3625 0.847408
3626 0.847201
3627 0.847101
3628 0.847485
3629 0.847462
3630 0.847059
3631 0.847077
3632 0.846982
3633 0.846811
3634 0.847302
3635 0.847343
3636 0.847213
3637 0.846923
3638 0.846982
3639 0.84684
3640 0.846479
3641 0.846509
3642 0.846568
3643 0.846592
3644 0.846669
3645 0.846077
3646 0.845698
3647 0.846053
3648 0.845793
3649 0.845337
3650 0.84487
3651 0.844834
3652 0.844692
3653 0.845006
3654 0.845024
3655 0.845225
3656 0.84529
3657 0.845438
3658 0.845491
3659 0.845834
3660 0.845746
3661 0.845746
3662 0.845976
3663 0.845805
3664 0.845893
3665 0.845834
3666 0.846018
3667 0.845917
3668 0.845805
3669 0.845959
3670 0.846586
3671 0.847024
3672 0.846515
3673 0.846615
3674 0.846538
3675 0.846751
3676 0.847
3677 0.846988
3678 0.847124
3679 0.847178
3680 0.847337
3681 0.847935
3682 0.847893
3683 0.847888
3684 0.848107
3685 0.847876
3686 0.848148
3687 0.848195
3688 0.848172
3689 0.848195
3690 0.848237
3691 0.848083
3692 0.848006
3693 0.848053
3694 0.848012
3695 0.847763
3696 0.847746
3697 0.847917
3698 0.848201
3699 0.848243
3700 0.848154
3701 0.848302
3702 0.848166
3703 0.848302
3704 0.848254
3705 0.848367
3706 0.848065
3707 0.848201
3708 0.848503
3709 0.848331
3710 0.848018
3711 0.848669
3712 0.848781
3713 0.84868
3714 0.848858
3715 0.848734
3716 0.848213
3717 0.848195
3718 0.848621
3719 0.84813
3720 0.848219
3721 0.848491
3722 0.848243
3723 0.848331
3724 0.848574
3725 0.84884
3726 0.84887
3727 0.848864
3728 0.848095
3729 0.847876
3730 0.847864
3731 0.848272
3732 0.848012
3733 0.848112
3734 0.848148
3735 0.848385
3736 0.84845
3737 0.848527
3738 0.848976
3739 0.848911
3740 0.848817
3741 0.849686
3742 0.849639
3743 0.849538
3744 0.849456
3745 0.850183
3746 0.85042
3747 0.850627
3748 0.850325
3749 0.850775
3750 0.850515
3751 0.850237
3752 0.85013
3753 0.850225
3754 0.85016
3755 0.849899
3756 0.850124
3757 0.850231
3758 0.850059
3759 0.849858
3760 0.849905
3761 0.849805
3762 0.849793
3763 0.849462
3764 0.849657
3765 0.849272
3766 0.849296
3767 0.848846
3768 0.848172
3769 0.847645
3770 0.847302
3771 0.847497
3772 0.84755
3773 0.848178
3774 0.848485
3775 0.848964
3776 0.849432
3777 0.84958
3778 0.849864
3779 0.849562
3780 0.850095
3781 0.850296
3782 0.850479
3783 0.850112
3784 0.850124
3785 0.85016
3786 0.849929
3787 0.850006
3788 0.849751
3789 0.849775
3790 0.849698
3791 0.849769
3792 0.849686
3793 0.849686
3794 0.849651
3795 0.848793
3796 0.849207
3797 0.848888
3798 0.848408
3799 0.848308
3800 0.847243
3801 0.846609
3802 0.846059
3803 0.845533
3804 0.844349
3805 0.844207
3806 0.843698
3807 0.843077
3808 0.842817
3809 0.842976
3810 0.843402
3811 0.843793
3812 0.843633
3813 0.844053
3814 0.843964
3815 0.84368
3816 0.843728
3817 0.843574
3818 0.843905
3819 0.844396
3820 0.849805
3821 0.849911
3822 0.849716
3823 0.849633
3824 0.849574
3825 0.84942
3826 0.849456
3827 0.849349
3828 0.849497
3829 0.849811
3830 0.849692
3831 0.849988
3832 0.849876
3833 0.849935
3834 0.850089
3835 0.849976
3836 0.850036
3837 0.849888
3838 0.849746
3839 0.84971
3840 0.849799
3841 0.849704
3842 0.84971
3843 0.849692
3844 0.849704
3845 0.849249
3846 0.849183
3847 0.849024
3848 0.848905
3849 0.848692
3850 0.848544
3851 0.848734
3852 0.848882
3853 0.848598
3854 0.848716
3855 0.848716
3856 0.848722
3857 0.848746
3858 0.848391
3859 0.848361
3860 0.848462
3861 0.848781
3862 0.848586
3863 0.848822
3864 0.848538
3865 0.848414
3866 0.848538
3867 0.848396
3868 0.848308
3869 0.848254
3870 0.849178
3871 0.849095
3872 0.84897
3873 0.848976
3874 0.84897
3875 0.849154
3876 0.849373
3877 0.849396
3878 0.849343
3879 0.849225
3880 0.849556
3881 0.849491
3882 0.849385
3883 0.848893
3884 0.848858
3885 0.848876
3886 0.849249
3887 0.848651
3888 0.848308
3889 0.848219
3890 0.84874
3891 0.848574
3892 0.848562
3893 0.848663
3894 0.848391
3895 0.850095
3896 0.850059
3897 0.850462
3898 0.850728
3899 0.850574
3900 0.851219
3901 0.851
3902 0.850562
3903 0.850521
3904 0.850414
3905 0.850178
3906 0.850592
3907 0.85016
3908 0.850314
3909 0.849994
3910 0.850166
3911 0.850337
3912 0.85003
3913 0.849923
3914 0.84968
3915 0.849391
3916 0.84932
3917 0.849249
3918 0.849325
3919 0.849337
3920 0.85
3921 0.850284
3922 0.850266
3923 0.850154
3924 0.850095
3925 0.850331
3926 0.850237
3927 0.85
3928 0.850012
3929 0.850207
3930 0.849953
3931 0.849923
3932 0.849675
3933 0.850272
3934 0.850036
3935 0.849911
3936 0.850041
3937 0.849746
3938 0.849864
3939 0.84984
3940 0.84971
3941 0.849964
3942 0.849793
3943 0.850053
3944 0.849988
3945 0.850982
3946 0.851024
3947 0.850722
3948 0.850438
3949 0.850219
3950 0.850201
3951 0.850231
3952 0.850166
3953 0.850467
3954 0.850521
3955 0.850373
3956 0.850592
3957 0.850479
3958 0.850509
3959 0.850811
3960 0.851095
3961 0.851071
3962 0.850834
3963 0.851012
3964 0.850805
3965 0.85071
3966 0.850793
3967 0.850834
3968 0.850633
3969 0.850698
3970 0.851686
3971 0.851751
3972 0.85142
3973 0.851337
3974 0.850982
3975 0.851036
3976 0.850888
3977 0.850964
3978 0.850941
3979 0.851041
3980 0.851059
3981 0.850521
3982 0.850444
3983 0.849704
3984 0.850207
3985 0.84971
3986 0.849385
3987 0.849544
3988 0.849124
3989 0.849805
3990 0.850154
3991 0.850402
3992 0.850781
3993 0.85045
3994 0.850337
3995 0.851213
3996 0.851284
3997 0.85126
3998 0.851112
3999 0.851012
4000 0.851006
4001 0.851254
4002 0.851083
4003 0.850935
4004 0.850834
4005 0.851053
4006 0.85113
4007 0.850864
4008 0.850822
4009 0.850864
4010 0.850787
4011 0.850562
4012 0.850746
4013 0.850852
4014 0.850811
4015 0.85087
4016 0.850793
4017 0.850728
4018 0.850544
4019 0.850367
4020 0.851391
4021 0.851308
4022 0.851396
4023 0.851337
4024 0.85155
4025 0.851438
4026 0.851769
4027 0.851473
4028 0.85142
4029 0.851243
4030 0.851148
4031 0.851278
4032 0.851367
4033 0.85103
4034 0.850964
4035 0.85113
4036 0.851089
4037 0.85087
4038 0.850988
4039 0.850941
4040 0.850793
4041 0.850953
4042 0.850822
4043 0.850964
4044 0.850852
4045 0.850929
4046 0.851024
4047 0.850941
4048 0.85129
4049 0.850858
4050 0.851047
4051 0.850994
4052 0.850852
4053 0.850621
4054 0.850817
4055 0.850793
4056 0.850781
4057 0.85055
4058 0.850686
4059 0.850367
4060 0.850396
4061 0.850462
4062 0.85045
4063 0.850254
4064 0.850509
4065 0.850704
4066 0.850734
4067 0.85116
4068 0.851243
4069 0.851438
4070 0.850231
4071 0.850391
4072 0.850284
4073 0.849917
4074 0.849917
4075 0.850071
4076 0.84997
4077 0.849899
4078 0.849615
4079 0.849722
4080 0.849888
4081 0.849899
4082 0.849917
4083 0.849917
4084 0.850053
4085 0.850148
4086 0.850349
4087 0.850473
4088 0.850349
4089 0.850207
4090 0.850284
4091 0.850485
4092 0.850615
4093 0.850402
4094 0.850166
4095 0.851609
4096 0.851893
4097 0.851793
4098 0.851734
4099 0.851964
4100 0.851822
4101 0.852095
4102 0.851994
4103 0.851805
4104 0.851698
4105 0.851893
4106 0.851509
4107 0.851284
4108 0.851089
4109 0.851112
4110 0.851284
4111 0.85158
4112 0.851751
4113 0.851615
4114 0.851604
4115 0.851414
4116 0.851491
4117 0.851609
4118 0.851882
4119 0.851947
4120 0.852757
4121 0.852633
4122 0.852361
4123 0.852201
4124 0.852402
4125 0.852402
4126 0.852438
4127 0.852556
4128 0.852509
4129 0.85268
4130 0.852586
4131 0.852491
4132 0.852592
4133 0.852538
4134 0.852592
4135 0.85245
4136 0.852609
4137 0.852485
4138 0.852189
4139 0.852201
4140 0.851988
4141 0.851799
4142 0.851828
4143 0.852047
4144 0.851811
4145 0.85245
4146 0.852101
4147 0.852071
4148 0.851982
4149 0.851396
4150 0.850604
4151 0.850296
4152 0.850172
4153 0.849805
4154 0.84903
4155 0.849065
4156 0.848692
4157 0.848497
4158 0.848373
4159 0.847935
4160 0.847615
4161 0.847976
4162 0.848201
4163 0.848337
4164 0.848757
4165 0.848207
4166 0.84855
4167 0.848627
4168 0.849148
4169 0.848243
4170 0.849982
4171 0.849077
4172 0.849627
4173 0.850497
4174 0.850402
4175 0.851024
4176 0.851586
4177 0.851728
4178 0.853024
4179 0.852657
4180 0.853095
4181 0.853024
4182 0.854101
4183 0.85368
4184 0.854101
4185 0.85474
4186 0.856036
4187 0.857479
4188 0.857899
4189 0.859509
4190 0.861432
4191 0.86245
4192 0.863645
4193 0.864414
4194 0.864858
4195 0.866148
4196 0.865941
4197 0.866195
4198 0.86597
4199 0.86468
4200 0.865118
4201 0.864929
4202 0.864172
4203 0.863822
4204 0.864065
4205 0.864254
4206 0.864893
4207 0.865959
4208 0.865882
4209 0.866799
4210 0.867893
4211 0.868266
4212 0.86829
4213 0.869254
4214 0.87071
4215 0.870911
4216 0.872237
4217 0.873071
4218 0.874036
4219 0.875101
4220 0.874302
4221 0.875864
4222 0.877521
4223 0.879562
4224 0.879509
4225 0.880071
4226 0.880627
4227 0.881385
4228 0.883018
4229 0.885509
4230 0.887491
4231 0.889426
4232 0.890485
4233 0.891314
4234 0.894757
4235 0.897361
4236 0.898456
4237 0.901361
4238 0.903331
4239 0.901568
4240 0.902426
4241 0.900041
4242 0.899426
4243 0.896876
4244 0.894704
4245 0.891947
4246 0.890408
4247 0.890225
4248 0.890604
4249 0.887544
4250 0.884574
4251 0.882947
4252 0.881899
4253 0.881728
4254 0.881438
4255 0.882828
4256 0.880426
4257 0.880604
4258 0.882231
4259 0.883503
4260 0.883278
4261 0.882781
4262 0.884379
4263 0.883396
4264 0.886834
4265 0.890793
4266 0.891704
4267 0.895982
4268 0.899899
4269 0.899178
4270 0.902325
4271 0.903467
4272 0.905598
4273 0.906988
4274 0.908053
4275 0.909254
4276 0.908917
4277 0.908698
4278 0.910195
4279 0.91013
4280 0.913503
4281 0.912302
4282 0.913249
4283 0.91355
4284 0.912988
4285 0.914852
4286 0.91697
4287 0.916627
4288 0.918858
4289 0.920118
4290 0.920799
4291 0.918544
4292 0.919118
4293 0.914988
4294 0.910521
4295 0.900118
4296 0.900917
4297 0.896787
4298 0.895704
4299 0.895479
4300 0.893639
4301 0.893793
4302 0.89487
4303 0.894781
4304 0.89532
4305 0.894988
4306 0.895047
4307 0.893213
4308 0.891953
4309 0.889598
4310 0.889284
4311 0.887692
4312 0.885254
4313 0.883379
4314 0.884112
4315 0.883077
4316 0.88158
4317 0.881041
4318 0.872036
4319 0.867284
4320 0.864864
4321 0.865047
4322 0.865308
4323 0.857722
4324 0.844834
4325 0.836112
4326 0.836473
4327 0.829527
4328 0.805598
4329 0.797876
4330 0.787172
4331 0.783817
4332 0.782538
4333 0.779367
4334 0.773876
4335 0.772722
4336 0.769201
4337 0.76745
4338 0.767604
4339 0.767503
4340 0.76716
4341 0.767296
4342 0.767331
4343 0.770852
4344 0.771195
4345 0.743651
4346 0.744254
4347 0.746876
4348 0.74787
4349 0.749905
4350 0.749817
4351 0.752361
4352 0.751047
4353 0.749615
4354 0.749444
4355 0.747568
4356 0.74542
4357 0.742065
4358 0.73758
4359 0.736953
4360 0.73387
4361 0.731716
4362 0.729331
4363 0.728615
4364 0.728473
4365 0.726846
4366 0.727858
4367 0.725911
4368 0.725
4369 0.72313
4370 0.718296
4371 0.71874
4372 0.722911
4373 0.72029
4374 0.721284
4375 0.718929
4376 0.721746
4377 0.723923
4378 0.726521
4379 0.694976
4380 0.693142
4381 0.700041
4382 0.699077
4383 0.69958
4384 0.694243
4385 0.689497
4386 0.688331
4387 0.684361
4388 0.675734
4389 0.673331
4390 0.669686
4391 0.663964
4392 0.663964
4393 0.65697
4394 0.627243
4395 0.624609
4396 0.620858
4397 0.614722
4398 0.61026
4399 0.603426
4400 0.596473
4401 0.59426
4402 0.58613
4403 0.578704
4404 0.57516
4405 0.566994
4406 0.558959
4407 0.555183
4408 0.548988
4409 0.532325
4410 0.531568
4411 0.528462
4412 0.522462
4413 0.519396
4414 0.533266
4415 0.537077
4416 0.53797
4417 0.556544
4418 0.564284
4419 0.565391
4420 0.566278
4421 0.591521
4422 0.594302
4423 0.594562
4424 0.608544
4425 0.612917
4426 0.617698
4427 0.615107
4428 0.61745
4429 0.618598
4430 0.616911
4431 0.616189
4432 0.615118
4433 0.618686
4434 0.616402
4435 0.612911
4436 0.607314
4437 0.606586
4438 0.603272
4439 0.598095
4440 0.59542
4441 0.59668
4442 0.603065
4443 0.604527
4444 0.604935
4445 0.601331
4446 0.608396
4447 0.616864
4448 0.621036
4449 0.626183
4450 0.628515
4451 0.629148
4452 0.626941
4453 0.622408
4454 0.621669
4455 0.620355
4456 0.619959
4457 0.617142
4458 0.620751
4459 0.620669
4460 0.620947
4461 0.623154
4462 0.626107
4463 0.628686
4464 0.628308
4465 0.632627
4466 0.633201
4467 0.638521
4468 0.645355
4469 0.651811
4470 0.649325
4471 0.660124
4472 0.666976
4473 0.673811
4474 0.68916
4475 0.69658
4476 0.684456
4477 0.684355
4478 0.68674
4479 0.662722
4480 0.660728
4481 0.664053
4482 0.664793
4483 0.627615
4484 0.628083
4485 0.626467
4486 0.623166
4487 0.594213
4488 0.592828
4489 0.594118
4490 0.594284
4491 0.594503
4492 0.598142
4493 0.599018
4494 0.597349
4495 0.59374
4496 0.601373
4497 0.604533
4498 0.60984
4499 0.614882
4500 0.61971
4501 0.628219
4502 0.633882
4503 0.637822
4504 0.664118
4505 0.680325
4506 0.681408
4507 0.703888
4508 0.712089
4509 0.715272
4510 0.743213
4511 0.75197
4512 0.756781
4513 0.778041
4514 0.788864
4515 0.796609
4516 0.823408
4517 0.835538
4518 0.839846
4519 0.847988
4520 0.859343
4521 0.862544
4522 0.867828
4523 0.868822
4524 0.869751
4525 0.883237
4526 0.887355
4527 0.890237
4528 0.89613
4529 0.906533
4530 0.908639
4531 0.911592
4532 0.914189
4533 0.916367
4534 0.918243
4535 0.920858
4536 0.922077
4537 0.923189
4538 0.92497
4539 0.925361
4540 0.925124
4541 0.926533
4542 0.926639
4543 0.927432
4544 0.928148
4545 0.930888
4546 0.929136
4547 0.923444
4548 0.919959
4549 0.919006
4550 0.915858
4551 0.913325
4552 0.90826
4553 0.906675
4554 0.90432
4555 0.900142
4556 0.899343
4557 0.897148
4558 0.883686
4559 0.87413
4560 0.869994
4561 0.862485
4562 0.857982
4563 0.856089
4564 0.85413
4565 0.812331
4566 0.809941
4567 0.805657
4568 0.809598
4569 0.808692
4570 0.805982
4571 0.747598
4572 0.747781
4573 0.744929
4574 0.735142
4575 0.731497
4576 0.725728
4577 0.719817
4578 0.714426
4579 0.707959
4580 0.702166
4581 0.700538
4582 0.693249
4583 0.694828
4584 0.69226
4585 0.692237
4586 0.691136
4587 0.693207
4588 0.696367
4589 0.69597
4590 0.698876
4591 0.702686
4592 0.724953
4593 0.735012
4594 0.746627
4595 0.75213
4596 0.75655
4597 0.761107
4598 0.760538
4599 0.760065
4600 0.761036
4601 0.761976
4602 0.760254
4603 0.756704
4604 0.756118
4605 0.753787
4606 0.75426
4607 0.752491
4608 0.753065
4609 0.75229
4610 0.752083
4611 0.749278
4612 0.753923
4613 0.752592
4614 0.752568
4615 0.749391
4616 0.747917
4617 0.745172
4618 0.742473
4619 0.741195
4620 0.709538
4621 0.706367
4622 0.703337
4623 0.702787
4624 0.609728
4625 0.600953
4626 0.595757
4627 0.587757
4628 0.579325
4629 0.572799
4630 0.572544
4631 0.578574
4632 0.582077
4633 0.581355
4634 0.590935
4635 0.594325
4636 0.59432
4637 0.595953
4638 0.600308
4639 0.631698
4640 0.655
4641 0.663769
4642 0.678095
4643 0.693148
4644 0.698639
4645 0.711379
4646 0.719367
4647 0.723083
4648 0.725562
4649 0.725787
4650 0.726876
4651 0.727444
4652 0.729101
4653 0.731195
4654 0.735757
4655 0.734905
4656 0.737787
4657 0.733917
4658 0.734136
4659 0.732065
4660 0.693876
4661 0.68855
4662 0.681089
4663 0.673663
4664 0.671976
4665 0.665485
4666 0.66032
4667 0.657982
4668 0.657207
4669 0.655201
4670 0.625225
4671 0.630331
4672 0.634923
4673 0.633923
4674 0.632657
4675 0.631349
4676 0.567402
4677 0.562337
4678 0.559485
4679 0.556609
4680 0.502716
4681 0.482154
4682 0.46942
4683 0.461627
4684 0.45029
4685 0.400148
4686 0.39529
4687 0.380834
4688 0.377337
4689 0.375598
4690 0.372467
4691 0.371828
4692 0.373609
4693 0.373675
4694 0.370905
4695 0.37126
4696 0.370243
4697 0.367154
4698 0.371941
4699 0.373598
4700 0.381586
4701 0.380201
4702 0.381763
4703 0.386911
4704 0.386012
4705 0.390284
4706 0.393947
4707 0.395331
4708 0.394225
4709 0.395787
4710 0.39397
4711 0.413941
4712 0.432355
4713 0.437609
4714 0.474586
4715 0.487663
4716 0.493331
4717 0.510698
4718 0.539183
4719 0.550361
4720 0.574722
4721 0.578527
4722 0.582692
4723 0.581373
4724 0.583254
4725 0.588556
4726 0.581923
4727 0.58687
4728 0.590343
4729 0.585237
4730 0.554953
4731 0.551574
4732 0.542917
4733 0.543314
4734 0.540728
4735 0.533929
4736 0.527325
4737 0.520065
4738 0.51158
4739 0.497402
4740 0.495562
4741 0.483053
4742 0.47258
4743 0.469621
4744 0.462538
4745 0.447237
4746 0.414609
4747 0.405503
4748 0.397118
4749 0.391757
4750 0.359515
4751 0.34826
4752 0.344201
4753 0.330515
4754 0.307095
4755 0.302314
4756 0.289858
4757 0.280876
4758 0.278201
4759 0.267083
4760 0.252527
4761 0.246408
4762 0.235929
4763 0.226876
4764 0.222314
4765 0.210355
4766 0.197574
4767 0.190669
4768 0.178385
4769 0.171663
4770 0.167207
4771 0.156243
4772 0.147592
4773 0.143627
4774 0.135746
4775 0.12713
4776 0.121882
4777 0.109456
4778 0.0992426
4779 0.0956864
4780 0.0872367
4781 0.0790118
4782 0.0763846
4783 0.0718284
4784 0.0657101
4785 0.0621124
4786 0.0537278
4787 0.0476982
4788 0.0447929
4789 0.0380769
4790 0.0304615
4791 0.0272722
4792 0.0211657
4793 0.0169882
4794 0.0155917
4795 0.0122308
4796 0.00860947
4797 0.00726036
4798 0.00457396
4799 0.00207692
4800 0.00100592
4801 0.000721893
4802 0.000621302
4803 0.000579882
4804 0.000532544
4805 0.000485207
4806 0.00047929
4807 0.000497041
4808 0.000485207
4809 0.000443787
4810 0.00039645
4811 0.000337278
4812 0.000325444
4813 0.000319527
4814 0.000272189
4815 0.000331361
4816 0.000402367
4817 0.000390533
4818 0.000390533
4819 0.000343195
4820 0.000402367
4821 0.000378698
4822 0.000360947
4823 0.000331361
4824 0.000295858
4825 0.000284024
4826 0.000313609
4827 0.000278107
4828 0.000266272
4829 0.000218935
4830 0.000230769
4831 0.000213018
4832 0.000260355
4833 0.000242604
4834 0.00232544
4835 0.00233728
4836 0.00202959
4837 0.00208284
4838 0.0021716
4839 0.00224852
4840 0.00246746
4841 0.00256213
4842 0.00250888
4843 0.0025858
4844 0.00274556
4845 0.00304734
4846 0.00301183
4847 0.00294083
4848 0.00294083
4849 0.00309467
4850 0.0030355
4851 0.00312426
4852 0.00326036
4853 0.00326036
4854 0.00317751
4855 0.00357988
4856 0.00359172
4857 0.00350888
4858 0.00353846
4859 0.00361538
4860 0.00353846
4861 0.00347929
4862 0.00349704
4863 0.00340828
4864 0.00301775
4865 0.00305917
4866 0.00276923
4867 0.00271006
4868 0.00252663
4869 0.00264497
4870 0.00272781
4871 0.00250296
4872 0.00240828
4873 0.0022071
4874 0.00223077
4875 0.00210059
4876 0.0019645
4877 0.00207101
4878 0.00191124
4879 0.00182249
4880 0.00181657
4881 0.00160947
4882 0.00171598
4883 0.00172189
4884 0.00190533
4885 0.00205917
4886 0.00192899
4887 0.00214201
4888 0.00204734
4889 0.00188166
4890 0.00180473
4891 0.00183432
4892 0.0017929
4893 0.00179882
4894 0.00164497
4895 0.00149112
4896 0.0013787
4897 0.00116568
4898 0.000928994
4899 0.000615385
4900 0.000491124
4901 0.000491124
4902 0.000390533
4903 0.000366864
4904 0.000278107
4905 0.000254438
4906 0.000254438
4907 0.000236686
4908 0.000183432
4909 0.000118343
4910 0.000106509
4911 0.000106509
4912 0.000106509
4913 0.000100592
4914 0.000100592
4915 0.000106509
4916 0.00143787
4917 0.0126154
4918 0.0250118
4919 0.0307988
4920 0.0397278
4921 0.0444675
4922 0.045858
4923 0.0479467
4924 0.0505917
4925 0.0515976
4926 0.0599763
4927 0.0724793
4928 0.0801361
4929 0.0924438
4930 0.103361
4931 0.108379
4932 0.114775
4933 0.117828
4934 0.118556
4935 0.119331
4936 0.123314
4937 0.124686
4938 0.124249
4939 0.132533
4940 0.133225
4941 0.132953
4942 0.131473
4943 0.131923
4944 0.132722
4945 0.132769
4946 0.131367
4947 0.132124
4948 0.134509
4949 0.132379
4950 0.127396
4951 0.121899
4952 0.118864
4953 0.114154
4954 0.109308
4955 0.107296
4956 0.0986272
4957 0.094787
4958 0.0928047
4959 0.09
4960 0.0864379
4961 0.0855148
4962 0.0832426
4963 0.0784024
4964 0.074716
4965 0.0673077
4966 0.0650828
4967 0.0668343
4968 0.0710769
4969 0.0773609
4970 0.0806154
4971 0.0864911
4972 0.0909172
4973 0.0955444
4974 0.102947
4975 0.109467
4976 0.113178
4977 0.11774
4978 0.118024
4979 0.117822
4980 0.11545
4981 0.112959
4982 0.11332
4983 0.11216
4984 0.111361
4985 0.113059
4986 0.113751
4987 0.112361
4988 0.112858
4989 0.111136
4990 0.110793
4991 0.10971
4992 0.110136
4993 0.108976
4994 0.10932
4995 0.10816
4996 0.107574
4997 0.10684
4998 0.108391
4999 0.108722
5000 0.107899
5001 0.104834
5002 0.0997219
5003 0.0977929
5004 0.0937101
5005 0.0911006
5006 0.0891183
5007 0.0875621
5008 0.0864083
5009 0.085432
5010 0.0810888
5011 0.0767219
5012 0.0734675
5013 0.065787
5014 0.0595917
5015 0.0564379
5016 0.050284
5017 0.0441479
5018 0.0407574
5019 0.033432
5020 0.0314083
5021 0.0312189
5022 0.0322663
5023 0.0298225
5024 0.0289822
5025 0.026787
5026 0.0242781
5027 0.0234024
5028 0.0205799
5029 0.0184024
5030 0.0169822
5031 0.0161834
5032 0.0163491
5033 0.0163609
5034 0.0170118
5035 0.017142
5036 0.0175325
5037 0.0175858
5038 0.0178639
5039 0.0180769
5040 0.0184497
5041 0.0182781
5042 0.018432
5043 0.0184379
5044 0.0187219
5045 0.0184911
5046 0.0189172
5047 0.0204911
5048 0.0218935
5049 0.0254083
5050 0.0287692
5051 0.0316272
5052 0.0381124
5053 0.0448757
5054 0.0485089
5055 0.0554201
5056 0.0631775
5057 0.0667929
5058 0.0749586
5059 0.0896331
5060 0.0945148
5061 0.103544
5062 0.113254
5063 0.12284
5064 0.135473
5065 0.149284
5066 0.154899
5067 0.166148
5068 0.182562
5069 0.188757
5070 0.203852
5071 0.219485
5072 0.225379
5073 0.238213
5074 0.24897
5075 0.253533
5076 0.262249
5077 0.267379
5078 0.267639
5079 0.268888
5080 0.268893
5081 0.268467
5082 0.265402
5083 0.262538
5084 0.259426
5085 0.254018
5086 0.236911
5087 0.236805
5088 0.231964
5089 0.213947
5090 0.21071
5091 0.204698
5092 0.187811
5093 0.18429
5094 0.178675
5095 0.174663
5096 0.173888
5097 0.174923
5098 0.167391
5099 0.164923
5100 0.158947
5101 0.151148
5102 0.146467
5103 0.139278
5104 0.129521
5105 0.125852
5106 0.117769
5107 0.112497
5108 0.107888
5109 0.100568
5110 0.0965444
5111 0.0960178
5112 0.0930533
5113 0.0908639
5114 0.0908935
5115 0.0846509
5116 0.0823964
5117 0.080929
5118 0.0735917
5119 0.0632189
5120 0.0609822
5121 0.0507692
5122 0.0409704
5123 0.0356686
5124 0.0265089
5125 0.0178521
5126 0.0149408
5127 0.00853846
5128 0.00361538
5129 0.00176331
5130 0.000550296
5131 0.00043787
5132 0.000414201
5133 0.000372781
5134 0.000550296
5135 0.000491124
5136 0.000431953
5137 0.00039645
5138 0.000420118
5139 0.00039645
5140 0.000360947
5141 0.00035503
5142 0.000343195
5143 0.000337278
5144 0.000337278
5145 0.000319527
5146 0.000319527
5147 0.000272189
5148 0.000278107
5149 0.000260355
5150 0.000242604
5151 0.000230769
5152 0.000230769
5153 0.000224852
5154 0.000224852
5155 0.000224852
5156 0.000248521
5157 0.000248521
5158 0.000242604
5159 0.000579882
5160 0.000544379
5161 0.00052071
5162 0.000349112
5163 0.000360947
5164 0.000337278
5165 0.000284024
5166 0.000260355
5167 0.000260355
5168 0.000260355
5169 0.000236686
5170 0.000213018
5171 0.000224852
5172 0.000230769
5173 0.000224852
5174 0.000207101
5175 0.000213018
5176 0.000195266
5177 0.000189349
5178 0.000189349
5179 0.000195266
5180 0.000177515
5181 0.000177515
5182 0.000171598
5183 0.000171598
5184 4.14201e-05
5185 2.95858e-05
5186 2.95858e-05
5187 2.95858e-05
5188 2.95858e-05
5189 1.77515e-05
5190 1.77515e-05
5191 1.77515e-05
5192 0
5193 0
5194 0
5195 0.000325444
5196 0.000301775
5197 0.000284024
5198 0.000278107
5199 0.000248521
5200 0.000224852
5201 0.000230769
5202 0.000242604
5203 0.000224852
5204 0.000224852
5205 0.000195266
5206 0.000183432
5207 0.000189349
5208 0.000189349
5209 0.000177515
5210 0.000171598
5211 0.000153846
5212 0.000142012
5213 0.000136095
5214 0.000147929
5215 0.00016568
5216 0.000159763
5217 0.000171598
5218 0.00016568
5219 0.000171598
5220 0.000372781
5221 0.000337278
5222 0.000307692
5223 0.000301775
5224 0.000295858
5225 0.000295858
5226 0.000295858
5227 0.000266272
5228 0.000260355
5229 0.000224852
5230 0.000218935
5231 0.000159763
5232 0.00016568
5233 0.000171598
5234 0.000171598
5235 0.000171598
5236 0.00016568
5237 0.000177515
5238 0.00016568
5239 0.000159763
5240 0.000159763
5241 0.000159763
5242 0.000142012
5243 0.000136095
5244 0.000136095
5245 0.000349112
5246 0.000295858
5247 0.000272189
5248 0.000289941
5249 0.000289941
5250 0.000289941
5251 0.000325444
5252 0.000325444
5253 0.000313609
5254 0.000307692
5255 0.000278107
5256 0.000213018
5257 0.0045503
5258 0.0149763
5259 0.0201598
5260 0.0313254
5261 0.0411775
5262 0.0459349
5263 0.0533491
5264 0.0604083
5265 0.061574
5266 0.0639882
5267 0.0669527
5268 0.0675266
5269 0.0714615
5270 0.0729822
5271 0.0735917
5272 0.0747929
5273 0.0745207
5274 0.0754024
5275 0.0756391
5276 0.0754024
5277 0.0756686
5278 0.0762899
5279 0.0759941
5280 0.0758935
5281 0.0763373
5282 0.0767811
5283 0.0769941
5284 0.0769704
5285 0.0768876
5286 0.0770178
5287 0.0768698
5288 0.0778935
5289 0.0823609
5290 0.0911893
5291 0.102065
5292 0.109266
5293 0.121799
5294 0.130503
5295 0.135018
5296 0.143769
5297 0.154527
5298 0.156615
5299 0.161704
5300 0.164645
5301 0.166929
5302 0.169041
5303 0.18455
5304 0.186083
5305 0.191533
5306 0.193799
5307 0.193604
5308 0.194391
5309 0.196172
5310 0.196533
5311 0.196462
5312 0.195189
5313 0.195243
5314 0.193964
5315 0.192846
5316 0.192799
5317 0.191787
5318 0.191183
5319 0.189243
5320 0.19503
5321 0.192396
5322 0.192225
5323 0.188734
5324 0.18687
5325 0.184604
5326 0.182302
5327 0.181018
5328 0.18258
5329 0.188024
5330 0.195917
5331 0.20016
5332 0.206734
5333 0.212935
5334 0.216438
5335 0.223586
5336 0.227811
5337 0.227645
5338 0.228935
5339 0.227231
5340 0.227799
5341 0.228036
5342 0.228065
5343 0.227698
5344 0.228527
5345 0.228183
5346 0.22816
5347 0.22726
5348 0.227136
5349 0.226574
5350 0.226929
5351 0.231331
5352 0.234503
5353 0.244888
5354 0.257692
5355 0.263568
5356 0.275627
5357 0.286556
5358 0.293189
5359 0.30416
5360 0.311083
5361 0.313355
5362 0.316964
5363 0.307065
5364 0.306095
5365 0.304379
5366 0.305243
5367 0.304479
5368 0.298663
5369 0.29697
5370 0.293669
5371 0.294568
5372 0.294396
5373 0.294598
5374 0.294763
5375 0.295882
5376 0.295852
5377 0.295349
5378 0.296722
5379 0.296065
5380 0.29658
5381 0.295266
5382 0.29526
5383 0.295911
5384 0.294396
5385 0.294059
5386 0.29916
5387 0.303367
5388 0.305012
5389 0.308391
5390 0.312065
5391 0.312858
5392 0.317172
5393 0.32132
5394 0.323414
5395 0.327154
5396 0.330479
5397 0.332533
5398 0.332408
5399 0.332568
5400 0.332751
5401 0.332396
5402 0.333225
5403 0.333254
5404 0.332385
5405 0.334314
5406 0.334645
5407 0.336586
5408 0.338178
5409 0.338633
5410 0.338663
5411 0.338574
5412 0.337503
5413 0.338178
5414 0.338041
5415 0.336947
5416 0.34155
5417 0.348876
5418 0.353367
5419 0.360077
5420 0.370266
5421 0.372787
5422 0.376775
5423 0.382935
5424 0.386107
5425 0.389893
5426 0.393314
5427 0.393822
5428 0.395142
5429 0.395964
5430 0.394757
5431 0.396491
5432 0.398337
5433 0.399302
5434 0.400716
5435 0.40371
5436 0.404621
5437 0.406
5438 0.408118
5439 0.409302
5440 0.414207
5441 0.417249
5442 0.419278
5443 0.42342
5444 0.427615
5445 0.427278
5446 0.430237
5447 0.434355
5448 0.436598
5449 0.442024
5450 0.446379
5451 0.446811
5452 0.450781
5453 0.452491
5454 0.453533
5455 0.455183
5456 0.456964
5457 0.457485
5458 0.456462
5459 0.455692
5460 0.455308
5461 0.454787
5462 0.458633
5463 0.458988
5464 0.459538
5465 0.460349
5466 0.461059
5467 0.459846
5468 0.459893
5469 0.459852
5470 0.459462
5471 0.458456
5472 0.457509
5473 0.455148
5474 0.453325
5475 0.453367
5476 0.451089
5477 0.450527
5478 0.45084
5479 0.45097
5480 0.453302
5481 0.454172
5482 0.456515
5483 0.460722
5484 0.460994
5485 0.464083
5486 0.468089
5487 0.469716
5488 0.473651
5489 0.477189
5490 0.478864
5491 0.482438
5492 0.484846
5493 0.488118
5494 0.492154
5495 0.504473
5496 0.505154
5497 0.508479
5498 0.511207
5499 0.51732
5500 0.522556
5501 0.52971
5502 0.539947
5503 0.54916
5504 0.55297
5505 0.55626
5506 0.560828
5507 0.578882
5508 0.581911
5509 0.590195
5510 0.602609
5511 0.608213
5512 0.614704
5513 0.619556
5514 0.62203
5515 0.626101
5516 0.62913
5517 0.630556
5518 0.632414
5519 0.638822
5520 0.68055
5521 0.68503
5522 0.688882
5523 0.689355
5524 0.693817
5525 0.698893
5526 0.700805
5527 0.70526
5528 0.714675
5529 0.723675
5530 0.742083
5531 0.759604
5532 0.767503
5533 0.775249
5534 0.784982
5535 0.792373
5536 0.79758
5537 0.802278
5538 0.807438
5539 0.80755
5540 0.810805
5541 0.812189
5542 0.812213
5543 0.813763
5544 0.813432
5545 0.84574
5546 0.846408
5547 0.84874
5548 0.846811
5549 0.846515
5550 0.846722
5551 0.844935
5552 0.846426
5553 0.845219
5554 0.842704
5555 0.841148
5556 0.840627
5557 0.842278
5558 0.843521
5559 0.842331
5560 0.841858
5561 0.840325
5562 0.840243
5563 0.838219
5564 0.837083
5565 0.837124
5566 0.839207
5567 0.83745
5568 0.835325
5569 0.834302
5570 0.83526
5571 0.835698
5572 0.834237
5573 0.83458
5574 0.833024
5575 0.835609
5576 0.836533
5577 0.834929
5578 0.832828
5579 0.831763
5580 0.831615
5581 0.829651
5582 0.830787
5583 0.830107
5584 0.831609
5585 0.831574
5586 0.833402
5587 0.838929
5588 0.848556
5589 0.85142
5590 0.859852
5591 0.861716
5592 0.865515
5593 0.86674
5594 0.867142
5595 0.878882
5596 0.878438
5597 0.877521
5598 0.877716
5599 0.877698
5600 0.87774
5601 0.877396
5602 0.877444
5603 0.87771
5604 0.877491
5605 0.877533
5606 0.877012
5607 0.877065
5608 0.876663
5609 0.876059
5610 0.875864
5611 0.874822
5612 0.873982
5613 0.873805
5614 0.873225
5615 0.873817
5616 0.872657
5617 0.872349
5618 0.872947
5619 0.872456
5620 0.874
5621 0.874189
5622 0.874337
5623 0.874083
5624 0.874787
5625 0.874574
5626 0.875142
5627 0.874828
5628 0.874538
5629 0.874787
5630 0.874947
5631 0.874509
5632 0.874675
5633 0.874509
5634 0.874751
5635 0.874805
5636 0.875178
5637 0.875118
5638 0.875266
5639 0.875225
5640 0.875118
5641 0.875598
5642 0.876367
5643 0.877172
5644 0.877325
5645 0.876888
5646 0.876521
5647 0.876367
5648 0.876355
5649 0.877243
5650 0.877302
5651 0.877426
5652 0.877154
5653 0.876414
5654 0.875592
5655 0.875568
5656 0.875136
5657 0.874751
5658 0.874142
5659 0.873817
5660 0.874485
5661 0.874497
5662 0.87403
5663 0.874024
5664 0.874296
5665 0.87413
5666 0.874704
5667 0.874953
5668 0.875249
5669 0.87529
5670 0.874479
5671 0.874485
5672 0.874675
5673 0.874893
5674 0.87532
5675 0.875852
5676 0.875651
5677 0.875645
5678 0.876018
5679 0.876118
5680 0.876426
5681 0.876473
5682 0.876207
5683 0.87613
5684 0.875722
5685 0.875941
5686 0.875592
5687 0.875556
5688 0.875432
5689 0.875633
5690 0.875982
5691 0.876402
5692 0.87674
5693 0.876669
5694 0.876793
5695 0.874763
5696 0.875065
5697 0.875071
5698 0.875462
5699 0.876077
5700 0.875769
5701 0.875598
5702 0.87542
5703 0.875195
5704 0.874817
5705 0.874497
5706 0.874053
5707 0.874
5708 0.87397
5709 0.873876
5710 0.873698
5711 0.873095
5712 0.870858
5713 0.869633
5714 0.869266
5715 0.867828
5716 0.867704
5717 0.867444
5718 0.867533
5719 0.867349
5720 0.864154
5721 0.863929
5722 0.86374
5723 0.863343
5724 0.863254
5725 0.863278
5726 0.86326
5727 0.863284
5728 0.863615
5729 0.86345
5730 0.863473
5731 0.863041
5732 0.862811
5733 0.862609
5734 0.862373
5735 0.862195
5736 0.862379
5737 0.862402
