1 0.0753633
2 0.0729219
3 0.0746562
4 0.0784609
5 0.0836055
6 0.0872617
7 0.092375
8 0.100074
9 0.102496
10 0.105078
11 0.106973
12 0.107625
13 0.109047
14 0.110926
15 0.111324
16 0.112887
17 0.114129
18 0.114387
19 0.115078
20 0.115414
21 0.115621
22 0.116371
23 0.116648
24 0.117148
25 0.119961
26 0.12309
27 0.124344
28 0.127375
29 0.130039
30 0.129953
31 0.130277
32 0.130867
33 0.130953
34 0.131035
35 0.130426
36 0.131184
37 0.130672
38 0.130781
39 0.131379
40 0.131566
41 0.132039
42 0.13248
43 0.133074
44 0.133426
45 0.136352
46 0.135441
47 0.135637
48 0.135613
49 0.135797
50 0.135187
51 0.135941
52 0.135762
53 0.135414
54 0.134918
55 0.134453
56 0.133949
57 0.133406
58 0.133242
59 0.132766
60 0.132426
61 0.132559
62 0.13243
63 0.132027
64 0.13209
65 0.132449
66 0.133168
67 0.133766
68 0.133676
69 0.134078
70 0.134371
71 0.134855
72 0.13573
73 0.137273
74 0.138734
75 0.139176
76 0.140219
77 0.140559
78 0.141187
79 0.142137
80 0.144676
81 0.146152
82 0.148918
83 0.154062
84 0.157957
85 0.16568
86 0.172371
87 0.176051
88 0.18316
89 0.190043
90 0.192242
91 0.199414
92 0.20277
93 0.202594
94 0.20275
95 0.204715
96 0.205133
97 0.205352
98 0.205953
99 0.206727
100 0.207359
101 0.208219
102 0.207914
103 0.208516
104 0.207836
105 0.207191
106 0.205605
107 0.209152
108 0.210297
109 0.213379
110 0.21816
111 0.22025
112 0.224914
113 0.22902
114 0.229863
115 0.234613
116 0.238426
117 0.239746
118 0.241238
119 0.240691
120 0.238969
121 0.238543
122 0.23841
123 0.238012
124 0.23793
125 0.238117
126 0.238016
127 0.238785
128 0.240094
129 0.240766
130 0.241832
131 0.244277
132 0.244891
133 0.248633
134 0.249906
135 0.250812
136 0.252496
137 0.254219
138 0.255297
139 0.255477
140 0.25609
141 0.25607
142 0.254402
143 0.253852
144 0.252738
145 0.252609
146 0.25109
147 0.25091
148 0.248684
149 0.247207
150 0.246188
151 0.245125
152 0.243398
153 0.243336
154 0.241965
155 0.240559
156 0.23948
157 0.2375
158 0.236281
159 0.235434
160 0.234059
161 0.23348
162 0.23234
163 0.231
164 0.229496
165 0.229492
166 0.228594
167 0.228531
168 0.228492
169 0.227883
170 0.229281
171 0.228906
172 0.228145
173 0.227137
174 0.22659
175 0.226598
176 0.226121
177 0.225453
178 0.225027
179 0.225035
180 0.225156
181 0.224996
182 0.22443
183 0.22416
184 0.223973
185 0.223176
186 0.222832
187 0.221605
188 0.221043
189 0.221164
190 0.221398
191 0.221738
192 0.22177
193 0.221254
194 0.221176
195 0.221992
196 0.221852
197 0.222219
198 0.222285
199 0.221965
200 0.222129
201 0.222336
202 0.22266
203 0.222906
204 0.223148
205 0.223438
206 0.222973
207 0.222402
208 0.222164
209 0.222273
210 0.222289
211 0.222734
212 0.222664
213 0.222504
214 0.222051
215 0.222074
216 0.222031
217 0.221449
218 0.221492
219 0.221785
220 0.222062
221 0.221977
222 0.22148
223 0.22132
224 0.221031
225 0.220855
226 0.22084
227 0.22082
228 0.220777
229 0.220441
230 0.22032
231 0.220434
232 0.220391
233 0.220883
234 0.220785
235 0.221066
236 0.221156
237 0.220863
238 0.220598
239 0.21998
240 0.219227
241 0.219609
242 0.22073
243 0.220789
244 0.22152
245 0.220812
246 0.22073
247 0.220938
248 0.220637
249 0.220301
250 0.220109
251 0.21993
252 0.219816
253 0.219246
254 0.219078
255 0.218988
256 0.218996
257 0.21916
258 0.219082
259 0.21927
260 0.218949
261 0.218777
262 0.218348
263 0.21873
264 0.218777
265 0.218531
266 0.218414
267 0.218156
268 0.217938
269 0.218043
270 0.21841
271 0.218238
272 0.217969
273 0.217832
274 0.217957
275 0.218457
276 0.218223
277 0.217527
278 0.21702
279 0.216547
280 0.216531
281 0.216617
282 0.216887
283 0.216984
284 0.217676
285 0.21752
286 0.217762
287 0.216992
288 0.216508
289 0.215879
290 0.214965
291 0.214805
292 0.214352
293 0.214145
294 0.214219
295 0.215195
296 0.215164
297 0.21518
298 0.214965
299 0.214734
300 0.214781
301 0.214789
302 0.214898
303 0.214848
304 0.215094
305 0.214961
306 0.214863
307 0.214996
308 0.215277
309 0.215105
310 0.215758
311 0.216113
312 0.216227
313 0.216012
314 0.21782
315 0.218062
316 0.218289
317 0.218047
318 0.217859
319 0.217727
320 0.219148
321 0.21923
322 0.218789
323 0.218844
324 0.218871
325 0.219312
326 0.219738
327 0.219492
328 0.219527
329 0.219402
330 0.219133
331 0.219004
332 0.218848
333 0.218793
334 0.219102
335 0.218871
336 0.218938
337 0.218895
338 0.218914
339 0.219191
340 0.21952
341 0.221594
342 0.223023
343 0.225289
344 0.227676
345 0.228969
346 0.231379
347 0.232852
348 0.233246
349 0.233172
350 0.232941
351 0.232871
352 0.23275
353 0.232465
354 0.232055
355 0.231969
356 0.231473
357 0.231402
358 0.231363
359 0.231422
360 0.231488
361 0.231359
362 0.231266
363 0.231082
364 0.230832
365 0.230832
366 0.230551
367 0.230391
368 0.229902
369 0.229762
370 0.228895
371 0.228348
372 0.228582
373 0.228063
374 0.227855
375 0.227734
376 0.226926
377 0.226918
378 0.22659
379 0.226254
380 0.226332
381 0.226012
382 0.226039
383 0.225973
384 0.22625
385 0.22766
386 0.229074
387 0.230113
388 0.231992
389 0.235211
390 0.236387
391 0.237414
392 0.238645
393 0.238504
394 0.239195
395 0.242254
396 0.24293
397 0.243062
398 0.24359
399 0.244121
400 0.24482
401 0.245691
402 0.245953
403 0.247062
404 0.248172
405 0.248422
406 0.24998
407 0.252332
408 0.252852
409 0.255188
410 0.256824
411 0.258285
412 0.261422
413 0.26634
414 0.268406
415 0.272918
416 0.277027
417 0.278719
418 0.283328
419 0.286469
420 0.289828
421 0.292395
422 0.297207
423 0.299691
424 0.304617
425 0.310391
426 0.312363
427 0.317367
428 0.322441
429 0.323871
430 0.329977
431 0.334512
432 0.336711
433 0.342496
434 0.348035
435 0.351008
436 0.35534
437 0.359859
438 0.360516
439 0.363809
440 0.366727
441 0.367434
442 0.371437
443 0.373363
444 0.374242
445 0.382844
446 0.384824
447 0.385098
448 0.386832
449 0.389594
450 0.390027
451 0.393008
452 0.394832
453 0.396062
454 0.398598
455 0.400703
456 0.401281
457 0.402672
458 0.404891
459 0.405441
460 0.406574
461 0.408605
462 0.408836
463 0.410703
464 0.411406
465 0.411723
466 0.411828
467 0.411777
468 0.411703
469 0.412109
470 0.418066
471 0.418117
472 0.418137
473 0.418172
474 0.418441
475 0.418598
476 0.417457
477 0.416598
478 0.416863
479 0.416434
480 0.416422
481 0.416926
482 0.415996
483 0.415609
484 0.416625
485 0.41673
486 0.416293
487 0.416723
488 0.415988
489 0.415867
490 0.415004
491 0.415246
492 0.415223
493 0.415738
494 0.415543
495 0.41602
496 0.415734
497 0.416453
498 0.415789
499 0.418711
500 0.42352
501 0.426453
502 0.43252
503 0.439945
504 0.444738
505 0.452035
506 0.457715
507 0.460777
508 0.465844
509 0.47025
510 0.471906
511 0.474148
512 0.474699
513 0.474508
514 0.477563
515 0.47973
516 0.480801
517 0.485719
518 0.490582
519 0.493047
520 0.507617
521 0.510699
522 0.512547
523 0.517023
524 0.521109
525 0.522992
526 0.526121
527 0.528383
528 0.53057
529 0.531273
530 0.532715
531 0.532441
532 0.532586
533 0.532141
534 0.53266
535 0.534668
536 0.535211
537 0.535043
538 0.534855
539 0.534742
540 0.534496
541 0.532668
542 0.533367
543 0.532973
544 0.532871
545 0.533422
546 0.532566
547 0.531762
548 0.531516
549 0.531254
550 0.529551
551 0.528426
552 0.52807
553 0.527945
554 0.526086
555 0.526098
556 0.524816
557 0.524223
558 0.523516
559 0.522625
560 0.522461
561 0.521887
562 0.521234
563 0.520164
564 0.519102
565 0.518176
566 0.517461
567 0.517461
568 0.516891
569 0.519312
570 0.516258
571 0.51893
572 0.521168
573 0.521258
574 0.525234
575 0.52884
576 0.531156
577 0.53482
578 0.539133
579 0.541156
580 0.546168
581 0.551086
582 0.553078
583 0.558352
584 0.563465
585 0.566582
586 0.572008
587 0.576773
588 0.579402
589 0.58434
590 0.589449
591 0.591629
592 0.596023
593 0.6045
594 0.606578
595 0.622617
596 0.630137
597 0.634
598 0.639223
599 0.644848
600 0.646953
601 0.651227
602 0.655047
603 0.65591
604 0.65848
605 0.661492
606 0.66348
607 0.672336
608 0.678867
609 0.681
610 0.686535
611 0.690438
612 0.692
613 0.693859
614 0.695801
615 0.696402
616 0.696543
617 0.696664
618 0.696746
619 0.697102
620 0.707426
621 0.707945
622 0.708633
623 0.708562
624 0.708023
625 0.708113
626 0.707633
627 0.706941
628 0.706691
629 0.707297
630 0.708898
631 0.710492
632 0.712672
633 0.713117
634 0.71402
635 0.714594
636 0.716313
637 0.717016
638 0.717816
639 0.718707
640 0.719414
641 0.719645
642 0.720402
643 0.720238
644 0.721074
645 0.740715
646 0.74134
647 0.741906
648 0.743055
649 0.744801
650 0.746082
651 0.746879
652 0.747094
653 0.747605
654 0.748043
655 0.748684
656 0.748906
657 0.749266
658 0.74918
659 0.74959
660 0.749012
661 0.748535
662 0.748988
663 0.749402
664 0.749367
665 0.74941
666 0.749137
667 0.747953
668 0.747695
669 0.747598
670 0.747625
671 0.747551
672 0.746773
673 0.74684
674 0.746531
675 0.745945
676 0.746316
677 0.745805
678 0.746391
679 0.746215
680 0.74684
681 0.747176
682 0.747379
683 0.746602
684 0.746914
685 0.746406
686 0.745691
687 0.745457
688 0.745367
689 0.745715
690 0.745227
691 0.744742
692 0.744441
693 0.744445
694 0.744883
695 0.751402
696 0.750852
697 0.75052
698 0.750051
699 0.749785
700 0.749211
701 0.748883
702 0.748598
703 0.74893
704 0.74907
705 0.750094
706 0.752109
707 0.75243
708 0.752516
709 0.754004
710 0.755566
711 0.75727
712 0.758535
713 0.758809
714 0.759754
715 0.759871
716 0.762023
717 0.765422
718 0.770035
719 0.776141
720 0.818422
721 0.817336
722 0.817215
723 0.817215
724 0.818254
725 0.818027
726 0.818484
727 0.818176
728 0.817773
729 0.81834
730 0.818156
731 0.819605
732 0.820383
733 0.820523
734 0.822902
735 0.824715
736 0.827441
737 0.830227
738 0.832152
739 0.832324
740 0.835664
741 0.835715
742 0.837648
743 0.838359
744 0.838437
745 0.854207
746 0.855848
747 0.855512
748 0.856227
749 0.85673
750 0.857719
751 0.861762
752 0.862223
753 0.86232
754 0.862062
755 0.862113
756 0.862973
757 0.86323
758 0.864867
759 0.863797
760 0.863672
761 0.863742
762 0.865113
763 0.868594
764 0.869465
765 0.870305
766 0.87084
767 0.872074
768 0.872465
769 0.873957
770 0.885926
771 0.885977
772 0.885953
773 0.886293
774 0.886457
775 0.886605
776 0.886539
777 0.886445
778 0.88623
779 0.886223
780 0.88623
781 0.886215
782 0.886078
783 0.886086
784 0.885574
785 0.885164
786 0.88491
787 0.884934
788 0.884633
789 0.884246
790 0.883707
791 0.883684
792 0.883328
793 0.882445
794 0.881781
795 0.878129
796 0.878391
797 0.877879
798 0.877285
799 0.876715
800 0.875957
801 0.875094
802 0.873285
803 0.87132
804 0.871129
805 0.87052
806 0.869738
807 0.869711
808 0.868633
809 0.869027
810 0.868902
811 0.870789
812 0.872238
813 0.874836
814 0.879664
815 0.880422
816 0.881598
817 0.882492
818 0.883594
819 0.883414
820 0.88532
821 0.884785
822 0.884887
823 0.885441
824 0.885457
825 0.886059
826 0.886898
827 0.886664
828 0.886949
829 0.886879
830 0.887109
831 0.887852
832 0.888352
833 0.888477
834 0.888219
835 0.887914
836 0.888406
837 0.888184
838 0.888223
839 0.888563
840 0.888602
841 0.888613
842 0.888828
843 0.888949
844 0.889133
845 0.88973
846 0.889523
847 0.88975
848 0.889566
849 0.889605
850 0.889188
851 0.889328
852 0.889324
853 0.889363
854 0.889539
855 0.889242
856 0.889195
857 0.888973
858 0.888938
859 0.888977
860 0.888863
861 0.888699
862 0.888781
863 0.888848
864 0.888953
865 0.889207
866 0.889242
867 0.889203
868 0.889387
869 0.889445
870 0.888379
871 0.888449
872 0.888691
873 0.888684
874 0.888531
875 0.888551
876 0.888555
877 0.888555
878 0.888621
879 0.888723
880 0.889707
881 0.889699
882 0.889887
883 0.889531
884 0.8895
885 0.889531
886 0.889449
887 0.889559
888 0.889793
889 0.889699
890 0.889637
891 0.889379
892 0.889238
893 0.889086
894 0.889055
895 0.889055
896 0.889277
897 0.88934
898 0.88916
899 0.889164
900 0.889113
901 0.889152
902 0.889371
903 0.889426
904 0.88948
905 0.889297
906 0.889539
907 0.889555
908 0.889594
909 0.88957
910 0.889973
911 0.890125
912 0.889883
913 0.890258
914 0.890527
915 0.890332
916 0.890348
917 0.890332
918 0.890039
919 0.889938
920 0.889992
921 0.890109
922 0.89018
923 0.890621
924 0.890684
925 0.890734
926 0.89066
927 0.89059
928 0.890641
929 0.890598
930 0.88823
931 0.888262
932 0.888375
933 0.888664
934 0.888559
935 0.888699
936 0.888836
937 0.888711
938 0.888859
939 0.88898
940 0.889219
941 0.889141
942 0.889008
943 0.88873
944 0.88873
945 0.888574
946 0.88827
947 0.888309
948 0.888527
949 0.888488
950 0.888375
951 0.888656
952 0.888645
953 0.88866
954 0.888602
955 0.890102
956 0.889977
957 0.889762
958 0.889836
959 0.889641
960 0.889699
961 0.889578
962 0.88948
963 0.889547
964 0.889578
965 0.889668
966 0.889758
967 0.889609
968 0.889637
969 0.88952
970 0.889332
971 0.889113
972 0.889082
973 0.888863
974 0.888844
975 0.888535
976 0.888293
977 0.887871
978 0.887457
979 0.887273
980 0.886281
981 0.886035
982 0.885887
983 0.88568
984 0.88607
985 0.88616
986 0.886383
987 0.886184
988 0.886629
989 0.887086
990 0.887133
991 0.887773
992 0.887684
993 0.887668
994 0.888129
995 0.888051
996 0.888098
997 0.888176
998 0.888344
999 0.888684
1000 0.889043
1001 0.889293
1002 0.889391
1003 0.889625
1004 0.889555
1005 0.889926
1006 0.890008
1007 0.889805
1008 0.88966
1009 0.890137
1010 0.890305
1011 0.886449
1012 0.886551
1013 0.886785
1014 0.886469
1015 0.886738
1016 0.886832
1017 0.886473
1018 0.886781
1019 0.887195
1020 0.887082
1021 0.887391
1022 0.88725
1023 0.887047
1024 0.887145
1025 0.886844
1026 0.886758
1027 0.886773
1028 0.886969
1029 0.886824
1030 0.886914
1031 0.886973
1032 0.887176
1033 0.887242
1034 0.887277
1035 0.887066
1036 0.887727
1037 0.887727
1038 0.887602
1039 0.887488
1040 0.887531
1041 0.887453
1042 0.887406
1043 0.887434
1044 0.887527
1045 0.887504
1046 0.887301
1047 0.887434
1048 0.887137
1049 0.887035
1050 0.887273
1051 0.887379
1052 0.887359
1053 0.887559
1054 0.887738
1055 0.88777
1056 0.887719
1057 0.887648
1058 0.887727
1059 0.888117
1060 0.888441
1061 0.887391
1062 0.887711
1063 0.887508
1064 0.88727
1065 0.887297
1066 0.887141
1067 0.887152
1068 0.886918
1069 0.887008
1070 0.887152
1071 0.887246
1072 0.887012
1073 0.88698
1074 0.886926
1075 0.88718
1076 0.887184
1077 0.887176
1078 0.88734
1079 0.887305
1080 0.887355
1081 0.887441
1082 0.887332
1083 0.88709
1084 0.887242
1085 0.887109
1086 0.886055
1087 0.885535
1088 0.885641
1089 0.88593
1090 0.886105
1091 0.886121
1092 0.885906
1093 0.885949
1094 0.886199
1095 0.88609
1096 0.885902
1097 0.885875
1098 0.885727
1099 0.886164
1100 0.886367
1101 0.886016
1102 0.886207
1103 0.88616
1104 0.885984
1105 0.886234
1106 0.886133
1107 0.886203
1108 0.886289
1109 0.88632
1110 0.886687
1111 0.885387
1112 0.88518
1113 0.885492
1114 0.88532
1115 0.885379
1116 0.885738
1117 0.885566
1118 0.88584
1119 0.886023
1120 0.886465
1121 0.886641
1122 0.886734
1123 0.886566
1124 0.886836
1125 0.886305
1126 0.886031
1127 0.885516
1128 0.885453
1129 0.885617
1130 0.885371
1131 0.885301
1132 0.885758
1133 0.885699
1134 0.885066
1135 0.885887
1136 0.88652
1137 0.886484
1138 0.88698
1139 0.887004
1140 0.886949
1141 0.88709
1142 0.887102
1143 0.886668
1144 0.886578
1145 0.886723
1146 0.88691
1147 0.886852
1148 0.887055
1149 0.88752
1150 0.88766
1151 0.88757
1152 0.888148
1153 0.888617
1154 0.88884
1155 0.888832
1156 0.888367
1157 0.888023
1158 0.887793
1159 0.887789
1160 0.887781
1161 0.88634
1162 0.88582
1163 0.885934
1164 0.885422
1165 0.885727
1166 0.886262
1167 0.886211
1168 0.88648
1169 0.886395
1170 0.88677
1171 0.886949
1172 0.887148
1173 0.886887
1174 0.886949
1175 0.887195
1176 0.887211
1177 0.887367
1178 0.887379
1179 0.887316
1180 0.88773
1181 0.887879
1182 0.887977
1183 0.887879
1184 0.888086
1185 0.888094
1186 0.886359
1187 0.886484
1188 0.886516
1189 0.8865
1190 0.886312
1191 0.886555
1192 0.886332
1193 0.886473
1194 0.88657
1195 0.886805
1196 0.886984
1197 0.887406
1198 0.887141
1199 0.887387
1200 0.88748
1201 0.887625
1202 0.887484
1203 0.887328
1204 0.887414
1205 0.887395
1206 0.887488
1207 0.887488
1208 0.887406
1209 0.887289
1210 0.887473
1211 0.888973
1212 0.888719
1213 0.888684
1214 0.888617
1215 0.888539
1216 0.888199
1217 0.888203
1218 0.888227
1219 0.888258
1220 0.888078
1221 0.888051
1222 0.88852
1223 0.888465
1224 0.888559
1225 0.888727
1226 0.888676
1227 0.88875
1228 0.888672
1229 0.888863
1230 0.889082
1231 0.88893
1232 0.888785
1233 0.888488
1234 0.888395
1235 0.888254
1236 0.888453
1237 0.88848
1238 0.887883
1239 0.887629
1240 0.887453
1241 0.887543
1242 0.887324
1243 0.88741
1244 0.887941
1245 0.887938
1246 0.888254
1247 0.888395
1248 0.888281
1249 0.888301
1250 0.887938
1251 0.88807
1252 0.887617
1253 0.887684
1254 0.887617
1255 0.887523
1256 0.887535
1257 0.887262
1258 0.887211
1259 0.887406
1260 0.887254
1261 0.885484
1262 0.885465
1263 0.88559
1264 0.886059
1265 0.886184
1266 0.886328
1267 0.886406
1268 0.886496
1269 0.88616
1270 0.886125
1271 0.886293
1272 0.886605
1273 0.88623
1274 0.886605
1275 0.886871
1276 0.88716
1277 0.887777
1278 0.887734
1279 0.888141
1280 0.88809
1281 0.888098
1282 0.887934
1283 0.888238
1284 0.888367
1285 0.888082
1286 0.887
1287 0.886727
1288 0.887004
1289 0.887059
1290 0.886859
1291 0.88702
1292 0.886863
1293 0.886586
1294 0.886652
1295 0.887133
1296 0.886766
1297 0.886656
1298 0.886746
1299 0.887027
1300 0.887672
1301 0.887785
1302 0.887684
1303 0.887875
1304 0.887754
1305 0.887574
1306 0.887652
1307 0.887938
1308 0.888324
1309 0.888629
1310 0.888355
1311 0.887996
1312 0.887633
1313 0.887461
1314 0.887488
1315 0.887352
1316 0.887336
1317 0.887461
1318 0.887621
1319 0.887883
1320 0.887816
1321 0.888242
1322 0.88852
1323 0.888605
1324 0.888613
1325 0.888633
1326 0.888984
1327 0.889008
1328 0.889051
1329 0.889129
1330 0.889148
1331 0.889207
1332 0.889074
1333 0.888957
1334 0.88882
1335 0.888871
1336 0.887848
1337 0.888039
1338 0.887734
1339 0.887813
1340 0.887965
1341 0.88775
1342 0.887836
1343 0.887871
1344 0.887566
1345 0.887605
1346 0.887777
1347 0.887586
1348 0.887605
1349 0.887648
1350 0.887578
1351 0.88723
1352 0.887602
1353 0.887848
1354 0.887098
1355 0.887289
1356 0.887293
1357 0.88748
1358 0.887215
1359 0.88709
1360 0.887102
1361 0.886992
1362 0.886891
1363 0.88691
1364 0.886813
1365 0.88666
1366 0.886824
1367 0.887055
1368 0.886895
1369 0.886926
1370 0.886934
1371 0.887184
1372 0.888578
1373 0.888582
1374 0.888418
1375 0.888336
1376 0.888391
1377 0.888086
1378 0.888477
1379 0.888441
1380 0.888668
1381 0.888754
1382 0.888617
1383 0.88857
1384 0.888508
1385 0.888809
1386 0.889773
1387 0.889379
1388 0.889691
1389 0.889367
1390 0.889168
1391 0.889238
1392 0.889246
1393 0.889301
1394 0.889477
1395 0.889516
1396 0.890082
1397 0.890082
1398 0.890336
1399 0.890379
1400 0.890762
1401 0.89084
1402 0.891012
1403 0.890906
1404 0.891242
1405 0.891281
1406 0.891344
1407 0.891344
1408 0.891527
1409 0.891656
1410 0.891629
1411 0.890855
1412 0.891422
1413 0.89091
1414 0.89068
1415 0.890676
1416 0.891086
1417 0.891074
1418 0.890734
1419 0.890535
1420 0.890621
1421 0.89048
1422 0.890953
1423 0.890852
1424 0.890668
1425 0.89043
1426 0.890391
1427 0.890441
1428 0.890676
1429 0.890109
1430 0.89007
1431 0.889668
1432 0.889266
1433 0.888961
1434 0.889555
1435 0.889293
1436 0.891211
1437 0.891426
1438 0.890363
1439 0.889465
1440 0.889273
1441 0.888844
1442 0.888008
1443 0.887898
1444 0.888043
1445 0.888039
1446 0.888488
1447 0.888988
1448 0.888516
1449 0.888062
1450 0.88784
1451 0.888246
1452 0.889152
1453 0.889727
1454 0.889277
1455 0.88925
1456 0.888785
1457 0.889246
1458 0.889699
1459 0.88991
1460 0.889742
1461 0.890484
1462 0.891191
1463 0.89168
1464 0.891863
1465 0.892855
1466 0.893777
1467 0.893211
1468 0.894645
1469 0.894324
1470 0.893641
1471 0.895453
1472 0.895699
1473 0.894066
1474 0.894992
1475 0.895074
1476 0.895773
1477 0.894586
1478 0.895211
1479 0.894344
1480 0.894457
1481 0.893516
1482 0.893594
1483 0.892852
1484 0.892777
1485 0.892383
1486 0.893023
1487 0.893277
1488 0.893949
1489 0.893578
1490 0.893398
1491 0.89502
1492 0.895598
1493 0.895293
1494 0.895961
1495 0.894898
1496 0.89568
1497 0.896137
1498 0.895676
1499 0.895363
1500 0.896891
1501 0.896875
1502 0.897703
1503 0.898324
1504 0.897879
1505 0.898641
1506 0.898336
1507 0.898043
1508 0.897141
1509 0.899945
1510 0.900785
1511 0.904703
1512 0.905094
1513 0.904789
1514 0.904957
1515 0.90502
1516 0.904559
1517 0.904414
1518 0.904188
1519 0.905051
1520 0.904148
1521 0.904805
1522 0.902781
1523 0.901961
1524 0.902844
1525 0.90302
1526 0.903055
1527 0.904863
1528 0.905008
1529 0.90459
1530 0.904879
1531 0.90532
1532 0.904004
1533 0.90318
1534 0.902215
1535 0.903168
1536 0.900035
1537 0.900977
1538 0.900156
1539 0.900551
1540 0.899992
1541 0.89898
1542 0.898742
1543 0.89657
1544 0.897164
1545 0.898937
1546 0.898695
1547 0.898723
1548 0.899426
1549 0.897801
1550 0.894953
1551 0.891316
1552 0.889012
1553 0.887781
1554 0.884586
1555 0.882496
1556 0.883117
1557 0.881844
1558 0.884227
1559 0.884074
1560 0.885977
1561 0.885844
1562 0.886973
1563 0.887125
1564 0.886602
1565 0.886672
1566 0.886973
1567 0.887152
1568 0.885805
1569 0.886352
1570 0.885789
1571 0.884645
1572 0.883883
1573 0.884758
1574 0.885332
1575 0.888434
1576 0.890027
1577 0.89116
1578 0.892238
1579 0.895422
1580 0.897125
1581 0.899363
1582 0.901215
1583 0.900566
1584 0.899824
1585 0.89909
1586 0.903055
1587 0.899402
1588 0.897695
1589 0.896527
1590 0.894527
1591 0.89391
1592 0.894355
1593 0.893133
1594 0.890281
1595 0.891098
1596 0.890758
1597 0.892652
1598 0.892473
1599 0.89268
1600 0.889934
1601 0.890953
1602 0.891242
1603 0.891582
1604 0.890781
1605 0.890672
1606 0.888539
1607 0.890465
1608 0.892746
1609 0.894363
1610 0.893777
1611 0.895938
1612 0.899605
1613 0.900312
1614 0.901332
1615 0.899219
1616 0.900148
1617 0.901855
1618 0.899469
1619 0.897461
1620 0.897254
1621 0.898469
1622 0.899582
1623 0.901312
1624 0.902059
1625 0.903473
1626 0.904895
1627 0.907809
1628 0.908512
1629 0.912621
1630 0.915562
1631 0.91566
1632 0.916836
1633 0.918258
1634 0.919234
1635 0.919496
1636 0.918504
1637 0.918277
1638 0.917168
1639 0.917082
1640 0.915676
1641 0.915727
1642 0.915035
1643 0.916477
1644 0.914039
1645 0.912012
1646 0.913008
1647 0.914145
1648 0.912508
1649 0.912375
1650 0.91023
1651 0.910727
1652 0.910125
1653 0.909305
1654 0.909684
1655 0.908457
1656 0.906594
1657 0.904156
1658 0.903863
1659 0.903016
1660 0.902004
1661 0.905379
1662 0.903648
1663 0.899668
1664 0.900047
1665 0.899266
1666 0.898238
1667 0.898484
1668 0.901547
1669 0.902176
1670 0.904742
1671 0.90766
1672 0.908473
1673 0.910105
1674 0.910137
1675 0.90957
1676 0.90941
1677 0.906195
1678 0.9045
1679 0.902758
1680 0.897863
1681 0.894145
1682 0.893488
1683 0.888105
1684 0.884207
1685 0.883777
1686 0.875984
1687 0.873457
1688 0.872254
1689 0.871414
1690 0.867715
1691 0.865199
1692 0.867941
1693 0.87007
1694 0.86973
1695 0.869027
1696 0.869699
1697 0.869305
1698 0.870004
1699 0.867062
1700 0.867578
1701 0.868734
1702 0.866691
1703 0.865117
1704 0.866547
1705 0.867855
1706 0.868051
1707 0.864762
1708 0.859
1709 0.855328
1710 0.849238
1711 0.839316
1712 0.836922
1713 0.831844
1714 0.827668
1715 0.826965
1716 0.823918
1717 0.822129
1718 0.822371
1719 0.820102
1720 0.819461
1721 0.820691
1722 0.819707
1723 0.818742
1724 0.818625
1725 0.816195
1726 0.814797
1727 0.814457
1728 0.811672
1729 0.809363
1730 0.808141
1731 0.801113
1732 0.791641
1733 0.784707
1734 0.746633
1735 0.73157
1736 0.687301
1737 0.677582
1738 0.653102
1739 0.645828
1740 0.638637
1741 0.60534
1742 0.599781
1743 0.592426
1744 0.565
1745 0.561277
1746 0.557086
1747 0.554219
1748 0.51482
1749 0.508145
1750 0.506188
1751 0.503098
1752 0.504461
1753 0.487625
1754 0.486914
1755 0.483617
1756 0.479977
1757 0.476156
1758 0.476523
1759 0.472352
1760 0.470855
1761 0.466125
1762 0.464062
1763 0.46416
1764 0.457035
1765 0.456727
1766 0.456691
1767 0.470586
1768 0.47493
1769 0.476055
1770 0.477105
1771 0.477137
1772 0.488078
1773 0.491074
1774 0.490609
1775 0.487824
1776 0.493758
1777 0.491031
1778 0.490141
1779 0.481953
1780 0.474203
1781 0.47248
1782 0.465824
1783 0.458027
1784 0.456781
1785 0.449012
1786 0.446266
1787 0.444469
1788 0.433301
1789 0.424844
1790 0.422496
1791 0.415281
1792 0.408789
1793 0.406387
1794 0.399488
1795 0.392371
1796 0.389102
1797 0.383691
1798 0.382316
1799 0.38648
1800 0.382047
1801 0.388078
1802 0.386
1803 0.389582
1804 0.389945
1805 0.391395
1806 0.393656
1807 0.392246
1808 0.394188
1809 0.393102
1810 0.397297
1811 0.38973
1812 0.389215
1813 0.386664
1814 0.383602
1815 0.380371
1816 0.372836
1817 0.371473
1818 0.368812
1819 0.370621
1820 0.369371
1821 0.372188
1822 0.37391
1823 0.375414
1824 0.372875
1825 0.36909
1826 0.367121
1827 0.361812
1828 0.357367
1829 0.359098
1830 0.349113
1831 0.344496
1832 0.34125
1833 0.33573
1834 0.331172
1835 0.327902
1836 0.320793
1837 0.317211
1838 0.314484
1839 0.307348
1840 0.302828
1841 0.302172
1842 0.291113
1843 0.282074
1844 0.278746
1845 0.271703
1846 0.266035
1847 0.26257
1848 0.256273
1849 0.248762
1850 0.244836
1851 0.236
1852 0.225324
1853 0.220918
1854 0.214664
1855 0.215434
1856 0.21573
1857 0.216777
1858 0.22018
1859 0.217875
1860 0.217445
1861 0.213422
1862 0.211523
1863 0.206082
1864 0.19684
1865 0.194508
1866 0.188023
1867 0.189707
1868 0.193461
1869 0.202883
1870 0.210203
1871 0.21207
1872 0.220883
1873 0.223469
1874 0.223234
1875 0.224281
1876 0.227117
1877 0.227437
1878 0.230559
1879 0.236328
1880 0.238539
1881 0.245492
1882 0.254703
1883 0.254211
1884 0.26257
1885 0.270504
1886 0.277281
1887 0.28518
1888 0.296332
1889 0.299738
1890 0.309684
1891 0.319086
1892 0.322586
1893 0.331641
1894 0.33866
1895 0.340047
1896 0.338527
1897 0.340863
1898 0.341344
1899 0.347977
1900 0.36043
1901 0.366211
1902 0.392379
1903 0.420277
1904 0.428648
1905 0.446188
1906 0.472473
1907 0.475418
1908 0.48327
1909 0.488496
1910 0.487516
1911 0.47323
1912 0.466586
1913 0.46666
1914 0.458551
1915 0.452121
1916 0.448297
1917 0.440824
1918 0.436234
1919 0.435445
1920 0.427137
1921 0.422965
1922 0.417887
1923 0.416301
1924 0.412379
1925 0.386004
1926 0.381168
1927 0.377605
1928 0.369449
1929 0.360738
1930 0.353758
1931 0.350426
1932 0.34275
1933 0.314945
1934 0.310719
1935 0.302852
1936 0.295055
1937 0.292672
1938 0.290305
1939 0.28318
1940 0.283004
1941 0.278867
1942 0.271215
1943 0.277891
1944 0.272848
1945 0.264723
1946 0.262336
1947 0.249105
1948 0.24025
1949 0.235797
1950 0.225145
1951 0.2165
1952 0.208754
1953 0.194238
1954 0.187863
1955 0.18343
1956 0.174629
1957 0.164441
1958 0.15952
1959 0.150316
1960 0.140602
1961 0.128586
1962 0.12282
1963 0.115895
1964 0.11323
1965 0.10023
1966 0.091125
1967 0.0850039
1968 0.0729727
1969 0.0637812
1970 0.0592109
1971 0.0477383
1972 0.0336445
1973 0.0298945
1974 0.0229883
1975 0.0182891
1976 0.0164297
1977 0.0119961
1978 0.00901172
1979 0.00830469
1980 0.00824219
1981 0.00785547
1982 0.00761328
1983 0.00725781
1984 0.00700781
1985 0.00668359
1986 0.00620703
1987 0.00558594
1988 0.0053125
1989 0.00475391
1990 0.00458984
1991 0.00467969
1992 0.00485156
1993 0.00471484
1994 0.00459375
1995 0.00487109
1996 0.00446484
1997 0.00432422
1998 0.00408984
1999 0.00414063
2000 0.00431641
2001 0.00807031
2002 0.0176719
2003 0.0235039
2004 0.0367148
2005 0.0510664
2006 0.0584609
2007 0.0745781
2008 0.0912266
2009 0.100098
2010 0.118105
2011 0.135723
2012 0.142813
2013 0.162789
2014 0.180418
2015 0.194047
2016 0.21584
2017 0.23675
2018 0.254805
2019 0.275074
2020 0.290039
2021 0.29673
2022 0.308055
2023 0.316965
2024 0.327148
2025 0.344871
2026 0.360531
2027 0.369348
2028 0.383773
2029 0.398656
2030 0.404629
2031 0.405512
2032 0.405406
2033 0.407902
2034 0.400477
2035 0.391523
2036 0.391676
2037 0.386281
2038 0.354961
2039 0.35316
2040 0.341719
2041 0.334215
2042 0.314078
2043 0.306715
2044 0.283359
2045 0.279313
2046 0.269258
2047 0.260285
2048 0.258809
2049 0.247723
2050 0.238945
2051 0.236352
2052 0.231809
2053 0.219348
2054 0.217617
2055 0.207969
2056 0.197961
2057 0.193691
2058 0.180066
2059 0.173652
2060 0.169141
2061 0.148391
2062 0.135125
2063 0.131367
2064 0.122969
2065 0.110879
2066 0.10498
2067 0.0943867
2068 0.0872461
2069 0.0865586
2070 0.080957
2071 0.0786523
2072 0.0742656
2073 0.0651367
2074 0.0602109
2075 0.0579648
2076 0.0509961
2077 0.0425
2078 0.0394062
2079 0.0318711
2080 0.0265547
2081 0.0241875
2082 0.019207
2083 0.0151758
2084 0.0144727
2085 0.0146172
2086 0.0149297
2087 0.0141406
2088 0.0138711
2089 0.0136172
2090 0.0134531
2091 0.013168
2092 0.0129609
2093 0.0130625
2094 0.0129453
2095 0.0130547
2096 0.0135312
2097 0.0138672
2098 0.0137773
2099 0.0136211
2100 0.015
2101 0.0178945
2102 0.0196953
2103 0.0244258
2104 0.0295
2105 0.0325039
2106 0.0384375
2107 0.0456875
2108 0.0500625
2109 0.0581094
2110 0.0689258
2111 0.0751641
2112 0.0870039
2113 0.0975312
2114 0.103141
2115 0.117258
2116 0.129688
2117 0.13852
2118 0.153285
2119 0.171773
2120 0.180215
2121 0.198082
2122 0.215484
2123 0.232539
2124 0.258078
2125 0.279391
2126 0.28652
2127 0.324832
2128 0.362867
2129 0.376793
2130 0.404824
2131 0.433961
2132 0.447113
2133 0.466559
2134 0.47693
2135 0.480781
2136 0.509934
2137 0.511953
2138 0.512719
2139 0.51191
2140 0.512855
2141 0.51277
2142 0.511055
2143 0.503805
2144 0.501641
2145 0.49348
2146 0.490055
2147 0.487164
2148 0.480629
2149 0.475055
2150 0.469719
2151 0.463211
2152 0.390164
2153 0.384832
2154 0.338758
2155 0.338129
2156 0.342145
2157 0.323625
2158 0.326703
2159 0.327375
2160 0.324898
2161 0.316668
2162 0.315223
2163 0.313113
2164 0.311363
2165 0.309836
2166 0.304137
2167 0.298383
2168 0.297422
2169 0.289
2170 0.282926
2171 0.28066
2172 0.270328
2173 0.268164
2174 0.267512
2175 0.256887
2176 0.234473
2177 0.228699
2178 0.216238
2179 0.207555
2180 0.195531
2181 0.181391
2182 0.167723
2183 0.163238
2184 0.150727
2185 0.134168
2186 0.123875
2187 0.113707
2188 0.105469
2189 0.100098
2190 0.0875195
2191 0.0787148
2192 0.0746953
2193 0.0646641
2194 0.0571094
2195 0.0540117
2196 0.0471914
2197 0.0405703
2198 0.0385273
2199 0.03175
2200 0.0269727
2201 0.0241797
2202 0.0211406
2203 0.0182578
2204 0.0174688
2205 0.0161328
2206 0.0143281
2207 0.0139219
2208 0.0121758
2209 0.0107617
2210 0.00972266
2211 0.00824609
2212 0.00558984
2213 0.00430469
2214 0.002875
2215 0.00227344
2216 0.002
2217 0.00237891
2218 0.00237109
2219 0.00205469
2220 0.00217578
2221 0.002125
2222 0.00241016
2223 0.00286719
2224 0.00249609
2225 0.00304688
2226 0.00266016
2227 0.00274609
2228 0.00284375
2229 0.00339844
2230 0.00303906
2231 0.00298047
2232 0.00330078
2233 0.00323437
2234 0.00310938
2235 0.00324219
2236 0.00384375
2237 0.00384375
2238 0.00405078
2239 0.00361328
2240 0.00401953
2241 0.00408984
2242 0.00357031
2243 0.00389844
2244 0.00279687
2245 0.00341016
2246 0.00377344
2247 0.00414453
2248 0.00401172
2249 0.00417188
2250 0.00458594
2251 0.00468359
2252 0.00498828
2253 0.00558203
2254 0.00608594
2255 0.00642969
2256 0.00625781
2257 0.00578125
2258 0.00651953
2259 0.00670703
2260 0.00712891
2261 0.00761719
2262 0.00742578
2263 0.00830859
2264 0.00817188
2265 0.00875391
2266 0.0113984
2267 0.0135625
2268 0.019082
2269 0.0269961
2270 0.0306445
2271 0.0397539
2272 0.0483008
2273 0.0531914
2274 0.0627812
2275 0.0710547
2276 0.0742266
2277 0.0794102
2278 0.0830078
2279 0.0848086
2280 0.0883047
2281 0.0923633
2282 0.0939805
2283 0.0974141
2284 0.0997852
2285 0.10068
2286 0.10343
2287 0.104676
2288 0.105164
2289 0.106391
2290 0.106117
2291 0.106461
2292 0.106141
2293 0.104121
2294 0.103227
2295 0.10277
2296 0.100887
2297 0.100547
2298 0.10123
2299 0.104984
2300 0.1075
2301 0.111402
2302 0.111297
2303 0.110723
2304 0.11209
2305 0.113043
2306 0.111957
2307 0.111605
2308 0.111195
2309 0.110605
2310 0.107949
2311 0.10857
2312 0.108809
2313 0.104992
2314 0.0984414
2315 0.0971484
2316 0.0923164
2317 0.0886523
2318 0.0868125
2319 0.0821367
2320 0.0781641
2321 0.0764023
2322 0.0722305
2323 0.0707305
2324 0.0693047
2325 0.0653398
2326 0.0621484
2327 0.0609688
2328 0.0598906
2329 0.0579687
2330 0.056207
2331 0.0536094
2332 0.0518203
2333 0.0498711
2334 0.0461836
2335 0.0412773
2336 0.0413516
2337 0.0368203
2338 0.0334258
2339 0.0317031
2340 0.0301758
2341 0.0289297
2342 0.0277461
2343 0.0260469
2344 0.0239492
2345 0.0239375
2346 0.0225469
2347 0.019668
2348 0.0178945
2349 0.0166602
2350 0.0176094
2351 0.0196953
2352 0.0208281
2353 0.0208281
2354 0.0206289
2355 0.0191992
2356 0.0186719
2357 0.0185898
2358 0.0181836
2359 0.0172891
2360 0.0161992
2361 0.0161211
2362 0.0158945
2363 0.0160898
2364 0.0163555
2365 0.0162227
2366 0.0161289
2367 0.0165977
2368 0.0165039
2369 0.0167617
2370 0.0170586
2371 0.0168359
2372 0.0174141
2373 0.0174961
2374 0.0176211
2375 0.0173359
2376 0.0169844
2377 0.0158984
2378 0.015832
2379 0.0158086
2380 0.0149766
2381 0.0148555
2382 0.013957
2383 0.0180937
2384 0.0232812
2385 0.0359492
2386 0.0514727
2387 0.0579648
2388 0.0697617
2389 0.0780898
2390 0.079207
2391 0.0803633
2392 0.084418
2393 0.0851758
2394 0.0852617
2395 0.0898281
2396 0.0891914
2397 0.0890039
2398 0.0899414
2399 0.0897656
2400 0.089
2401 0.0883359
2402 0.0885625
2403 0.0881445
2404 0.0881836
2405 0.0886094
2406 0.0882109
2407 0.0878281
2408 0.0869844
2409 0.0862187
2410 0.0827461
2411 0.0824141
2412 0.0847227
2413 0.0807852
2414 0.0739609
2415 0.067957
2416 0.0611133
2417 0.0608242
2418 0.0568906
2419 0.0509688
2420 0.0482891
2421 0.0406953
2422 0.0355625
2423 0.0326211
2424 0.0269062
2425 0.0224258
2426 0.0202578
2427 0.0156016
2428 0.010668
2429 0.00845703
2430 0.00437891
2431 0.00159766
2432 0.00116406
2433 0.0117813
2434 0.0245508
2435 0.0306016
2436 0.0399844
2437 0.0451836
2438 0.0474414
2439 0.0491328
2440 0.0513867
2441 0.0523047
2442 0.0543672
2443 0.0554766
2444 0.0560469
2445 0.0565234
2446 0.0562344
2447 0.0565156
2448 0.0577148
2449 0.0579961
2450 0.0585898
2451 0.0575937
2452 0.0564219
2453 0.0568008
2454 0.0564102
2455 0.0568164
2456 0.0559492
2457 0.055168
2458 0.0554648
2459 0.0566719
2460 0.0556289
2461 0.0567227
2462 0.0567109
2463 0.0530742
2464 0.0482148
2465 0.0453555
2466 0.040707
2467 0.0347734
2468 0.0323164
2469 0.028457
2470 0.0250469
2471 0.0232422
2472 0.0202578
2473 0.017582
2474 0.016293
2475 0.0142148
2476 0.015082
2477 0.0170156
2478 0.0184141
2479 0.0164922
2480 0.0158125
2481 0.015793
2482 0.0170977
2483 0.0173359
2484 0.0178594
2485 0.0180547
2486 0.0187539
2487 0.0190391
2488 0.0191914
2489 0.0191797
2490 0.0193828
2491 0.0202539
2492 0.0199688
2493 0.0198633
2494 0.0197773
2495 0.0195586
2496 0.0199063
2497 0.0201484
2498 0.0201445
2499 0.0202773
2500 0.0204102
2501 0.0200469
2502 0.0199531
2503 0.0203203
2504 0.0207422
2505 0.0206641
2506 0.0206641
2507 0.0204102
2508 0.0266797
2509 0.0350703
2510 0.0402227
2511 0.0489883
2512 0.0585312
2513 0.0630195
2514 0.0728047
2515 0.0759023
2516 0.0756406
2517 0.0760312
2518 0.0758438
2519 0.0766211
2520 0.0793984
2521 0.080168
2522 0.081207
2523 0.0839766
2524 0.0848437
2525 0.0851719
2526 0.0872891
2527 0.0887227
2528 0.0896797
2529 0.0913828
2530 0.0920156
2531 0.092125
2532 0.0914961
2533 0.0914609
2534 0.0912852
2535 0.0912188
2536 0.0915508
2537 0.0911445
2538 0.0923828
2539 0.0925977
2540 0.0930508
2541 0.090918
2542 0.089457
2543 0.0879297
2544 0.0862773
2545 0.0886094
2546 0.0866367
2547 0.083668
2548 0.0847813
2549 0.0837578
2550 0.0785
2551 0.0733984
2552 0.072043
2553 0.0680625
2554 0.0650078
2555 0.0626953
2556 0.0578711
2557 0.0508711
2558 0.0486719
2559 0.0419492
2560 0.0362656
2561 0.0338594
2562 0.0282109
2563 0.0233984
2564 0.0207383
2565 0.0164492
2566 0.0121602
2567 0.00972266
2568 0.00630469
2569 0.00419531
2570 0.00355078
2571 0.00240234
2572 0.00169922
2573 0.00161719
2574 0.00170703
2575 0.00177344
2576 0.00174219
2577 0.00176563
2578 0.00171875
2579 0.00170312
2580 0.00167187
2581 0.00166406
2582 0.0016875
2583 0.00160156
2584 0.00158203
2585 0.00155078
2586 0.00212891
2587 0.00203125
2588 0.00208594
2589 0.00194531
2590 0.00190625
2591 0.00192187
2592 0.0019375
2593 0.00194531
2594 0.00191406
2595 0.00192187
2596 0.00186328
2597 0.00180078
2598 0.00179297
2599 0.00171484
2600 0.00174219
2601 0.00173828
2602 0.00178906
2603 0.00177734
2604 0.00179688
2605 0.00182031
2606 0.00185156
2607 0.00195703
2608 0.00196094
2609 0.00198828
2610 0.00197656
2611 0.00213281
2612 0.00203125
2613 0.00187891
2614 0.00176953
2615 0.00174609
2616 0.00187109
2617 0.00183984
2618 0.00183984
2619 0.00171875
2620 0.00173047
2621 0.00180469
2622 0.00186328
2623 0.00189453
2624 0.00278516
2625 0.00980469
2626 0.0193437
2627 0.024918
2628 0.0331406
2629 0.039918
2630 0.0437656
2631 0.0467695
2632 0.0487461
2633 0.0497656
2634 0.0522773
2635 0.0528633
2636 0.0535938
2637 0.0592773
2638 0.0700586
2639 0.0750781
2640 0.0857461
2641 0.096793
2642 0.101797
2643 0.117367
2644 0.131387
2645 0.138016
2646 0.154234
2647 0.163254
2648 0.168973
2649 0.182844
2650 0.191336
2651 0.194797
2652 0.20791
2653 0.210734
2654 0.211242
2655 0.213363
2656 0.21425
2657 0.214969
2658 0.218379
2659 0.218676
2660 0.218262
2661 0.221559
2662 0.219641
2663 0.21875
2664 0.213207
2665 0.20877
2666 0.204332
2667 0.199195
2668 0.197762
2669 0.198785
2670 0.197891
2671 0.198898
2672 0.199402
2673 0.197871
2674 0.203254
2675 0.212852
2676 0.207133
2677 0.206375
2678 0.205109
2679 0.200125
2680 0.193543
2681 0.183879
2682 0.177449
2683 0.171914
2684 0.168969
2685 0.163781
2686 0.155484
2687 0.154074
2688 0.151164
2689 0.145617
2690 0.146129
2691 0.138953
2692 0.134531
2693 0.132363
2694 0.127719
2695 0.122145
2696 0.118832
2697 0.112102
2698 0.106398
2699 0.103723
2700 0.0996172
2701 0.0943164
2702 0.0908906
2703 0.0850977
2704 0.0791641
2705 0.0767734
2706 0.0720898
2707 0.0680039
2708 0.0663164
2709 0.0638242
2710 0.0639805
2711 0.0645312
2712 0.0653359
2713 0.0654688
2714 0.0658594
2715 0.0664414
2716 0.0666875
2717 0.0665508
2718 0.0665586
2719 0.0662109
2720 0.0630078
2721 0.0631758
2722 0.0635586
2723 0.0635039
2724 0.0632695
2725 0.0641211
2726 0.0640625
2727 0.0666523
2728 0.0728203
2729 0.0762852
2730 0.0842148
2731 0.0912656
2732 0.0944805
2733 0.100215
2734 0.104242
2735 0.104426
2736 0.108129
2737 0.110766
2738 0.111875
2739 0.111914
2740 0.113184
2741 0.113637
2742 0.113672
2743 0.114586
2744 0.115328
2745 0.116383
2746 0.117227
2747 0.118172
2748 0.119918
2749 0.122414
2750 0.123172
2751 0.123457
2752 0.124156
2753 0.124207
2754 0.124707
2755 0.126672
2756 0.127012
2757 0.127758
2758 0.12743
2759 0.127957
2760 0.128586
2761 0.129602
2762 0.130062
2763 0.130734
2764 0.130789
2765 0.131871
2766 0.132316
2767 0.13282
2768 0.133129
2769 0.133637
2770 0.133687
2771 0.133934
2772 0.134043
2773 0.134957
2774 0.135418
2775 0.135527
2776 0.135813
2777 0.135695
2778 0.136699
2779 0.138395
2780 0.138477
2781 0.139953
2782 0.141898
2783 0.143078
2784 0.142145
2785 0.141723
2786 0.142523
2787 0.141566
2788 0.140906
2789 0.141863
2790 0.14227
2791 0.142813
2792 0.143125
2793 0.143063
2794 0.14293
2795 0.142371
2796 0.142574
2797 0.142629
2798 0.142594
2799 0.142605
2800 0.142574
2801 0.142434
2802 0.142563
2803 0.142582
2804 0.142141
2805 0.142137
2806 0.142441
2807 0.142328
2808 0.142875
2809 0.142844
2810 0.14282
2811 0.142516
2812 0.142773
2813 0.142984
2814 0.143602
2815 0.143461
2816 0.143469
2817 0.143687
2818 0.143676
2819 0.143645
2820 0.144203
2821 0.144125
2822 0.14427
2823 0.14441
2824 0.144137
2825 0.144254
2826 0.144043
2827 0.143625
2828 0.14366
2829 0.143457
2830 0.14298
2831 0.143105
2832 0.143023
2833 0.143187
2834 0.143508
2835 0.14341
2836 0.146766
2837 0.147016
2838 0.14734
2839 0.147148
2840 0.147063
2841 0.146937
2842 0.146328
2843 0.145969
2844 0.144895
2845 0.144836
2846 0.144758
2847 0.144848
2848 0.144832
2849 0.145137
2850 0.145582
2851 0.145957
2852 0.145477
2853 0.145668
2854 0.145734
2855 0.145844
2856 0.146148
2857 0.145934
2858 0.146227
2859 0.146555
2860 0.146793
2861 0.14534
2862 0.145691
2863 0.145645
2864 0.145945
2865 0.146687
2866 0.14702
2867 0.147211
2868 0.147797
2869 0.148398
2870 0.149238
2871 0.149707
2872 0.149727
2873 0.149902
2874 0.149277
2875 0.149078
2876 0.149227
2877 0.148176
2878 0.149074
2879 0.149898
2880 0.152992
2881 0.155656
2882 0.156789
2883 0.158469
2884 0.159105
2885 0.159594
2886 0.161074
2887 0.161566
2888 0.161617
2889 0.161898
2890 0.162516
2891 0.16268
2892 0.162164
2893 0.160457
2894 0.160371
2895 0.158488
2896 0.158473
2897 0.158711
2898 0.15841
2899 0.157797
2900 0.158586
2901 0.157719
2902 0.157723
2903 0.157672
2904 0.157137
2905 0.15673
2906 0.156418
2907 0.156375
2908 0.156715
2909 0.157
2910 0.156645
2911 0.15534
2912 0.15525
2913 0.15502
2914 0.155078
2915 0.155113
2916 0.154973
2917 0.154691
2918 0.154254
2919 0.153504
2920 0.153352
2921 0.15323
2922 0.15373
2923 0.154348
2924 0.154367
2925 0.154801
2926 0.154406
2927 0.154012
2928 0.154695
2929 0.155254
2930 0.156027
2931 0.158059
2932 0.159168
2933 0.15998
2934 0.160836
2935 0.161148
2936 0.162414
2937 0.162414
2938 0.163105
2939 0.163051
2940 0.16423
2941 0.165039
2942 0.165586
2943 0.166031
2944 0.166836
2945 0.167582
2946 0.17016
2947 0.173324
2948 0.174434
2949 0.177863
2950 0.181289
2951 0.18316
2952 0.187305
2953 0.190152
2954 0.190898
2955 0.195148
2956 0.199473
2957 0.201758
2958 0.208254
2959 0.213926
2960 0.219824
2961 0.233957
2962 0.238621
2963 0.241121
2964 0.248742
2965 0.255027
2966 0.25777
2967 0.264641
2968 0.274836
2969 0.280574
2970 0.290145
2971 0.297469
2972 0.300766
2973 0.311645
2974 0.323984
2975 0.329555
2976 0.335422
2977 0.344605
2978 0.347824
2979 0.353785
2980 0.358473
2981 0.36218
2982 0.37643
2983 0.388062
2984 0.396945
2985 0.404484
2986 0.447434
2987 0.448059
2988 0.450375
2989 0.454301
2990 0.465398
2991 0.490465
2992 0.511477
2993 0.524902
2994 0.545477
2995 0.561676
2996 0.568969
2997 0.582066
2998 0.638102
2999 0.672926
3000 0.722945
3001 0.755922
3002 0.775832
3003 0.796598
3004 0.811301
3005 0.821145
3006 0.834418
3007 0.838762
3008 0.84216
3009 0.843613
3010 0.843129
3011 0.893508
3012 0.890258
3013 0.888816
3014 0.888637
3015 0.888145
3016 0.891973
3017 0.896879
3018 0.898707
3019 0.900992
3020 0.90498
3021 0.905527
3022 0.905215
3023 0.905941
3024 0.906863
3025 0.906855
3026 0.906105
3027 0.90725
3028 0.907758
3029 0.908621
3030 0.909082
3031 0.910242
3032 0.910824
3033 0.910199
3034 0.910754
3035 0.910398
3036 0.91327
3037 0.913281
3038 0.91343
3039 0.91384
3040 0.913039
3041 0.91266
3042 0.911461
3043 0.911258
3044 0.91107
3045 0.910441
3046 0.910094
3047 0.91075
3048 0.910184
3049 0.908832
3050 0.908844
3051 0.908676
3052 0.908602
3053 0.908258
3054 0.908168
3055 0.908738
3056 0.908516
3057 0.907973
3058 0.907445
3059 0.906813
3060 0.905465
3061 0.904184
3062 0.904445
3063 0.903566
3064 0.901586
3065 0.90132
3066 0.900012
3067 0.899008
3068 0.898719
3069 0.898766
3070 0.899004
3071 0.898199
3072 0.897492
3073 0.896375
3074 0.896746
3075 0.894707
3076 0.893371
3077 0.893836
3078 0.892734
3079 0.892809
3080 0.892125
3081 0.89232
3082 0.892105
3083 0.892141
3084 0.891672
3085 0.891371
3086 0.890586
3087 0.888621
3088 0.887875
3089 0.887078
3090 0.885613
3091 0.88584
3092 0.88566
3093 0.884332
3094 0.881918
3095 0.881051
3096 0.881242
3097 0.880734
3098 0.879695
3099 0.879645
3100 0.878332
3101 0.878711
3102 0.879145
3103 0.880012
3104 0.879871
3105 0.880953
3106 0.881641
3107 0.88102
3108 0.881242
3109 0.88173
3110 0.882164
3111 0.883762
3112 0.883441
3113 0.883117
3114 0.881855
3115 0.881535
3116 0.880687
3117 0.879023
3118 0.878395
3119 0.878141
3120 0.877828
3121 0.877195
3122 0.877668
3123 0.878418
3124 0.877629
3125 0.876699
3126 0.876566
3127 0.876637
3128 0.876172
3129 0.875641
3130 0.875168
3131 0.874387
3132 0.872605
3133 0.871379
3134 0.870867
3135 0.869324
3136 0.867371
3137 0.867809
3138 0.867105
3139 0.865785
3140 0.864875
3141 0.865172
3142 0.864109
3143 0.863156
3144 0.861957
3145 0.860535
3146 0.859535
3147 0.859648
3148 0.858895
3149 0.859008
3150 0.858602
3151 0.85818
3152 0.857953
3153 0.857922
3154 0.858215
3155 0.858156
3156 0.857977
3157 0.857945
3158 0.857824
3159 0.857816
3160 0.85775
3161 0.857316
3162 0.85768
3163 0.858098
3164 0.858316
3165 0.858441
3166 0.858641
3167 0.858695
3168 0.858465
3169 0.858375
3170 0.858535
3171 0.85852
3172 0.858801
3173 0.858086
3174 0.858352
3175 0.858195
3176 0.858039
3177 0.857219
3178 0.857398
3179 0.85709
3180 0.855574
3181 0.853875
3182 0.853547
3183 0.852504
3184 0.85275
3185 0.852297
3186 0.853148
3187 0.851832
3188 0.851348
3189 0.849973
3190 0.849098
3191 0.848414
3192 0.847211
3193 0.846684
3194 0.846227
3195 0.84584
3196 0.845961
3197 0.845996
3198 0.845945
3199 0.84584
3200 0.845934
3201 0.84573
3202 0.845812
3203 0.845934
3204 0.846113
3205 0.846242
3206 0.845746
3207 0.845902
3208 0.846242
3209 0.845945
3210 0.84598
3211 0.844074
3212 0.844074
3213 0.844047
3214 0.844348
3215 0.844445
3216 0.843688
3217 0.843445
3218 0.843477
3219 0.843324
3220 0.84377
3221 0.843574
3222 0.843641
3223 0.843586
3224 0.843645
3225 0.843273
3226 0.842895
3227 0.842805
3228 0.842566
3229 0.841977
3230 0.841965
3231 0.841961
3232 0.84193
3233 0.841887
3234 0.841492
3235 0.841527
3236 0.841539
3237 0.841953
3238 0.84209
3239 0.842133
3240 0.84193
3241 0.841723
3242 0.841637
3243 0.84159
3244 0.841406
3245 0.841285
3246 0.841141
3247 0.841176
3248 0.841395
3249 0.841281
3250 0.841164
3251 0.841426
3252 0.842125
3253 0.8425
3254 0.842422
3255 0.84216
3256 0.842395
3257 0.842574
3258 0.842672
3259 0.842187
3260 0.842102
3261 0.842605
3262 0.842359
3263 0.842187
3264 0.842707
3265 0.842961
3266 0.843047
3267 0.843336
3268 0.842879
3269 0.842855
3270 0.842816
3271 0.842703
3272 0.842645
3273 0.842848
3274 0.842824
3275 0.842758
3276 0.8425
3277 0.842652
3278 0.842648
3279 0.842598
3280 0.842395
3281 0.84284
3282 0.842977
3283 0.843121
3284 0.843109
3285 0.843145
3286 0.843273
3287 0.843133
3288 0.843219
3289 0.843371
3290 0.843242
3291 0.843297
3292 0.843336
3293 0.843352
3294 0.843078
3295 0.843129
3296 0.842367
3297 0.843086
3298 0.842457
3299 0.842715
3300 0.842461
3301 0.842719
3302 0.842863
3303 0.842918
3304 0.842855
3305 0.842852
3306 0.842637
3307 0.842688
3308 0.842477
3309 0.842758
3310 0.84302
3311 0.843922
3312 0.843543
3313 0.84282
3314 0.842355
3315 0.842504
3316 0.841965
3317 0.842059
3318 0.841922
3319 0.842238
3320 0.841777
3321 0.842828
3322 0.842828
3323 0.843023
3324 0.842887
3325 0.843
3326 0.842984
3327 0.843184
3328 0.843187
3329 0.843363
3330 0.843539
3331 0.843707
3332 0.84352
3333 0.843746
3334 0.843477
3335 0.84327
3336 0.841859
3337 0.841652
3338 0.841477
3339 0.841914
3340 0.841805
3341 0.842043
3342 0.841898
3343 0.841762
3344 0.841039
3345 0.840797
3346 0.840703
3347 0.840094
3348 0.840035
3349 0.839566
3350 0.839613
3351 0.839465
3352 0.83957
3353 0.839539
3354 0.840238
3355 0.840719
3356 0.840656
3357 0.840777
3358 0.841133
3359 0.841273
3360 0.841457
3361 0.843715
3362 0.84402
3363 0.844098
3364 0.844441
3365 0.844531
3366 0.844984
3367 0.845176
3368 0.845133
3369 0.84552
3370 0.845535
3371 0.845453
3372 0.845949
3373 0.845992
3374 0.845723
3375 0.845656
3376 0.845488
3377 0.845574
3378 0.845734
3379 0.845949
3380 0.846039
3381 0.845961
3382 0.845805
3383 0.845641
3384 0.845652
3385 0.845719
3386 0.844816
3387 0.84482
3388 0.844797
3389 0.84466
3390 0.84443
3391 0.843922
3392 0.844078
3393 0.844273
3394 0.844031
3395 0.843656
3396 0.843539
3397 0.843238
3398 0.843375
3399 0.843156
3400 0.843375
3401 0.843539
3402 0.843562
3403 0.843484
3404 0.843594
3405 0.843574
3406 0.843691
3407 0.843695
3408 0.843609
3409 0.843445
3410 0.843594
3411 0.844508
3412 0.844641
3413 0.844621
3414 0.84418
3415 0.843918
3416 0.843898
3417 0.84384
3418 0.843766
3419 0.84368
3420 0.843738
3421 0.843703
3422 0.843984
3423 0.844094
3424 0.844195
3425 0.844371
3426 0.844324
3427 0.844371
3428 0.844465
3429 0.844676
3430 0.844895
3431 0.845
3432 0.844949
3433 0.844906
3434 0.844918
3435 0.844723
3436 0.8465
3437 0.8465
3438 0.846086
3439 0.845977
3440 0.846336
3441 0.846391
3442 0.846492
3443 0.846219
3444 0.84607
3445 0.84602
3446 0.84602
3447 0.846051
3448 0.846074
3449 0.846254
3450 0.846262
3451 0.846543
3452 0.84659
3453 0.84702
3454 0.847313
3455 0.847266
3456 0.847348
3457 0.847137
3458 0.847297
3459 0.847484
3460 0.847582
3461 0.848043
3462 0.848242
3463 0.848195
3464 0.848023
3465 0.84798
3466 0.847836
3467 0.848027
3468 0.848063
3469 0.84802
3470 0.848277
3471 0.848094
3472 0.848035
3473 0.84809
3474 0.848137
3475 0.848219
3476 0.848437
3477 0.848371
3478 0.848207
3479 0.84816
3480 0.848313
3481 0.848422
3482 0.848262
3483 0.84816
3484 0.848195
3485 0.848152
3486 0.848215
3487 0.848215
3488 0.847914
3489 0.847852
3490 0.847836
3491 0.847957
3492 0.847988
3493 0.848117
3494 0.848113
3495 0.848219
3496 0.848195
3497 0.847898
3498 0.848043
3499 0.847867
3500 0.848008
3501 0.848363
3502 0.848262
3503 0.848168
3504 0.848133
3505 0.848129
3506 0.848191
3507 0.848133
3508 0.848008
3509 0.847988
3510 0.848125
3511 0.847633
3512 0.847395
3513 0.847461
3514 0.847703
3515 0.847684
3516 0.84768
3517 0.847785
3518 0.847852
3519 0.847961
3520 0.847762
3521 0.847867
3522 0.847684
3523 0.847875
3524 0.848187
3525 0.848344
3526 0.848176
3527 0.848047
3528 0.848125
3529 0.84798
3530 0.848152
3531 0.848246
3532 0.848402
3533 0.848461
3534 0.84848
3535 0.848406
3536 0.848941
3537 0.848559
3538 0.848926
3539 0.848477
3540 0.848719
3541 0.848754
3542 0.848969
3543 0.84907
3544 0.848613
3545 0.848793
3546 0.848777
3547 0.848848
3548 0.848766
3549 0.848801
3550 0.848805
3551 0.848633
3552 0.848555
3553 0.848547
3554 0.848578
3555 0.848379
3556 0.848527
3557 0.848477
3558 0.848211
3559 0.848266
3560 0.848285
3561 0.84823
3562 0.847977
3563 0.847906
3564 0.848008
3565 0.848066
3566 0.848496
3567 0.848453
3568 0.848664
3569 0.848734
3570 0.847414
3571 0.84727
3572 0.847414
3573 0.84768
3574 0.847746
3575 0.847512
3576 0.847441
3577 0.847371
3578 0.84725
3579 0.847336
3580 0.847477
3581 0.847715
3582 0.847766
3583 0.847711
3584 0.847848
3585 0.847926
3586 0.847895
3587 0.847746
3588 0.84809
3589 0.848223
3590 0.848102
3591 0.848227
3592 0.848273
3593 0.848648
3594 0.848684
3595 0.847512
3596 0.847746
3597 0.847961
3598 0.847859
3599 0.847941
3600 0.847961
3601 0.848352
3602 0.848367
3603 0.848199
3604 0.848262
3605 0.84843
3606 0.848445
3607 0.848453
3608 0.848422
3609 0.848379
3610 0.848277
3611 0.848176
3612 0.848164
3613 0.848223
3614 0.847949
3615 0.84782
3616 0.848004
3617 0.848051
3618 0.847711
3619 0.847668
3620 0.847887
3621 0.847492
3622 0.847758
3623 0.847379
3624 0.847242
3625 0.847242
3626 0.846973
3627 0.846867
3628 0.84716
3629 0.847094
3630 0.846824
3631 0.84698
3632 0.846746
3633 0.846766
3634 0.847141
3635 0.847262
3636 0.847148
3637 0.847039
3638 0.846883
3639 0.846648
3640 0.846496
3641 0.846504
3642 0.846551
3643 0.84668
3644 0.846699
3645 0.8465
3646 0.846215
3647 0.846141
3648 0.845738
3649 0.845637
3650 0.845164
3651 0.84523
3652 0.845102
3653 0.845406
3654 0.84541
3655 0.845434
3656 0.845711
3657 0.845684
3658 0.845898
3659 0.845934
3660 0.845781
3661 0.845875
3662 0.846043
3663 0.846094
3664 0.846227
3665 0.846098
3666 0.846164
3667 0.846184
3668 0.846223
3669 0.846391
3670 0.846527
3671 0.847281
3672 0.846883
3673 0.847008
3674 0.846676
3675 0.846703
3676 0.846977
3677 0.846883
3678 0.846938
3679 0.846914
3680 0.847227
3681 0.847832
3682 0.847871
3683 0.848215
3684 0.848457
3685 0.848223
3686 0.848348
3687 0.84841
3688 0.848484
3689 0.848516
3690 0.84843
3691 0.848285
3692 0.848266
3693 0.848406
3694 0.848449
3695 0.847875
3696 0.847723
3697 0.847766
3698 0.847883
3699 0.847953
3700 0.84773
3701 0.847672
3702 0.847891
3703 0.848105
3704 0.847949
3705 0.84816
3706 0.848098
3707 0.847969
3708 0.848016
3709 0.848223
3710 0.847977
3711 0.848211
3712 0.848313
3713 0.847984
3714 0.84825
3715 0.847961
3716 0.848051
3717 0.847582
3718 0.848125
3719 0.847934
3720 0.848262
3721 0.848262
3722 0.848238
3723 0.848512
3724 0.848801
3725 0.849281
3726 0.848965
3727 0.84891
3728 0.848293
3729 0.847785
3730 0.847969
3731 0.848309
3732 0.848539
3733 0.848621
3734 0.84832
3735 0.848484
3736 0.848738
3737 0.848949
3738 0.849223
3739 0.849313
3740 0.849621
3741 0.849852
3742 0.849699
3743 0.849629
3744 0.849816
3745 0.850156
3746 0.850113
3747 0.850211
3748 0.850348
3749 0.850395
3750 0.85009
3751 0.849855
3752 0.850043
3753 0.849828
3754 0.85002
3755 0.849668
3756 0.849824
3757 0.849984
3758 0.84957
3759 0.849977
3760 0.849836
3761 0.84959
3762 0.849574
3763 0.849395
3764 0.84941
3765 0.848684
3766 0.848648
3767 0.848145
3768 0.847391
3769 0.847023
3770 0.847703
3771 0.847965
3772 0.848121
3773 0.848621
3774 0.849082
3775 0.84918
3776 0.849414
3777 0.849805
3778 0.84991
3779 0.849625
3780 0.850156
3781 0.85034
3782 0.850254
3783 0.850176
3784 0.849969
3785 0.849938
3786 0.849898
3787 0.84977
3788 0.849766
3789 0.849887
3790 0.849797
3791 0.849809
3792 0.849711
3793 0.849785
3794 0.849547
3795 0.848996
3796 0.849156
3797 0.848973
3798 0.848746
3799 0.848281
3800 0.847395
3801 0.846734
3802 0.846164
3803 0.845691
3804 0.844668
3805 0.844281
3806 0.843852
3807 0.84368
3808 0.843457
3809 0.843191
3810 0.843434
3811 0.84375
3812 0.84382
3813 0.844187
3814 0.844187
3815 0.844477
3816 0.844113
3817 0.84434
3818 0.844684
3819 0.845051
3820 0.850004
3821 0.849922
3822 0.849762
3823 0.849699
3824 0.84973
3825 0.849703
3826 0.849824
3827 0.849797
3828 0.849676
3829 0.849867
3830 0.849867
3831 0.850098
3832 0.850008
3833 0.849977
3834 0.850086
3835 0.850012
3836 0.850066
3837 0.850066
3838 0.849895
3839 0.849906
3840 0.849719
3841 0.849633
3842 0.849664
3843 0.849754
3844 0.849801
3845 0.848668
3846 0.848422
3847 0.848586
3848 0.848609
3849 0.84827
3850 0.848187
3851 0.848383
3852 0.848508
3853 0.848555
3854 0.848617
3855 0.848426
3856 0.848441
3857 0.848598
3858 0.84809
3859 0.848059
3860 0.848234
3861 0.848422
3862 0.848422
3863 0.848441
3864 0.848262
3865 0.848445
3866 0.848363
3867 0.848445
3868 0.848457
3869 0.848418
3870 0.84941
3871 0.849445
3872 0.849266
3873 0.849141
3874 0.84923
3875 0.849355
3876 0.849406
3877 0.849445
3878 0.849402
3879 0.849543
3880 0.849633
3881 0.849809
3882 0.849707
3883 0.849379
3884 0.849395
3885 0.84927
3886 0.849582
3887 0.848875
3888 0.848754
3889 0.848754
3890 0.849207
3891 0.84916
3892 0.849176
3893 0.849508
3894 0.84927
3895 0.84998
3896 0.85018
3897 0.850703
3898 0.850766
3899 0.850727
3900 0.851254
3901 0.851277
3902 0.850871
3903 0.850809
3904 0.850715
3905 0.850488
3906 0.850812
3907 0.850195
3908 0.850379
3909 0.850336
3910 0.85041
3911 0.850605
3912 0.850156
3913 0.850098
3914 0.849977
3915 0.849887
3916 0.84975
3917 0.849602
3918 0.849781
3919 0.849773
3920 0.849879
3921 0.849969
3922 0.850242
3923 0.849836
3924 0.849965
3925 0.850004
3926 0.850078
3927 0.85007
3928 0.850082
3929 0.850129
3930 0.849742
3931 0.849844
3932 0.849742
3933 0.850094
3934 0.849957
3935 0.849742
3936 0.850031
3937 0.849934
3938 0.85009
3939 0.84991
3940 0.849848
3941 0.849941
3942 0.849879
3943 0.849965
3944 0.849879
3945 0.85141
3946 0.851469
3947 0.851207
3948 0.850863
3949 0.850844
3950 0.850836
3951 0.850672
3952 0.850582
3953 0.850906
3954 0.850938
3955 0.850887
3956 0.851078
3957 0.851059
3958 0.850988
3959 0.85134
3960 0.851492
3961 0.851578
3962 0.851406
3963 0.851578
3964 0.851227
3965 0.851262
3966 0.851383
3967 0.85132
3968 0.851187
3969 0.851258
3970 0.851855
3971 0.852105
3972 0.851766
3973 0.851547
3974 0.851234
3975 0.851082
3976 0.85109
3977 0.850992
3978 0.850773
3979 0.850801
3980 0.850723
3981 0.850328
3982 0.850152
3983 0.849309
3984 0.849941
3985 0.849461
3986 0.84916
3987 0.849187
3988 0.848938
3989 0.849668
3990 0.849988
3991 0.85048
3992 0.850691
3993 0.850457
3994 0.850332
3995 0.851641
3996 0.851621
3997 0.851582
3998 0.851434
3999 0.851332
4000 0.851406
4001 0.851418
4002 0.851156
4003 0.850926
4004 0.850891
4005 0.850707
4006 0.850637
4007 0.850488
4008 0.850437
4009 0.850535
4010 0.850383
4011 0.850359
4012 0.850375
4013 0.850426
4014 0.850355
4015 0.85041
4016 0.850262
4017 0.850199
4018 0.850117
4019 0.850008
4020 0.850852
4021 0.850969
4022 0.851047
4023 0.85091
4024 0.851195
4025 0.851145
4026 0.851227
4027 0.850926
4028 0.850871
4029 0.850801
4030 0.85059
4031 0.850816
4032 0.850844
4033 0.850535
4034 0.850535
4035 0.850742
4036 0.850633
4037 0.850402
4038 0.850434
4039 0.850457
4040 0.850371
4041 0.850746
4042 0.850637
4043 0.850715
4044 0.850668
4045 0.851156
4046 0.850898
4047 0.850797
4048 0.851035
4049 0.850926
4050 0.851023
4051 0.850918
4052 0.850855
4053 0.850703
4054 0.850773
4055 0.85075
4056 0.850758
4057 0.850738
4058 0.850758
4059 0.850535
4060 0.850566
4061 0.850637
4062 0.85068
4063 0.850551
4064 0.850754
4065 0.850879
4066 0.850996
4067 0.851254
4068 0.851484
4069 0.851781
4070 0.850129
4071 0.850508
4072 0.850344
4073 0.849996
4074 0.849867
4075 0.850227
4076 0.850055
4077 0.849977
4078 0.849953
4079 0.850102
4080 0.850078
4081 0.850051
4082 0.850082
4083 0.849996
4084 0.85
4085 0.850035
4086 0.850168
4087 0.850227
4088 0.850219
4089 0.850133
4090 0.850172
4091 0.850316
4092 0.850328
4093 0.850109
4094 0.850043
4095 0.851305
4096 0.851301
4097 0.85109
4098 0.851246
4099 0.851426
4100 0.851668
4101 0.851773
4102 0.851742
4103 0.85159
4104 0.85143
4105 0.851516
4106 0.851227
4107 0.85109
4108 0.85116
4109 0.850918
4110 0.851281
4111 0.851363
4112 0.85148
4113 0.851398
4114 0.851379
4115 0.851227
4116 0.851301
4117 0.85143
4118 0.851832
4119 0.851832
4120 0.853133
4121 0.853145
4122 0.853023
4123 0.853031
4124 0.853254
4125 0.853168
4126 0.852961
4127 0.852949
4128 0.852895
4129 0.852992
4130 0.852848
4131 0.852891
4132 0.853004
4133 0.852672
4134 0.852629
4135 0.852871
4136 0.85293
4137 0.852648
4138 0.85241
4139 0.852414
4140 0.85216
4141 0.852133
4142 0.852359
4143 0.852437
4144 0.852211
4145 0.852391
4146 0.852375
4147 0.852473
4148 0.852187
4149 0.851512
4150 0.850621
4151 0.850414
4152 0.849867
4153 0.849578
4154 0.848832
4155 0.848672
4156 0.848547
4157 0.848355
4158 0.848383
4159 0.848109
4160 0.847867
4161 0.84816
4162 0.848426
4163 0.848395
4164 0.848793
4165 0.848273
4166 0.848367
4167 0.848508
4168 0.849465
4169 0.848477
4170 0.849918
4171 0.849488
4172 0.849465
4173 0.850305
4174 0.850473
4175 0.850812
4176 0.851477
4177 0.85152
4178 0.852512
4179 0.852426
4180 0.852723
4181 0.853211
4182 0.85409
4183 0.853992
4184 0.854035
4185 0.854523
4186 0.855883
4187 0.85775
4188 0.858051
4189 0.85943
4190 0.861352
4191 0.862691
4192 0.863254
4193 0.863977
4194 0.864695
4195 0.865566
4196 0.86466
4197 0.865461
4198 0.865676
4199 0.864914
4200 0.864648
4201 0.864828
4202 0.863863
4203 0.863902
4204 0.864156
4205 0.864543
4206 0.865082
4207 0.866613
4208 0.866168
4209 0.867297
4210 0.867848
4211 0.867613
4212 0.868121
4213 0.869062
4214 0.870281
4215 0.870316
4216 0.87182
4217 0.873277
4218 0.87416
4219 0.874848
4220 0.874473
4221 0.875414
4222 0.877855
4223 0.878789
4224 0.87893
4225 0.880332
4226 0.881098
4227 0.881777
4228 0.883527
4229 0.885496
4230 0.887527
4231 0.889371
4232 0.890207
4233 0.891777
4234 0.895324
4235 0.89716
4236 0.899051
4237 0.901184
4238 0.902738
4239 0.902699
4240 0.902305
4241 0.899922
4242 0.899277
4243 0.896621
4244 0.894
4245 0.892195
4246 0.890082
4247 0.890383
4248 0.890188
4249 0.887402
4250 0.88393
4251 0.88259
4252 0.881
4253 0.88191
4254 0.881418
4255 0.882563
4256 0.880961
4257 0.880988
4258 0.881719
4259 0.883566
4260 0.883152
4261 0.883008
4262 0.884195
4263 0.883551
4264 0.886844
4265 0.890836
4266 0.892039
4267 0.895848
4268 0.899445
4269 0.899781
4270 0.902184
4271 0.903781
4272 0.90532
4273 0.906488
4274 0.908383
4275 0.909398
4276 0.908344
4277 0.909613
4278 0.910371
4279 0.910969
4280 0.912965
4281 0.912715
4282 0.913723
4283 0.912973
4284 0.912687
4285 0.915199
4286 0.917152
4287 0.917828
4288 0.91882
4289 0.920297
4290 0.919828
4291 0.918316
4292 0.919379
4293 0.914465
4294 0.910461
4295 0.900797
4296 0.901074
4297 0.896832
4298 0.896105
4299 0.895258
4300 0.894141
4301 0.893422
4302 0.894813
4303 0.895395
4304 0.894918
4305 0.89552
4306 0.894109
4307 0.893109
4308 0.891613
4309 0.889437
4310 0.888531
4311 0.888094
4312 0.885141
4313 0.883559
4314 0.884672
4315 0.883738
4316 0.881777
4317 0.881434
4318 0.871949
4319 0.867707
4320 0.865281
4321 0.865133
4322 0.865555
4323 0.858285
4324 0.844574
4325 0.836641
4326 0.836785
4327 0.829852
4328 0.806352
4329 0.798004
4330 0.787223
4331 0.783715
4332 0.782863
4333 0.779129
4334 0.774262
4335 0.772625
4336 0.769211
4337 0.766703
4338 0.76784
4339 0.767066
4340 0.767301
4341 0.767191
4342 0.768145
4343 0.770863
4344 0.771184
4345 0.74382
4346 0.744598
4347 0.746488
4348 0.747801
4349 0.750801
4350 0.750676
4351 0.752359
4352 0.750762
4353 0.749234
4354 0.749352
4355 0.746219
4356 0.745816
4357 0.741738
4358 0.737789
4359 0.737992
4360 0.734621
4361 0.73175
4362 0.730066
4363 0.728258
4364 0.728344
4365 0.727297
4366 0.728
4367 0.725688
4368 0.724715
4369 0.72391
4370 0.718273
4371 0.718895
4372 0.722516
4373 0.720688
4374 0.721297
4375 0.719051
4376 0.721891
4377 0.724355
4378 0.726668
4379 0.694766
4380 0.692531
4381 0.699668
4382 0.699359
4383 0.699859
4384 0.694359
4385 0.690187
4386 0.688629
4387 0.685379
4388 0.676781
4389 0.674742
4390 0.670238
4391 0.663648
4392 0.66459
4393 0.656684
4394 0.626582
4395 0.623457
4396 0.62034
4397 0.615203
4398 0.611824
4399 0.603895
4400 0.597297
4401 0.593902
4402 0.586805
4403 0.578918
4404 0.575887
4405 0.567824
4406 0.559199
4407 0.555543
4408 0.549266
4409 0.532129
4410 0.531902
4411 0.529379
4412 0.521887
4413 0.519457
4414 0.534027
4415 0.537473
4416 0.537984
4417 0.556621
4418 0.564664
4419 0.564879
4420 0.565895
4421 0.59173
4422 0.594398
4423 0.595625
4424 0.608727
4425 0.613441
4426 0.617496
4427 0.61491
4428 0.616629
4429 0.618195
4430 0.616746
4431 0.616398
4432 0.61525
4433 0.618102
4434 0.616965
4435 0.613215
4436 0.607207
4437 0.606914
4438 0.603051
4439 0.597539
4440 0.595918
4441 0.597492
4442 0.604152
4443 0.604559
4444 0.605059
4445 0.60198
4446 0.608324
4447 0.616949
4448 0.620898
4449 0.626879
4450 0.629676
4451 0.629309
4452 0.627918
4453 0.622051
4454 0.62209
4455 0.620617
4456 0.620062
4457 0.616828
4458 0.619973
4459 0.620625
4460 0.621051
4461 0.622836
4462 0.626359
4463 0.628687
4464 0.628227
4465 0.63348
4466 0.632883
4467 0.637867
4468 0.646777
4469 0.651691
4470 0.649219
4471 0.660066
4472 0.666816
4473 0.67384
4474 0.688805
4475 0.69602
4476 0.684418
4477 0.684539
4478 0.687215
4479 0.661879
4480 0.661156
4481 0.664781
4482 0.665531
4483 0.628473
4484 0.62843
4485 0.626977
4486 0.624379
4487 0.594859
4488 0.593848
4489 0.594613
4490 0.594965
4491 0.594844
4492 0.598492
4493 0.598715
4494 0.597621
4495 0.593766
4496 0.601293
4497 0.604727
4498 0.609223
4499 0.615125
4500 0.619391
4501 0.628938
4502 0.633574
4503 0.638215
4504 0.66375
4505 0.679992
4506 0.68107
4507 0.704422
4508 0.712613
4509 0.715684
4510 0.74341
4511 0.753371
4512 0.757473
4513 0.777836
4514 0.78893
4515 0.796906
4516 0.823613
4517 0.835652
4518 0.841023
4519 0.848293
4520 0.860023
4521 0.862742
4522 0.867867
4523 0.869711
4524 0.870145
4525 0.883281
4526 0.887293
4527 0.890398
4528 0.896172
4529 0.905961
4530 0.90868
4531 0.911914
4532 0.914668
4533 0.915832
4534 0.91809
4535 0.921422
4536 0.922453
4537 0.923703
4538 0.924871
4539 0.925633
4540 0.926047
4541 0.926836
4542 0.926422
4543 0.927719
4544 0.928133
4545 0.930371
4546 0.927918
4547 0.923766
4548 0.920355
4549 0.918656
4550 0.916562
4551 0.913086
4552 0.908227
4553 0.906664
4554 0.904148
4555 0.901098
4556 0.898727
4557 0.896758
4558 0.884199
4559 0.87373
4560 0.871539
4561 0.862844
4562 0.857875
4563 0.855031
4564 0.853348
4565 0.811145
4566 0.810348
4567 0.806145
4568 0.809797
4569 0.80868
4570 0.805254
4571 0.747711
4572 0.747535
4573 0.744895
4574 0.73427
4575 0.730656
4576 0.724941
4577 0.719758
4578 0.713871
4579 0.707488
4580 0.70159
4581 0.700156
4582 0.693793
4583 0.694449
4584 0.692453
4585 0.692715
4586 0.691984
4587 0.694301
4588 0.696578
4589 0.697004
4590 0.699203
4591 0.703652
4592 0.725547
4593 0.73527
4594 0.746852
4595 0.752035
4596 0.757035
4597 0.76107
4598 0.760887
4599 0.759563
4600 0.760711
4601 0.761402
4602 0.760656
4603 0.756289
4604 0.756043
4605 0.753898
4606 0.754625
4607 0.753668
4608 0.753207
4609 0.752332
4610 0.751523
4611 0.750086
4612 0.754039
4613 0.752867
4614 0.752852
4615 0.749758
4616 0.748078
4617 0.745551
4618 0.743172
4619 0.741266
4620 0.710328
4621 0.70643
4622 0.703344
4623 0.702883
4624 0.609316
4625 0.600551
4626 0.595285
4627 0.587145
4628 0.579473
4629 0.572965
4630 0.57291
4631 0.578332
4632 0.582203
4633 0.581543
4634 0.590723
4635 0.594332
4636 0.594191
4637 0.596668
4638 0.600457
4639 0.630473
4640 0.655258
4641 0.66432
4642 0.678551
4643 0.69252
4644 0.698523
4645 0.711223
4646 0.719488
4647 0.722617
4648 0.725809
4649 0.726648
4650 0.726758
4651 0.727719
4652 0.729383
4653 0.731879
4654 0.735406
4655 0.734758
4656 0.737453
4657 0.734004
4658 0.734211
4659 0.732234
4660 0.693914
4661 0.688414
4662 0.681367
4663 0.67407
4664 0.672332
4665 0.66575
4666 0.660324
4667 0.657875
4668 0.657168
4669 0.655043
4670 0.625242
4671 0.629945
4672 0.634914
4673 0.634207
4674 0.632242
4675 0.63168
4676 0.567508
4677 0.562875
4678 0.559293
4679 0.556855
4680 0.502836
4681 0.482297
4682 0.469449
4683 0.46175
4684 0.450469
4685 0.399926
4686 0.39532
4687 0.380641
4688 0.378266
4689 0.376113
4690 0.372914
4691 0.372063
4692 0.373676
4693 0.374141
4694 0.370867
4695 0.371129
4696 0.370742
4697 0.367437
4698 0.372301
4699 0.374379
4700 0.381406
4701 0.380016
4702 0.382297
4703 0.387082
4704 0.386457
4705 0.391004
4706 0.394223
4707 0.395535
4708 0.393766
4709 0.395398
4710 0.393871
4711 0.413723
4712 0.432285
4713 0.437301
4714 0.474707
4715 0.488191
4716 0.492891
4717 0.510664
4718 0.539508
4719 0.550121
4720 0.575551
4721 0.579293
4722 0.583824
4723 0.581406
4724 0.583328
4725 0.588824
4726 0.582703
4727 0.587758
4728 0.591
4729 0.585598
4730 0.555711
4731 0.551348
4732 0.543031
4733 0.543465
4734 0.540191
4735 0.533793
4736 0.527312
4737 0.520258
4738 0.512516
4739 0.496867
4740 0.49568
4741 0.483695
4742 0.472938
4743 0.469574
4744 0.463328
4745 0.446551
4746 0.415121
4747 0.405477
4748 0.397492
4749 0.392426
4750 0.35998
4751 0.348797
4752 0.344449
4753 0.331195
4754 0.306598
4755 0.302102
4756 0.290445
4757 0.280293
4758 0.278434
4759 0.267359
4760 0.252672
4761 0.246328
4762 0.236281
4763 0.227129
4764 0.222543
4765 0.209918
4766 0.197008
4767 0.190414
4768 0.178625
4769 0.171613
4770 0.167254
4771 0.156359
4772 0.147332
4773 0.143598
4774 0.135703
4775 0.126992
4776 0.121891
4777 0.109789
4778 0.0991719
4779 0.0955859
4780 0.0873867
4781 0.0789219
4782 0.0764297
4783 0.0719922
4784 0.0658438
4785 0.0619688
4786 0.0535703
4787 0.0475898
4788 0.0445781
4789 0.0381211
4790 0.0302852
4791 0.0272383
4792 0.0210313
4793 0.0168984
4794 0.0155195
4795 0.0121211
4796 0.00862109
4797 0.00718359
4798 0.00449609
4799 0.00201953
4800 0.000980469
4801 0.000757813
4802 0.000660156
4803 0.000597656
4804 0.000554687
4805 0.000523438
4806 0.000492188
4807 0.000503906
4808 0.0005
4809 0.000414062
4810 0.000382813
4811 0.000328125
4812 0.000304687
4813 0.000296875
4814 0.000277344
4815 0.000304687
4816 0.000363281
4817 0.000375
4818 0.000371094
4819 0.000320313
4820 0.000429688
4821 0.000398437
4822 0.000328125
4823 0.000273438
4824 0.000265625
4825 0.000257813
4826 0.000277344
4827 0.000238281
4828 0.000226563
4829 0.000199219
4830 0.000199219
4831 0.000179687
4832 0.000210937
4833 0.000203125
4834 0.0023125
4835 0.00226953
4836 0.00204297
4837 0.00209766
4838 0.00219922
4839 0.00223437
4840 0.00253125
4841 0.00251563
4842 0.00254688
4843 0.00260938
4844 0.00267969
4845 0.00304297
4846 0.00293359
4847 0.00292969
4848 0.00287891
4849 0.0030625
4850 0.00301172
4851 0.00309375
4852 0.00317188
4853 0.00319141
4854 0.00313281
4855 0.00352734
4856 0.0035625
4857 0.00349219
4858 0.00350391
4859 0.00357422
4860 0.00347266
4861 0.0034375
4862 0.00344141
4863 0.00338672
4864 0.00301563
4865 0.00301172
4866 0.00272656
4867 0.00267188
4868 0.00253906
4869 0.00257422
4870 0.00271484
4871 0.00244141
4872 0.00240625
4873 0.00220312
4874 0.002125
4875 0.00203906
4876 0.00192969
4877 0.00201172
4878 0.00185156
4879 0.00181641
4880 0.00176953
4881 0.00157422
4882 0.00170312
4883 0.00169922
4884 0.00183984
4885 0.00205469
4886 0.00192578
4887 0.00206641
4888 0.00201953
4889 0.00187109
4890 0.00179297
4891 0.00180859
4892 0.00178516
4893 0.00182031
4894 0.00165625
4895 0.00151563
4896 0.00137891
4897 0.00115234
4898 0.000921875
4899 0.000660156
4900 0.000523438
4901 0.000515625
4902 0.000441406
4903 0.000378906
4904 0.000289062
4905 0.000269531
4906 0.000273438
4907 0.000242187
4908 0.000195313
4909 0.000144531
4910 0.000140625
4911 0.000140625
4912 0.000136719
4913 0.000125
4914 0.000121094
4915 0.000125
4916 0.00145312
4917 0.0125781
4918 0.0250273
4919 0.0306562
4920 0.0396484
4921 0.0443945
4922 0.0460117
4923 0.0477383
4924 0.0507227
4925 0.0514766
4926 0.0597734
4927 0.0728086
4928 0.080332
4929 0.0926172
4930 0.10373
4931 0.108324
4932 0.115191
4933 0.117961
4934 0.118875
4935 0.12016
4936 0.123398
4937 0.1245
4938 0.124543
4939 0.132641
4940 0.132988
4941 0.132891
4942 0.131918
4943 0.132066
4944 0.13268
4945 0.132805
4946 0.131594
4947 0.132414
4948 0.134059
4949 0.132484
4950 0.127648
4951 0.121895
4952 0.119117
4953 0.114223
4954 0.109027
4955 0.107344
4956 0.0987656
4957 0.0949805
4958 0.0930859
4959 0.0899844
4960 0.0866523
4961 0.0854844
4962 0.08325
4963 0.078457
4964 0.0748555
4965 0.0669687
4966 0.0650195
4967 0.0668437
4968 0.0713008
4969 0.0774766
4970 0.0807188
4971 0.086582
4972 0.091668
4973 0.0950859
4974 0.103121
4975 0.109824
4976 0.113633
4977 0.118078
4978 0.118375
4979 0.118012
4980 0.115676
4981 0.113145
4982 0.113094
4983 0.112281
4984 0.111273
4985 0.11307
4986 0.113707
4987 0.112164
4988 0.113211
4989 0.11132
4990 0.11032
4991 0.110355
4992 0.110387
4993 0.109063
4994 0.109332
4995 0.108293
4996 0.107539
4997 0.106789
4998 0.108379
4999 0.108965
5000 0.107949
5001 0.104656
5002 0.0996289
5003 0.0976641
5004 0.0940312
5005 0.0910312
5006 0.0891055
5007 0.0875156
5008 0.0867773
5009 0.0856289
5010 0.0809805
5011 0.0768711
5012 0.0738633
5013 0.0657031
5014 0.0593711
5015 0.0565117
5016 0.0504219
5017 0.0444023
5018 0.0409414
5019 0.0331484
5020 0.0317227
5021 0.0313086
5022 0.0323242
5023 0.0298008
5024 0.0287969
5025 0.0269687
5026 0.0242656
5027 0.0233047
5028 0.020457
5029 0.0181758
5030 0.0170313
5031 0.0161992
5032 0.0162773
5033 0.0164023
5034 0.0167891
5035 0.0172617
5036 0.0174531
5037 0.0176289
5038 0.0179727
5039 0.0181758
5040 0.0183594
5041 0.0181992
5042 0.0182969
5043 0.0184805
5044 0.0186875
5045 0.0184922
5046 0.018918
5047 0.0204727
5048 0.0218789
5049 0.0255312
5050 0.0286016
5051 0.0315547
5052 0.0376406
5053 0.0449648
5054 0.0485039
5055 0.0551992
5056 0.0628477
5057 0.0666133
5058 0.0746758
5059 0.0897148
5060 0.0946484
5061 0.103574
5062 0.112949
5063 0.122715
5064 0.135703
5065 0.149496
5066 0.154719
5067 0.166012
5068 0.182105
5069 0.188402
5070 0.203738
5071 0.219512
5072 0.225578
5073 0.237738
5074 0.24916
5075 0.25334
5076 0.261953
5077 0.267195
5078 0.267246
5079 0.268152
5080 0.269098
5081 0.268512
5082 0.265371
5083 0.262285
5084 0.259523
5085 0.254387
5086 0.237121
5087 0.237785
5088 0.232055
5089 0.213395
5090 0.210598
5091 0.204801
5092 0.187273
5093 0.184441
5094 0.178852
5095 0.175004
5096 0.174344
5097 0.175418
5098 0.167656
5099 0.164937
5100 0.158988
5101 0.151059
5102 0.146453
5103 0.139078
5104 0.129324
5105 0.125656
5106 0.117941
5107 0.112574
5108 0.107668
5109 0.100391
5110 0.0968164
5111 0.0960938
5112 0.0932422
5113 0.091125
5114 0.0910859
5115 0.0845117
5116 0.0822383
5117 0.0808281
5118 0.073793
5119 0.0630195
5120 0.0610508
5121 0.0507812
5122 0.0409297
5123 0.0355781
5124 0.0264961
5125 0.0177773
5126 0.0148672
5127 0.00852734
5128 0.00362109
5129 0.00171484
5130 0.000503906
5131 0.00040625
5132 0.000386719
5133 0.000351562
5134 0.000574219
5135 0.000492188
5136 0.00040625
5137 0.000382813
5138 0.000390625
5139 0.000378906
5140 0.000355469
5141 0.000339844
5142 0.00034375
5143 0.000320313
5144 0.000320313
5145 0.000308594
5146 0.000308594
5147 0.00028125
5148 0.000289062
5149 0.000273438
5150 0.00025
5151 0.000238281
5152 0.000238281
5153 0.000238281
5154 0.000242187
5155 0.000242187
5156 0.000257813
5157 0.000257813
5158 0.000253906
5159 0.00053125
5160 0.000484375
5161 0.000453125
5162 0.000304687
5163 0.000296875
5164 0.000277344
5165 0.000226563
5166 0.000199219
5167 0.000203125
5168 0.000199219
5169 0.000191406
5170 0.000191406
5171 0.000195313
5172 0.000207031
5173 0.0001875
5174 0.000179687
5175 0.0001875
5176 0.000183594
5177 0.000183594
5178 0.000175781
5179 0.000171875
5180 0.000167969
5181 0.00015625
5182 0.00015625
5183 0.00015625
5184 4.6875e-05
5185 3.90625e-05
5186 3.90625e-05
5187 3.90625e-05
5188 2.73438e-05
5189 2.34375e-05
5190 1.95313e-05
5191 1.95313e-05
5192 0
5193 0
5194 0
5195 0.00025
5196 0.00025
5197 0.000238281
5198 0.000234375
5199 0.000234375
5200 0.000210937
5201 0.000210937
5202 0.00021875
5203 0.000199219
5204 0.000203125
5205 0.000171875
5206 0.000164063
5207 0.000164063
5208 0.000160156
5209 0.00015625
5210 0.000152344
5211 0.000148437
5212 0.000140625
5213 0.000152344
5214 0.000152344
5215 0.000171875
5216 0.000164063
5217 0.000164063
5218 0.000164063
5219 0.000175781
5220 0.000390625
5221 0.000277344
5222 0.000261719
5223 0.000234375
5224 0.000253906
5225 0.000253906
5226 0.00025
5227 0.000242187
5228 0.000238281
5229 0.000222656
5230 0.000214844
5231 0.000164063
5232 0.000164063
5233 0.000171875
5234 0.000167969
5235 0.000167969
5236 0.000175781
5237 0.000175781
5238 0.000171875
5239 0.000160156
5240 0.000160156
5241 0.000160156
5242 0.000140625
5243 0.000136719
5244 0.000144531
5245 0.000355469
5246 0.00028125
5247 0.000277344
5248 0.000273438
5249 0.000265625
5250 0.000261719
5251 0.000285156
5252 0.000285156
5253 0.00028125
5254 0.000269531
5255 0.000253906
5256 0.0001875
5257 0.00453516
5258 0.0147812
5259 0.0201992
5260 0.0310781
5261 0.0413242
5262 0.0457656
5263 0.0535352
5264 0.0604609
5265 0.0615352
5266 0.0635391
5267 0.0670547
5268 0.067793
5269 0.0715352
5270 0.0731016
5271 0.0735625
5272 0.0745508
5273 0.0751719
5274 0.0753594
5275 0.0752539
5276 0.0759336
5277 0.0759727
5278 0.0760391
5279 0.0760352
5280 0.0758984
5281 0.0759688
5282 0.076918
5283 0.0771328
5284 0.0768125
5285 0.0770469
5286 0.0768047
5287 0.0768164
5288 0.0780625
5289 0.0823594
5290 0.0911445
5291 0.102367
5292 0.109594
5293 0.12184
5294 0.130871
5295 0.135301
5296 0.143773
5297 0.154613
5298 0.156445
5299 0.161266
5300 0.164887
5301 0.167082
5302 0.169152
5303 0.184359
5304 0.186254
5305 0.19166
5306 0.19341
5307 0.193574
5308 0.19448
5309 0.196766
5310 0.196859
5311 0.196242
5312 0.195527
5313 0.195316
5314 0.194289
5315 0.192836
5316 0.192703
5317 0.192188
5318 0.191039
5319 0.18925
5320 0.194961
5321 0.192504
5322 0.192566
5323 0.189188
5324 0.186918
5325 0.184473
5326 0.182125
5327 0.18084
5328 0.182477
5329 0.187828
5330 0.196082
5331 0.200285
5332 0.206328
5333 0.21284
5334 0.216309
5335 0.223047
5336 0.22743
5337 0.227348
5338 0.228617
5339 0.227301
5340 0.227203
5341 0.22748
5342 0.228301
5343 0.227191
5344 0.228039
5345 0.227695
5346 0.22798
5347 0.227453
5348 0.227027
5349 0.226102
5350 0.226758
5351 0.23152
5352 0.234258
5353 0.244895
5354 0.257742
5355 0.263414
5356 0.27543
5357 0.28727
5358 0.293133
5359 0.304699
5360 0.311387
5361 0.313496
5362 0.316891
5363 0.307387
5364 0.30682
5365 0.304285
5366 0.304477
5367 0.30457
5368 0.298391
5369 0.296938
5370 0.293379
5371 0.29434
5372 0.29407
5373 0.294344
5374 0.294734
5375 0.295672
5376 0.295992
5377 0.295211
5378 0.296625
5379 0.296023
5380 0.296262
5381 0.29502
5382 0.295258
5383 0.295375
5384 0.294262
5385 0.294766
5386 0.299145
5387 0.30302
5388 0.304879
5389 0.308871
5390 0.311992
5391 0.313492
5392 0.317859
5393 0.3215
5394 0.32325
5395 0.327039
5396 0.33007
5397 0.332289
5398 0.332383
5399 0.332789
5400 0.33223
5401 0.332434
5402 0.332676
5403 0.332797
5404 0.332562
5405 0.333824
5406 0.334133
5407 0.335863
5408 0.337449
5409 0.338109
5410 0.338289
5411 0.338324
5412 0.337289
5413 0.337461
5414 0.338094
5415 0.337074
5416 0.341223
5417 0.3485
5418 0.35282
5419 0.360531
5420 0.369852
5421 0.372973
5422 0.376543
5423 0.383332
5424 0.38602
5425 0.389902
5426 0.392879
5427 0.39382
5428 0.395125
5429 0.39582
5430 0.394758
5431 0.396035
5432 0.398664
5433 0.399207
5434 0.400277
5435 0.403359
5436 0.404547
5437 0.40584
5438 0.408004
5439 0.409336
5440 0.414195
5441 0.417152
5442 0.41923
5443 0.423402
5444 0.427441
5445 0.426641
5446 0.430758
5447 0.434965
5448 0.437203
5449 0.441805
5450 0.446699
5451 0.447477
5452 0.451203
5453 0.453324
5454 0.454348
5455 0.455508
5456 0.457313
5457 0.457562
5458 0.456668
5459 0.455039
5460 0.455133
5461 0.45443
5462 0.458828
5463 0.45973
5464 0.459426
5465 0.460055
5466 0.460543
5467 0.459805
5468 0.459238
5469 0.459668
5470 0.459461
5471 0.458156
5472 0.457715
5473 0.455355
5474 0.453469
5475 0.453387
5476 0.4515
5477 0.450605
5478 0.451039
5479 0.451363
5480 0.453773
5481 0.454695
5482 0.457008
5483 0.46048
5484 0.461129
5485 0.464059
5486 0.467793
5487 0.470219
5488 0.473617
5489 0.477355
5490 0.478805
5491 0.482574
5492 0.484906
5493 0.488559
5494 0.492148
5495 0.504801
5496 0.50584
5497 0.508836
5498 0.511121
5499 0.517242
5500 0.522641
5501 0.529602
5502 0.539711
5503 0.548937
5504 0.553051
5505 0.556953
5506 0.56109
5507 0.579078
5508 0.582336
5509 0.590445
5510 0.602902
5511 0.608332
5512 0.615098
5513 0.62057
5514 0.622492
5515 0.626082
5516 0.629297
5517 0.630742
5518 0.632121
5519 0.638602
5520 0.68002
5521 0.684883
5522 0.688574
5523 0.689398
5524 0.693773
5525 0.698668
5526 0.700742
5527 0.705203
5528 0.714063
5529 0.723379
5530 0.741414
5531 0.759219
5532 0.767316
5533 0.775098
5534 0.785512
5535 0.792289
5536 0.797859
5537 0.802191
5538 0.807113
5539 0.807504
5540 0.810836
5541 0.811797
5542 0.81225
5543 0.813484
5544 0.813523
5545 0.84602
5546 0.846082
5547 0.848723
5548 0.846461
5549 0.846395
5550 0.846234
5551 0.844543
5552 0.845852
5553 0.844695
5554 0.842559
5555 0.84073
5556 0.840492
5557 0.842008
5558 0.84291
5559 0.842043
5560 0.8415
5561 0.84002
5562 0.840105
5563 0.838184
5564 0.83734
5565 0.836664
5566 0.839117
5567 0.836746
5568 0.834816
5569 0.833621
5570 0.835297
5571 0.83548
5572 0.834527
5573 0.834852
5574 0.833492
5575 0.835891
5576 0.837215
5577 0.835629
5578 0.833484
5579 0.832441
5580 0.832004
5581 0.829777
5582 0.83159
5583 0.830844
5584 0.831293
5585 0.831527
5586 0.833059
5587 0.839273
5588 0.848461
5589 0.851641
5590 0.860215
5591 0.861664
5592 0.865484
5593 0.866656
5594 0.867215
5595 0.878918
5596 0.878613
5597 0.877953
5598 0.878242
5599 0.877922
5600 0.877695
5601 0.877539
5602 0.877523
5603 0.877824
5604 0.878047
5605 0.877273
5606 0.87725
5607 0.877023
5608 0.8765
5609 0.876621
5610 0.875758
5611 0.875305
5612 0.874363
5613 0.874465
5614 0.873898
5615 0.873316
5616 0.873035
5617 0.872773
5618 0.872586
5619 0.872496
5620 0.874523
5621 0.874484
5622 0.874387
5623 0.873902
5624 0.874172
5625 0.874406
5626 0.874797
5627 0.874703
5628 0.874523
5629 0.874977
5630 0.874762
5631 0.875227
5632 0.874648
5633 0.875059
5634 0.875031
5635 0.875234
5636 0.875293
5637 0.875082
5638 0.875227
5639 0.874953
5640 0.875188
5641 0.875676
5642 0.876363
5643 0.877457
5644 0.877516
5645 0.876656
5646 0.876441
5647 0.876383
5648 0.87668
5649 0.877238
5650 0.877332
5651 0.877621
5652 0.87682
5653 0.876203
5654 0.875473
5655 0.87532
5656 0.875062
5657 0.874801
5658 0.874332
5659 0.874461
5660 0.874902
5661 0.874934
5662 0.875004
5663 0.874988
5664 0.874926
5665 0.874859
5666 0.874832
5667 0.874984
5668 0.8755
5669 0.875926
5670 0.874426
5671 0.8745
5672 0.87468
5673 0.875348
5674 0.875738
5675 0.87602
5676 0.875988
5677 0.876293
5678 0.876609
5679 0.876852
5680 0.876621
5681 0.877016
5682 0.876902
5683 0.87677
5684 0.876188
5685 0.875895
5686 0.875547
5687 0.87559
5688 0.875293
5689 0.875246
5690 0.875566
5691 0.875992
5692 0.875781
5693 0.876281
5694 0.876172
5695 0.875898
5696 0.876203
5697 0.876008
5698 0.876664
5699 0.876934
5700 0.876832
5701 0.876246
5702 0.876129
5703 0.875852
5704 0.875242
5705 0.875184
5706 0.874719
5707 0.874598
5708 0.874762
5709 0.874707
5710 0.87473
5711 0.87407
5712 0.871965
5713 0.870473
5714 0.869918
5715 0.868695
5716 0.868652
5717 0.868199
5718 0.868203
5719 0.868055
5720 0.863863
5721 0.863684
5722 0.863641
5723 0.863398
5724 0.86334
5725 0.863305
5726 0.863336
5727 0.863426
5728 0.86348
5729 0.863449
5730 0.863434
5731 0.86325
5732 0.862805
5733 0.862539
5734 0.862508
5735 0.862406
5736 0.862375
5737 0.862508
