1 0.07494
2 0.07268
3 0.0743
4 0.07865
5 0.08348
6 0.08724
7 0.09207
8 0.0997
9 0.10232
10 0.10464
11 0.1069
12 0.10732
13 0.109
14 0.11097
15 0.11127
16 0.11216
17 0.11358
18 0.11384
19 0.11483
20 0.11539
21 0.11601
22 0.11576
23 0.11629
24 0.1167
25 0.1196
26 0.12289
27 0.12373
28 0.1269
29 0.13012
30 0.13
31 0.13024
32 0.13111
33 0.13095
34 0.13061
35 0.13098
36 0.13132
37 0.13095
38 0.13088
39 0.13134
40 0.13105
41 0.1318
42 0.13209
43 0.13285
44 0.13366
45 0.13658
46 0.13555
47 0.13562
48 0.1353
49 0.13568
50 0.13545
51 0.13551
52 0.13574
53 0.1354
54 0.13511
55 0.13465
56 0.13418
57 0.13414
58 0.13346
59 0.1324
60 0.13264
61 0.13284
62 0.13228
63 0.1319
64 0.13287
65 0.13326
66 0.13366
67 0.13384
68 0.13391
69 0.13439
70 0.13445
71 0.13425
72 0.13536
73 0.13688
74 0.13863
75 0.13919
76 0.14016
77 0.1407
78 0.14145
79 0.1422
80 0.14485
81 0.14639
82 0.14909
83 0.15397
84 0.15811
85 0.16549
86 0.17263
87 0.17604
88 0.18299
89 0.18963
90 0.19218
91 0.19947
92 0.20246
93 0.20242
94 0.20249
95 0.2046
96 0.20507
97 0.20569
98 0.20649
99 0.20649
100 0.20676
101 0.20802
102 0.20799
103 0.20843
104 0.2075
105 0.20706
106 0.20549
107 0.20901
108 0.21039
109 0.21335
110 0.21781
111 0.21998
112 0.22444
113 0.22872
114 0.22978
115 0.23462
116 0.23826
117 0.23952
118 0.24063
119 0.24015
120 0.23899
121 0.23841
122 0.23785
123 0.2378
124 0.23814
125 0.23836
126 0.23774
127 0.2388
128 0.24038
129 0.24113
130 0.2416
131 0.24388
132 0.24479
133 0.24919
134 0.2495
135 0.25065
136 0.25244
137 0.25366
138 0.25534
139 0.25567
140 0.25679
141 0.25629
142 0.25454
143 0.25403
144 0.25274
145 0.25236
146 0.25108
147 0.25033
148 0.2486
149 0.24671
150 0.24557
151 0.2444
152 0.24318
153 0.24306
154 0.24196
155 0.23999
156 0.23972
157 0.23749
158 0.23583
159 0.23505
160 0.23316
161 0.2332
162 0.23183
163 0.23071
164 0.22958
165 0.22888
166 0.22908
167 0.22844
168 0.22864
169 0.2281
170 0.22948
171 0.22894
172 0.22805
173 0.22651
174 0.22587
175 0.22608
176 0.22578
177 0.22567
178 0.22464
179 0.22453
180 0.22495
181 0.22464
182 0.22454
183 0.22435
184 0.224
185 0.22304
186 0.22285
187 0.2217
188 0.22105
189 0.2212
190 0.22141
191 0.22172
192 0.22144
193 0.22077
194 0.2209
195 0.22138
196 0.22159
197 0.22171
198 0.22209
199 0.22183
200 0.22174
201 0.22215
202 0.22257
203 0.22287
204 0.22337
205 0.2234
206 0.22308
207 0.22281
208 0.22249
209 0.2224
210 0.22246
211 0.22296
212 0.22268
213 0.22254
214 0.22202
215 0.22188
216 0.22185
217 0.22163
218 0.22174
219 0.22206
220 0.22159
221 0.2214
222 0.22084
223 0.22084
224 0.22053
225 0.22035
226 0.22047
227 0.22061
228 0.22064
229 0.22036
230 0.22021
231 0.22016
232 0.22023
233 0.22057
234 0.22048
235 0.22082
236 0.22086
237 0.22066
238 0.22039
239 0.21978
240 0.21885
241 0.2191
242 0.22023
243 0.22039
244 0.22112
245 0.22061
246 0.22044
247 0.22044
248 0.22048
249 0.22022
250 0.21976
251 0.21981
252 0.21968
253 0.21899
254 0.21879
255 0.21898
256 0.21884
257 0.21899
258 0.21889
259 0.21921
260 0.21898
261 0.21883
262 0.21846
263 0.21885
264 0.21893
265 0.21895
266 0.21885
267 0.21869
268 0.21852
269 0.21858
270 0.2181
271 0.218
272 0.21773
273 0.21734
274 0.21738
275 0.21781
276 0.21759
277 0.21711
278 0.21671
279 0.21642
280 0.21624
281 0.21665
282 0.21695
283 0.21717
284 0.21792
285 0.21774
286 0.21803
287 0.21735
288 0.21698
289 0.2163
290 0.21535
291 0.21521
292 0.21481
293 0.21437
294 0.21461
295 0.2152
296 0.21529
297 0.21529
298 0.21512
299 0.21505
300 0.21481
301 0.21475
302 0.21486
303 0.21487
304 0.21478
305 0.21473
306 0.21469
307 0.21497
308 0.21532
309 0.21521
310 0.21571
311 0.21592
312 0.21617
313 0.21603
314 0.21774
315 0.21789
316 0.21807
317 0.21802
318 0.21767
319 0.21764
320 0.21897
321 0.21914
322 0.21878
323 0.2187
324 0.2187
325 0.21924
326 0.21959
327 0.21936
328 0.21923
329 0.21891
330 0.21892
331 0.21877
332 0.21836
333 0.21847
334 0.21877
335 0.21869
336 0.21882
337 0.21885
338 0.21859
339 0.21908
340 0.21951
341 0.22153
342 0.22283
343 0.22514
344 0.22762
345 0.22873
346 0.23116
347 0.23214
348 0.23305
349 0.23305
350 0.23327
351 0.23267
352 0.23257
353 0.23241
354 0.23238
355 0.23175
356 0.23108
357 0.23117
358 0.23113
359 0.23132
360 0.23124
361 0.23086
362 0.23114
363 0.23075
364 0.23045
365 0.23025
366 0.22999
367 0.2299
368 0.22946
369 0.22932
370 0.22885
371 0.22847
372 0.22852
373 0.22797
374 0.2277
375 0.22746
376 0.22697
377 0.22682
378 0.22636
379 0.22608
380 0.22622
381 0.22593
382 0.22579
383 0.22568
384 0.22602
385 0.22783
386 0.22936
387 0.23029
388 0.23229
389 0.23531
390 0.23654
391 0.23743
392 0.23847
393 0.23837
394 0.23925
395 0.24247
396 0.24303
397 0.24346
398 0.2438
399 0.24422
400 0.24506
401 0.24583
402 0.24599
403 0.24689
404 0.24853
405 0.24859
406 0.25026
407 0.25257
408 0.25321
409 0.25566
410 0.25734
411 0.25857
412 0.26182
413 0.26651
414 0.26878
415 0.2734
416 0.27749
417 0.27918
418 0.28363
419 0.28727
420 0.29036
421 0.29299
422 0.29765
423 0.29956
424 0.30439
425 0.30979
426 0.3126
427 0.31733
428 0.32204
429 0.3238
430 0.32979
431 0.33487
432 0.33705
433 0.34309
434 0.34791
435 0.35111
436 0.35569
437 0.35971
438 0.36059
439 0.36396
440 0.36699
441 0.36709
442 0.37135
443 0.3726
444 0.37444
445 0.38286
446 0.38444
447 0.38526
448 0.38711
449 0.38942
450 0.38998
451 0.39319
452 0.39444
453 0.39543
454 0.39812
455 0.40048
456 0.40056
457 0.4025
458 0.40463
459 0.40499
460 0.40654
461 0.40841
462 0.40833
463 0.41008
464 0.41081
465 0.41152
466 0.41152
467 0.41139
468 0.41091
469 0.41174
470 0.41702
471 0.41742
472 0.41782
473 0.41798
474 0.41789
475 0.41771
476 0.41699
477 0.41591
478 0.41592
479 0.41589
480 0.41555
481 0.41579
482 0.41502
483 0.41452
484 0.41548
485 0.41567
486 0.41546
487 0.41586
488 0.41517
489 0.41494
490 0.41485
491 0.41542
492 0.41482
493 0.41519
494 0.41493
495 0.4158
496 0.41537
497 0.41611
498 0.41557
499 0.41813
500 0.42311
501 0.42608
502 0.43257
503 0.44006
504 0.44451
505 0.45197
506 0.45707
507 0.46011
508 0.46482
509 0.46957
510 0.47118
511 0.47315
512 0.47346
513 0.47382
514 0.47632
515 0.47855
516 0.47976
517 0.48471
518 0.48962
519 0.49199
520 0.50628
521 0.51004
522 0.51204
523 0.51681
524 0.52047
525 0.52214
526 0.52476
527 0.52771
528 0.52963
529 0.53069
530 0.53128
531 0.53123
532 0.53121
533 0.53122
534 0.53161
535 0.53356
536 0.53369
537 0.53346
538 0.53358
539 0.53324
540 0.53281
541 0.53127
542 0.53212
543 0.53148
544 0.53162
545 0.53366
546 0.53259
547 0.53184
548 0.53094
549 0.53087
550 0.52982
551 0.52888
552 0.52825
553 0.52722
554 0.52611
555 0.52599
556 0.5252
557 0.52363
558 0.52342
559 0.5223
560 0.52219
561 0.52101
562 0.52049
563 0.51929
564 0.51797
565 0.5177
566 0.51725
567 0.51685
568 0.51627
569 0.51824
570 0.51657
571 0.51853
572 0.52089
573 0.52171
574 0.52478
575 0.52822
576 0.53095
577 0.53425
578 0.53861
579 0.54065
580 0.54568
581 0.55071
582 0.55285
583 0.55811
584 0.56281
585 0.56599
586 0.57127
587 0.57655
588 0.5793
589 0.58432
590 0.58876
591 0.59111
592 0.59545
593 0.60488
594 0.60657
595 0.62217
596 0.63074
597 0.63394
598 0.63824
599 0.64428
600 0.64661
601 0.65053
602 0.65492
603 0.65499
604 0.65715
605 0.66056
606 0.66236
607 0.67096
608 0.67751
609 0.67992
610 0.68538
611 0.68909
612 0.6909
613 0.6926
614 0.69429
615 0.69527
616 0.69561
617 0.6958
618 0.696
619 0.69587
620 0.70605
621 0.7064
622 0.70725
623 0.70717
624 0.7071
625 0.70701
626 0.70651
627 0.70571
628 0.7053
629 0.70642
630 0.70798
631 0.70965
632 0.71204
633 0.71207
634 0.71278
635 0.71356
636 0.71547
637 0.7164
638 0.717
639 0.71856
640 0.71825
641 0.71896
642 0.7197
643 0.71883
644 0.7202
645 0.74119
646 0.74215
647 0.74228
648 0.74363
649 0.74512
650 0.74604
651 0.74658
652 0.74701
653 0.74741
654 0.74733
655 0.74802
656 0.74847
657 0.74888
658 0.74886
659 0.74883
660 0.74829
661 0.74759
662 0.74789
663 0.74842
664 0.74854
665 0.74873
666 0.74795
667 0.74744
668 0.74665
669 0.74633
670 0.74722
671 0.74699
672 0.74607
673 0.74566
674 0.74486
675 0.7449
676 0.74508
677 0.74485
678 0.74497
679 0.74505
680 0.74561
681 0.7463
682 0.7459
683 0.74574
684 0.74554
685 0.74602
686 0.74483
687 0.74542
688 0.74442
689 0.74563
690 0.74443
691 0.74465
692 0.74424
693 0.74382
694 0.74421
695 0.75069
696 0.74951
697 0.74917
698 0.74897
699 0.74899
700 0.74868
701 0.7482
702 0.74822
703 0.74738
704 0.74804
705 0.74851
706 0.74993
707 0.7506
708 0.75094
709 0.75214
710 0.75439
711 0.75637
712 0.75674
713 0.75744
714 0.75731
715 0.75806
716 0.76099
717 0.76486
718 0.76933
719 0.77528
720 0.81818
721 0.81732
722 0.8171
723 0.81696
724 0.81807
725 0.81764
726 0.81814
727 0.81767
728 0.81705
729 0.81782
730 0.81771
731 0.81863
732 0.81885
733 0.81858
734 0.82179
735 0.82382
736 0.82643
737 0.82938
738 0.83128
739 0.83171
740 0.83516
741 0.83514
742 0.837
743 0.83738
744 0.83741
745 0.85379
746 0.8551
747 0.85494
748 0.8558
749 0.85632
750 0.85754
751 0.8616
752 0.86206
753 0.86209
754 0.86187
755 0.86136
756 0.86225
757 0.86254
758 0.86402
759 0.86297
760 0.86282
761 0.86277
762 0.86426
763 0.86815
764 0.86897
765 0.86971
766 0.8703
767 0.87117
768 0.87168
769 0.87315
770 0.8854
771 0.88513
772 0.88525
773 0.88571
774 0.88575
775 0.88569
776 0.88574
777 0.88577
778 0.88579
779 0.88595
780 0.88592
781 0.88565
782 0.88544
783 0.8856
784 0.88519
785 0.88478
786 0.88481
787 0.88497
788 0.88463
789 0.88418
790 0.88386
791 0.88354
792 0.88346
793 0.8825
794 0.88196
795 0.8774
796 0.87732
797 0.87686
798 0.87644
799 0.87591
800 0.87519
801 0.87397
802 0.87226
803 0.87026
804 0.86999
805 0.86921
806 0.86868
807 0.86881
808 0.86717
809 0.86815
810 0.86792
811 0.86991
812 0.87161
813 0.87339
814 0.87843
815 0.87957
816 0.88074
817 0.8815
818 0.88251
819 0.88276
820 0.8851
821 0.88506
822 0.88481
823 0.88539
824 0.88557
825 0.88575
826 0.88653
827 0.88646
828 0.88627
829 0.88583
830 0.88601
831 0.88653
832 0.88721
833 0.88754
834 0.88755
835 0.88748
836 0.88804
837 0.88786
838 0.88775
839 0.88815
840 0.88827
841 0.88826
842 0.88826
843 0.8883
844 0.88865
845 0.88999
846 0.88957
847 0.88947
848 0.88924
849 0.88914
850 0.88927
851 0.88953
852 0.88963
853 0.88946
854 0.88944
855 0.88949
856 0.88925
857 0.88927
858 0.88901
859 0.88914
860 0.88919
861 0.88899
862 0.88905
863 0.88907
864 0.88915
865 0.88944
866 0.88962
867 0.88968
868 0.88986
869 0.89003
870 0.88858
871 0.88843
872 0.88849
873 0.8887
874 0.88834
875 0.88863
876 0.889
877 0.88919
878 0.88927
879 0.88926
880 0.88985
881 0.89008
882 0.89036
883 0.88982
884 0.88992
885 0.88971
886 0.8895
887 0.88935
888 0.88955
889 0.88985
890 0.88983
891 0.88959
892 0.88966
893 0.88934
894 0.88934
895 0.88945
896 0.88955
897 0.88972
898 0.88965
899 0.88961
900 0.88944
901 0.88979
902 0.88964
903 0.88981
904 0.88985
905 0.88931
906 0.88985
907 0.8898
908 0.88931
909 0.88931
910 0.88973
911 0.89001
912 0.8901
913 0.89058
914 0.8904
915 0.89019
916 0.89028
917 0.89042
918 0.89023
919 0.89017
920 0.89015
921 0.89032
922 0.89033
923 0.89081
924 0.89092
925 0.89076
926 0.89052
927 0.89047
928 0.89047
929 0.89054
930 0.88781
931 0.88804
932 0.88814
933 0.88841
934 0.88862
935 0.88897
936 0.889
937 0.88891
938 0.88907
939 0.88919
940 0.88936
941 0.88916
942 0.88901
943 0.88872
944 0.88871
945 0.88869
946 0.88835
947 0.88837
948 0.88819
949 0.88834
950 0.88846
951 0.88833
952 0.88815
953 0.88825
954 0.8883
955 0.89001
956 0.88993
957 0.88969
958 0.8898
959 0.88966
960 0.89007
961 0.88978
962 0.88961
963 0.88952
964 0.88961
965 0.88948
966 0.88954
967 0.88966
968 0.88971
969 0.88958
970 0.8895
971 0.88927
972 0.88915
973 0.88924
974 0.88921
975 0.88914
976 0.88882
977 0.88818
978 0.88781
979 0.88784
980 0.88615
981 0.88581
982 0.88553
983 0.88531
984 0.88591
985 0.88627
986 0.8867
987 0.88637
988 0.88664
989 0.88693
990 0.8869
991 0.8882
992 0.88812
993 0.88836
994 0.8885
995 0.88866
996 0.88844
997 0.88826
998 0.88818
999 0.8884
1000 0.88864
1001 0.88918
1002 0.88916
1003 0.88949
1004 0.8893
1005 0.88987
1006 0.88968
1007 0.88972
1008 0.88964
1009 0.89021
1010 0.89057
1011 0.88632
1012 0.88713
1013 0.88702
1014 0.88641
1015 0.88688
1016 0.88693
1017 0.88692
1018 0.88708
1019 0.88731
1020 0.88754
1021 0.88781
1022 0.88791
1023 0.88752
1024 0.88742
1025 0.88689
1026 0.88707
1027 0.88714
1028 0.88708
1029 0.88713
1030 0.88714
1031 0.88713
1032 0.88724
1033 0.88694
1034 0.88706
1035 0.88709
1036 0.88729
1037 0.88744
1038 0.88732
1039 0.88714
1040 0.88772
1041 0.88734
1042 0.88743
1043 0.88758
1044 0.88757
1045 0.88764
1046 0.88715
1047 0.88728
1048 0.88692
1049 0.88689
1050 0.88714
1051 0.88731
1052 0.88719
1053 0.88737
1054 0.88753
1055 0.88723
1056 0.8872
1057 0.88705
1058 0.88685
1059 0.88721
1060 0.88759
1061 0.88616
1062 0.88666
1063 0.88618
1064 0.88586
1065 0.8859
1066 0.8858
1067 0.88618
1068 0.88665
1069 0.88671
1070 0.88661
1071 0.88658
1072 0.88636
1073 0.88635
1074 0.88642
1075 0.88683
1076 0.88687
1077 0.8869
1078 0.88692
1079 0.88694
1080 0.88678
1081 0.88693
1082 0.88669
1083 0.88639
1084 0.88629
1085 0.88619
1086 0.88503
1087 0.88431
1088 0.88418
1089 0.88441
1090 0.88501
1091 0.88491
1092 0.8849
1093 0.88473
1094 0.88535
1095 0.88516
1096 0.88494
1097 0.8853
1098 0.88514
1099 0.88568
1100 0.88553
1101 0.88516
1102 0.88523
1103 0.88538
1104 0.88531
1105 0.88539
1106 0.88535
1107 0.88551
1108 0.88583
1109 0.88564
1110 0.88586
1111 0.88489
1112 0.8849
1113 0.88514
1114 0.88493
1115 0.88493
1116 0.88488
1117 0.88461
1118 0.88505
1119 0.88514
1120 0.88571
1121 0.88591
1122 0.88592
1123 0.88607
1124 0.88614
1125 0.88585
1126 0.88554
1127 0.88516
1128 0.88503
1129 0.88508
1130 0.88468
1131 0.88482
1132 0.88527
1133 0.88505
1134 0.8843
1135 0.88515
1136 0.88694
1137 0.8866
1138 0.88704
1139 0.88718
1140 0.88716
1141 0.88715
1142 0.8874
1143 0.88683
1144 0.88642
1145 0.8866
1146 0.88682
1147 0.88627
1148 0.88652
1149 0.88716
1150 0.88704
1151 0.8871
1152 0.88779
1153 0.88784
1154 0.88795
1155 0.88795
1156 0.88754
1157 0.88741
1158 0.8869
1159 0.88697
1160 0.88673
1161 0.88557
1162 0.88515
1163 0.88535
1164 0.88497
1165 0.88514
1166 0.88588
1167 0.88578
1168 0.88619
1169 0.88631
1170 0.88657
1171 0.88698
1172 0.88693
1173 0.88637
1174 0.88699
1175 0.88725
1176 0.887
1177 0.88729
1178 0.88706
1179 0.88695
1180 0.8873
1181 0.88732
1182 0.88753
1183 0.88734
1184 0.88761
1185 0.88757
1186 0.8854
1187 0.88584
1188 0.88584
1189 0.88573
1190 0.88558
1191 0.88575
1192 0.88534
1193 0.8857
1194 0.88583
1195 0.88623
1196 0.8862
1197 0.88669
1198 0.88643
1199 0.88675
1200 0.88696
1201 0.88709
1202 0.88703
1203 0.8873
1204 0.88719
1205 0.88723
1206 0.88708
1207 0.88728
1208 0.88706
1209 0.88704
1210 0.88736
1211 0.88831
1212 0.88821
1213 0.88807
1214 0.88789
1215 0.88766
1216 0.88718
1217 0.88723
1218 0.88702
1219 0.88693
1220 0.88703
1221 0.88693
1222 0.88713
1223 0.88712
1224 0.88757
1225 0.88779
1226 0.88781
1227 0.88809
1228 0.88801
1229 0.88804
1230 0.88832
1231 0.8881
1232 0.88793
1233 0.88752
1234 0.88723
1235 0.88695
1236 0.88767
1237 0.88784
1238 0.88685
1239 0.88651
1240 0.88641
1241 0.88632
1242 0.88639
1243 0.88677
1244 0.88731
1245 0.88709
1246 0.88741
1247 0.88758
1248 0.88735
1249 0.88726
1250 0.88745
1251 0.88685
1252 0.88658
1253 0.88668
1254 0.88674
1255 0.88651
1256 0.88661
1257 0.88643
1258 0.88656
1259 0.88671
1260 0.88679
1261 0.88474
1262 0.885
1263 0.88516
1264 0.88563
1265 0.88583
1266 0.88608
1267 0.88634
1268 0.88623
1269 0.88593
1270 0.88619
1271 0.88633
1272 0.88658
1273 0.88617
1274 0.88642
1275 0.88664
1276 0.88708
1277 0.88742
1278 0.88736
1279 0.88769
1280 0.88767
1281 0.88799
1282 0.88771
1283 0.88795
1284 0.88792
1285 0.88786
1286 0.88627
1287 0.88608
1288 0.88634
1289 0.88619
1290 0.8865
1291 0.88633
1292 0.88656
1293 0.88623
1294 0.88615
1295 0.88677
1296 0.8862
1297 0.88622
1298 0.88591
1299 0.8865
1300 0.88736
1301 0.88732
1302 0.88753
1303 0.88741
1304 0.88728
1305 0.88711
1306 0.88752
1307 0.88782
1308 0.88803
1309 0.88817
1310 0.88791
1311 0.88808
1312 0.88748
1313 0.88749
1314 0.88777
1315 0.88733
1316 0.88736
1317 0.88722
1318 0.88753
1319 0.88779
1320 0.88787
1321 0.88823
1322 0.88834
1323 0.88843
1324 0.88839
1325 0.8883
1326 0.8885
1327 0.88825
1328 0.88855
1329 0.88867
1330 0.88871
1331 0.8888
1332 0.88871
1333 0.88867
1334 0.88843
1335 0.88869
1336 0.88738
1337 0.88784
1338 0.88774
1339 0.88771
1340 0.88796
1341 0.88817
1342 0.88775
1343 0.88783
1344 0.88741
1345 0.88725
1346 0.88713
1347 0.88762
1348 0.88741
1349 0.88715
1350 0.8869
1351 0.88645
1352 0.88721
1353 0.88714
1354 0.88655
1355 0.88671
1356 0.88654
1357 0.88665
1358 0.88683
1359 0.88655
1360 0.88691
1361 0.88734
1362 0.88688
1363 0.88736
1364 0.88699
1365 0.887
1366 0.88678
1367 0.88714
1368 0.88694
1369 0.88696
1370 0.88707
1371 0.88717
1372 0.88857
1373 0.88861
1374 0.88813
1375 0.88836
1376 0.88845
1377 0.88811
1378 0.8882
1379 0.88819
1380 0.88839
1381 0.88855
1382 0.88856
1383 0.88862
1384 0.88841
1385 0.88871
1386 0.88913
1387 0.88888
1388 0.88955
1389 0.88938
1390 0.88911
1391 0.88954
1392 0.88944
1393 0.88946
1394 0.88962
1395 0.88984
1396 0.89008
1397 0.88986
1398 0.88991
1399 0.88994
1400 0.89035
1401 0.89042
1402 0.89062
1403 0.89065
1404 0.89082
1405 0.89102
1406 0.89124
1407 0.89098
1408 0.89097
1409 0.89133
1410 0.89143
1411 0.8902
1412 0.89048
1413 0.88989
1414 0.88947
1415 0.88947
1416 0.88983
1417 0.89002
1418 0.88998
1419 0.8901
1420 0.89062
1421 0.89039
1422 0.89078
1423 0.89062
1424 0.89062
1425 0.88997
1426 0.88999
1427 0.88977
1428 0.88959
1429 0.88947
1430 0.88968
1431 0.88908
1432 0.88873
1433 0.88832
1434 0.88916
1435 0.88893
1436 0.89079
1437 0.89084
1438 0.88989
1439 0.88894
1440 0.88956
1441 0.88928
1442 0.88859
1443 0.88918
1444 0.88908
1445 0.88895
1446 0.88904
1447 0.88904
1448 0.88844
1449 0.88788
1450 0.88826
1451 0.88847
1452 0.88849
1453 0.8893
1454 0.88947
1455 0.88997
1456 0.88985
1457 0.88968
1458 0.89005
1459 0.88972
1460 0.88948
1461 0.89098
1462 0.89142
1463 0.89193
1464 0.89266
1465 0.89282
1466 0.89372
1467 0.89231
1468 0.89369
1469 0.89403
1470 0.89486
1471 0.89476
1472 0.89593
1473 0.89421
1474 0.8948
1475 0.89487
1476 0.89616
1477 0.8956
1478 0.89558
1479 0.89452
1480 0.89434
1481 0.89243
1482 0.89359
1483 0.89256
1484 0.89333
1485 0.89211
1486 0.89203
1487 0.89108
1488 0.89385
1489 0.89416
1490 0.89282
1491 0.89451
1492 0.89497
1493 0.89404
1494 0.89534
1495 0.89504
1496 0.89605
1497 0.89619
1498 0.89629
1499 0.89549
1500 0.89586
1501 0.89723
1502 0.89713
1503 0.89855
1504 0.89748
1505 0.89874
1506 0.89812
1507 0.89889
1508 0.89664
1509 0.90054
1510 0.90122
1511 0.90504
1512 0.90411
1513 0.90437
1514 0.90545
1515 0.90459
1516 0.90386
1517 0.9041
1518 0.90445
1519 0.90492
1520 0.90434
1521 0.90641
1522 0.90275
1523 0.90235
1524 0.90228
1525 0.90314
1526 0.90392
1527 0.90481
1528 0.90604
1529 0.90461
1530 0.90446
1531 0.90594
1532 0.90454
1533 0.9036
1534 0.9014
1535 0.90307
1536 0.90084
1537 0.90027
1538 0.90091
1539 0.90192
1540 0.90027
1541 0.89976
1542 0.89763
1543 0.89794
1544 0.89704
1545 0.89973
1546 0.8986
1547 0.89926
1548 0.90005
1549 0.89818
1550 0.89479
1551 0.8926
1552 0.8891
1553 0.88728
1554 0.88547
1555 0.8828
1556 0.8833
1557 0.8824
1558 0.88417
1559 0.88468
1560 0.88576
1561 0.88504
1562 0.88598
1563 0.88873
1564 0.8863
1565 0.88634
1566 0.88872
1567 0.88681
1568 0.88668
1569 0.88549
1570 0.88589
1571 0.88411
1572 0.88377
1573 0.88487
1574 0.88564
1575 0.8893
1576 0.89086
1577 0.89107
1578 0.89301
1579 0.89621
1580 0.89748
1581 0.89973
1582 0.9009
1583 0.9009
1584 0.90002
1585 0.90036
1586 0.90261
1587 0.89941
1588 0.89812
1589 0.89573
1590 0.89464
1591 0.89472
1592 0.8947
1593 0.8931
1594 0.89103
1595 0.89132
1596 0.89063
1597 0.89289
1598 0.8924
1599 0.89192
1600 0.8897
1601 0.89087
1602 0.89198
1603 0.89166
1604 0.89028
1605 0.89033
1606 0.88903
1607 0.89162
1608 0.89259
1609 0.89476
1610 0.89412
1611 0.89485
1612 0.89872
1613 0.90008
1614 0.90018
1615 0.90019
1616 0.90062
1617 0.90079
1618 0.9
1619 0.89814
1620 0.89616
1621 0.89905
1622 0.8998
1623 0.90112
1624 0.90202
1625 0.90401
1626 0.90512
1627 0.90705
1628 0.90909
1629 0.91274
1630 0.91561
1631 0.9154
1632 0.91627
1633 0.91814
1634 0.91984
1635 0.92009
1636 0.9184
1637 0.91906
1638 0.91833
1639 0.91665
1640 0.91647
1641 0.91371
1642 0.91517
1643 0.91725
1644 0.91426
1645 0.91209
1646 0.91367
1647 0.91492
1648 0.91312
1649 0.91195
1650 0.91075
1651 0.91097
1652 0.9105
1653 0.91028
1654 0.90954
1655 0.90959
1656 0.90667
1657 0.90457
1658 0.90395
1659 0.90265
1660 0.90303
1661 0.90488
1662 0.90476
1663 0.90026
1664 0.89916
1665 0.89905
1666 0.89944
1667 0.89854
1668 0.90195
1669 0.90193
1670 0.90484
1671 0.90793
1672 0.90866
1673 0.90985
1674 0.91099
1675 0.9099
1676 0.90985
1677 0.90541
1678 0.9038
1679 0.90248
1680 0.89784
1681 0.89312
1682 0.89241
1683 0.88831
1684 0.88388
1685 0.88351
1686 0.87593
1687 0.87312
1688 0.87254
1689 0.87138
1690 0.86732
1691 0.86536
1692 0.86708
1693 0.87022
1694 0.87023
1695 0.86927
1696 0.87045
1697 0.86851
1698 0.87068
1699 0.86729
1700 0.86767
1701 0.86857
1702 0.86742
1703 0.86542
1704 0.86702
1705 0.86724
1706 0.86772
1707 0.86456
1708 0.85799
1709 0.8557
1710 0.84865
1711 0.83884
1712 0.83689
1713 0.8313
1714 0.82807
1715 0.82762
1716 0.82417
1717 0.822
1718 0.82207
1719 0.81919
1720 0.81875
1721 0.82019
1722 0.8204
1723 0.81838
1724 0.81881
1725 0.81624
1726 0.81643
1727 0.81454
1728 0.81238
1729 0.81048
1730 0.80837
1731 0.80125
1732 0.79207
1733 0.78423
1734 0.74515
1735 0.73188
1736 0.68658
1737 0.67631
1738 0.65291
1739 0.64598
1740 0.63767
1741 0.6041
1742 0.60008
1743 0.59082
1744 0.56443
1745 0.56079
1746 0.55644
1747 0.55368
1748 0.51466
1749 0.50759
1750 0.50489
1751 0.50269
1752 0.50287
1753 0.48713
1754 0.48605
1755 0.48308
1756 0.4788
1757 0.47642
1758 0.47618
1759 0.47142
1760 0.47065
1761 0.46521
1762 0.46427
1763 0.46409
1764 0.45631
1765 0.45593
1766 0.45554
1767 0.47025
1768 0.47498
1769 0.47475
1770 0.4772
1771 0.47592
1772 0.48715
1773 0.49114
1774 0.48973
1775 0.4866
1776 0.49334
1777 0.49047
1778 0.48887
1779 0.48188
1780 0.47401
1781 0.47235
1782 0.4656
1783 0.45776
1784 0.45643
1785 0.44893
1786 0.44574
1787 0.44434
1788 0.43301
1789 0.42462
1790 0.42137
1791 0.41539
1792 0.40839
1793 0.40574
1794 0.39821
1795 0.39091
1796 0.38926
1797 0.38354
1798 0.3822
1799 0.3864
1800 0.38282
1801 0.38799
1802 0.38622
1803 0.38974
1804 0.38969
1805 0.39072
1806 0.39241
1807 0.39098
1808 0.39344
1809 0.39337
1810 0.39783
1811 0.38933
1812 0.38982
1813 0.38617
1814 0.38333
1815 0.38018
1816 0.37407
1817 0.37147
1818 0.36946
1819 0.37086
1820 0.36884
1821 0.3724
1822 0.37405
1823 0.37471
1824 0.37288
1825 0.36905
1826 0.3662
1827 0.36181
1828 0.35738
1829 0.35817
1830 0.34839
1831 0.34398
1832 0.3397
1833 0.33586
1834 0.33083
1835 0.32695
1836 0.32029
1837 0.31664
1838 0.31475
1839 0.3067
1840 0.3031
1841 0.30212
1842 0.29129
1843 0.28174
1844 0.27931
1845 0.27091
1846 0.26584
1847 0.26254
1848 0.2558
1849 0.24846
1850 0.2445
1851 0.23599
1852 0.22494
1853 0.22095
1854 0.21532
1855 0.21474
1856 0.21509
1857 0.21592
1858 0.21978
1859 0.21783
1860 0.21789
1861 0.21292
1862 0.21107
1863 0.20551
1864 0.19657
1865 0.1941
1866 0.18819
1867 0.18959
1868 0.19268
1869 0.20257
1870 0.21096
1871 0.21192
1872 0.22124
1873 0.22353
1874 0.22336
1875 0.22438
1876 0.22706
1877 0.22709
1878 0.23059
1879 0.23539
1880 0.23819
1881 0.24465
1882 0.2551
1883 0.25357
1884 0.26294
1885 0.27036
1886 0.27682
1887 0.28497
1888 0.29626
1889 0.30041
1890 0.30944
1891 0.31871
1892 0.32133
1893 0.33069
1894 0.33775
1895 0.33948
1896 0.33853
1897 0.33972
1898 0.3409
1899 0.3475
1900 0.36033
1901 0.36674
1902 0.39268
1903 0.42012
1904 0.42803
1905 0.44585
1906 0.47262
1907 0.47509
1908 0.48169
1909 0.48859
1910 0.48731
1911 0.47333
1912 0.46631
1913 0.46655
1914 0.45881
1915 0.45118
1916 0.44876
1917 0.44148
1918 0.43651
1919 0.43499
1920 0.42653
1921 0.42312
1922 0.41722
1923 0.41594
1924 0.41197
1925 0.38553
1926 0.38064
1927 0.37682
1928 0.36985
1929 0.36039
1930 0.35326
1931 0.35026
1932 0.34243
1933 0.31458
1934 0.31117
1935 0.3036
1936 0.29478
1937 0.29209
1938 0.2895
1939 0.28291
1940 0.28265
1941 0.2786
1942 0.27101
1943 0.2779
1944 0.27288
1945 0.26474
1946 0.26171
1947 0.24937
1948 0.24054
1949 0.236
1950 0.22566
1951 0.21656
1952 0.2094
1953 0.19483
1954 0.18749
1955 0.18356
1956 0.17491
1957 0.16485
1958 0.15961
1959 0.1507
1960 0.14068
1961 0.12865
1962 0.12289
1963 0.11594
1964 0.1137
1965 0.09998
1966 0.09135
1967 0.08486
1968 0.07315
1969 0.06376
1970 0.05926
1971 0.04783
1972 0.03395
1973 0.03021
1974 0.02315
1975 0.01834
1976 0.01664
1977 0.01209
1978 0.00902
1979 0.00827
1980 0.00838
1981 0.00798
1982 0.00776
1983 0.00731
1984 0.00701
1985 0.00677
1986 0.00614
1987 0.00561
1988 0.00542
1989 0.00483
1990 0.00472
1991 0.00494
1992 0.00501
1993 0.00482
1994 0.00474
1995 0.00513
1996 0.00465
1997 0.0045
1998 0.0044
1999 0.00444
2000 0.00458
2001 0.00832
2002 0.01793
2003 0.02392
2004 0.03716
2005 0.05104
2006 0.05899
2007 0.07497
2008 0.09129
2009 0.10043
2010 0.11841
2011 0.13584
2012 0.14294
2013 0.16292
2014 0.18034
2015 0.19383
2016 0.21598
2017 0.23639
2018 0.2547
2019 0.27498
2020 0.28977
2021 0.29677
2022 0.30777
2023 0.31734
2024 0.3269
2025 0.345
2026 0.36029
2027 0.36908
2028 0.3832
2029 0.39729
2030 0.4035
2031 0.40511
2032 0.40409
2033 0.40792
2034 0.39937
2035 0.39038
2036 0.39154
2037 0.38493
2038 0.35527
2039 0.35331
2040 0.34189
2041 0.33432
2042 0.31441
2043 0.30611
2044 0.28338
2045 0.2796
2046 0.26924
2047 0.2596
2048 0.2573
2049 0.24832
2050 0.23883
2051 0.23524
2052 0.23162
2053 0.21908
2054 0.21741
2055 0.20809
2056 0.19836
2057 0.19406
2058 0.17983
2059 0.17409
2060 0.16921
2061 0.14803
2062 0.13617
2063 0.13135
2064 0.12387
2065 0.11026
2066 0.10429
2067 0.09421
2068 0.08748
2069 0.08662
2070 0.08164
2071 0.07892
2072 0.07458
2073 0.06533
2074 0.06006
2075 0.05816
2076 0.05128
2077 0.04283
2078 0.03964
2079 0.03202
2080 0.02676
2081 0.02445
2082 0.01959
2083 0.01507
2084 0.01471
2085 0.01484
2086 0.01481
2087 0.01404
2088 0.01396
2089 0.01377
2090 0.01353
2091 0.01333
2092 0.01318
2093 0.01309
2094 0.01316
2095 0.0132
2096 0.01374
2097 0.01395
2098 0.01382
2099 0.01392
2100 0.0154
2101 0.01783
2102 0.02012
2103 0.02466
2104 0.02977
2105 0.03282
2106 0.03846
2107 0.04618
2108 0.0505
2109 0.05848
2110 0.06945
2111 0.07553
2112 0.08753
2113 0.09802
2114 0.10354
2115 0.11759
2116 0.1304
2117 0.13924
2118 0.15356
2119 0.17232
2120 0.18062
2121 0.19851
2122 0.21542
2123 0.23294
2124 0.2588
2125 0.27977
2126 0.28709
2127 0.32572
2128 0.36344
2129 0.37686
2130 0.40542
2131 0.43421
2132 0.44751
2133 0.46692
2134 0.477
2135 0.48067
2136 0.50999
2137 0.51213
2138 0.51294
2139 0.5127
2140 0.51297
2141 0.51228
2142 0.51156
2143 0.50382
2144 0.50134
2145 0.49369
2146 0.49075
2147 0.48833
2148 0.48192
2149 0.47629
2150 0.47064
2151 0.46473
2152 0.39077
2153 0.38561
2154 0.33946
2155 0.3383
2156 0.34237
2157 0.32346
2158 0.32646
2159 0.32772
2160 0.32532
2161 0.31686
2162 0.31536
2163 0.31205
2164 0.31076
2165 0.31036
2166 0.30428
2167 0.29859
2168 0.29714
2169 0.28877
2170 0.28306
2171 0.28048
2172 0.27096
2173 0.2688
2174 0.26774
2175 0.25711
2176 0.23448
2177 0.228
2178 0.21663
2179 0.2073
2180 0.19572
2181 0.18118
2182 0.16762
2183 0.16326
2184 0.15066
2185 0.13386
2186 0.12329
2187 0.11351
2188 0.10607
2189 0.10003
2190 0.0873
2191 0.07892
2192 0.0749
2193 0.06424
2194 0.05692
2195 0.05367
2196 0.04691
2197 0.04049
2198 0.03876
2199 0.03218
2200 0.02701
2201 0.02446
2202 0.02124
2203 0.01818
2204 0.01746
2205 0.01595
2206 0.01439
2207 0.01407
2208 0.01229
2209 0.01082
2210 0.00979
2211 0.00851
2212 0.0056
2213 0.00442
2214 0.00282
2215 0.00222
2216 0.00197
2217 0.00239
2218 0.00232
2219 0.00206
2220 0.00217
2221 0.00211
2222 0.00245
2223 0.00293
2224 0.00252
2225 0.00314
2226 0.00285
2227 0.00277
2228 0.00293
2229 0.00343
2230 0.00327
2231 0.00299
2232 0.00356
2233 0.00332
2234 0.00324
2235 0.00336
2236 0.00391
2237 0.00395
2238 0.00413
2239 0.00376
2240 0.00418
2241 0.00425
2242 0.00376
2243 0.00393
2244 0.00278
2245 0.00342
2246 0.00387
2247 0.00429
2248 0.0043
2249 0.00441
2250 0.00473
2251 0.0049
2252 0.00505
2253 0.00571
2254 0.00624
2255 0.00668
2256 0.00657
2257 0.00601
2258 0.00672
2259 0.00693
2260 0.0074
2261 0.00766
2262 0.00738
2263 0.00841
2264 0.00831
2265 0.00887
2266 0.01156
2267 0.01363
2268 0.01952
2269 0.02746
2270 0.03091
2271 0.04023
2272 0.04885
2273 0.0536
2274 0.06301
2275 0.07134
2276 0.07423
2277 0.07921
2278 0.08298
2279 0.08484
2280 0.0882
2281 0.09217
2282 0.09417
2283 0.09759
2284 0.09978
2285 0.10108
2286 0.10339
2287 0.10477
2288 0.10543
2289 0.10654
2290 0.10584
2291 0.10585
2292 0.10594
2293 0.1035
2294 0.10335
2295 0.10281
2296 0.10088
2297 0.10032
2298 0.10176
2299 0.10516
2300 0.10734
2301 0.11117
2302 0.11117
2303 0.1109
2304 0.11226
2305 0.11338
2306 0.11177
2307 0.11116
2308 0.11087
2309 0.11071
2310 0.1084
2311 0.10858
2312 0.10873
2313 0.10519
2314 0.0981
2315 0.0967
2316 0.09233
2317 0.08873
2318 0.08663
2319 0.08154
2320 0.07834
2321 0.07642
2322 0.07169
2323 0.07024
2324 0.06953
2325 0.06521
2326 0.06193
2327 0.06083
2328 0.06025
2329 0.05809
2330 0.05622
2331 0.05344
2332 0.05158
2333 0.05012
2334 0.04652
2335 0.04174
2336 0.04162
2337 0.03689
2338 0.03354
2339 0.0322
2340 0.03047
2341 0.02898
2342 0.02801
2343 0.02604
2344 0.02425
2345 0.02395
2346 0.0228
2347 0.01985
2348 0.01816
2349 0.01698
2350 0.01761
2351 0.01959
2352 0.02075
2353 0.02055
2354 0.02037
2355 0.01895
2356 0.01853
2357 0.01829
2358 0.0183
2359 0.01708
2360 0.01607
2361 0.01599
2362 0.01596
2363 0.01619
2364 0.01653
2365 0.01639
2366 0.01613
2367 0.01674
2368 0.01663
2369 0.01657
2370 0.01707
2371 0.01679
2372 0.01757
2373 0.01766
2374 0.01767
2375 0.01727
2376 0.01716
2377 0.01607
2378 0.01597
2379 0.01606
2380 0.01515
2381 0.01506
2382 0.01373
2383 0.01818
2384 0.02324
2385 0.03592
2386 0.05116
2387 0.05756
2388 0.06944
2389 0.07765
2390 0.07877
2391 0.08031
2392 0.0842
2393 0.08464
2394 0.0851
2395 0.089
2396 0.08877
2397 0.08791
2398 0.0897
2399 0.0892
2400 0.08836
2401 0.0878
2402 0.08849
2403 0.08813
2404 0.08738
2405 0.08803
2406 0.08763
2407 0.08707
2408 0.08674
2409 0.08572
2410 0.08304
2411 0.08183
2412 0.08456
2413 0.08064
2414 0.07406
2415 0.06813
2416 0.0611
2417 0.06049
2418 0.05676
2419 0.05112
2420 0.04819
2421 0.04046
2422 0.03556
2423 0.03242
2424 0.0269
2425 0.02248
2426 0.02017
2427 0.01567
2428 0.01072
2429 0.00844
2430 0.00434
2431 0.00165
2432 0.00119
2433 0.01177
2434 0.02451
2435 0.03052
2436 0.03998
2437 0.04516
2438 0.04724
2439 0.04873
2440 0.05177
2441 0.05222
2442 0.05458
2443 0.0555
2444 0.05602
2445 0.05622
2446 0.056
2447 0.05658
2448 0.0577
2449 0.05829
2450 0.05847
2451 0.05723
2452 0.05656
2453 0.05658
2454 0.05631
2455 0.05641
2456 0.05548
2457 0.05523
2458 0.05513
2459 0.05617
2460 0.05507
2461 0.05655
2462 0.05647
2463 0.05301
2464 0.04847
2465 0.04538
2466 0.04044
2467 0.03496
2468 0.03244
2469 0.02861
2470 0.02508
2471 0.02345
2472 0.02046
2473 0.01764
2474 0.01638
2475 0.01423
2476 0.01519
2477 0.01725
2478 0.01867
2479 0.01682
2480 0.01603
2481 0.01585
2482 0.01734
2483 0.01758
2484 0.01818
2485 0.01821
2486 0.01867
2487 0.01906
2488 0.01923
2489 0.01899
2490 0.0195
2491 0.02024
2492 0.01997
2493 0.01981
2494 0.01985
2495 0.01952
2496 0.01999
2497 0.02033
2498 0.01994
2499 0.02053
2500 0.02059
2501 0.02042
2502 0.02034
2503 0.02033
2504 0.0207
2505 0.02068
2506 0.0207
2507 0.02052
2508 0.02664
2509 0.03531
2510 0.04002
2511 0.04886
2512 0.05841
2513 0.0628
2514 0.0728
2515 0.07597
2516 0.07578
2517 0.07607
2518 0.07605
2519 0.07682
2520 0.07968
2521 0.07995
2522 0.08116
2523 0.08442
2524 0.0852
2525 0.08462
2526 0.08633
2527 0.08868
2528 0.08933
2529 0.09155
2530 0.09215
2531 0.09171
2532 0.0912
2533 0.09096
2534 0.09071
2535 0.09123
2536 0.0913
2537 0.09087
2538 0.0924
2539 0.09284
2540 0.09299
2541 0.09078
2542 0.08945
2543 0.08821
2544 0.08621
2545 0.08836
2546 0.08671
2547 0.08335
2548 0.08435
2549 0.08349
2550 0.07842
2551 0.07373
2552 0.07211
2553 0.06796
2554 0.06469
2555 0.06249
2556 0.05793
2557 0.05104
2558 0.04872
2559 0.04194
2560 0.03649
2561 0.03399
2562 0.02847
2563 0.0236
2564 0.021
2565 0.01652
2566 0.01244
2567 0.01007
2568 0.00664
2569 0.00441
2570 0.00373
2571 0.00262
2572 0.00186
2573 0.00173
2574 0.00181
2575 0.00189
2576 0.00187
2577 0.00191
2578 0.0019
2579 0.00193
2580 0.0019
2581 0.00185
2582 0.00184
2583 0.00178
2584 0.00178
2585 0.00176
2586 0.0022
2587 0.00222
2588 0.00215
2589 0.00203
2590 0.00202
2591 0.00201
2592 0.00208
2593 0.00215
2594 0.00207
2595 0.00208
2596 0.002
2597 0.00197
2598 0.00195
2599 0.0019
2600 0.00188
2601 0.00186
2602 0.00191
2603 0.00191
2604 0.00191
2605 0.00195
2606 0.00196
2607 0.00205
2608 0.0021
2609 0.00209
2610 0.00208
2611 0.00223
2612 0.00212
2613 0.00198
2614 0.00188
2615 0.00185
2616 0.00197
2617 0.00197
2618 0.00193
2619 0.00176
2620 0.00177
2621 0.00185
2622 0.00192
2623 0.00194
2624 0.00294
2625 0.01005
2626 0.0195
2627 0.02517
2628 0.0332
2629 0.03991
2630 0.04374
2631 0.04671
2632 0.04873
2633 0.04994
2634 0.05215
2635 0.05258
2636 0.05352
2637 0.05912
2638 0.07068
2639 0.07501
2640 0.08577
2641 0.09633
2642 0.10177
2643 0.11737
2644 0.13129
2645 0.13785
2646 0.15393
2647 0.16277
2648 0.16876
2649 0.18362
2650 0.19083
2651 0.1949
2652 0.20746
2653 0.21075
2654 0.21138
2655 0.21235
2656 0.21397
2657 0.21441
2658 0.218
2659 0.21887
2660 0.21862
2661 0.22119
2662 0.21956
2663 0.21929
2664 0.21344
2665 0.20936
2666 0.20403
2667 0.19839
2668 0.19652
2669 0.19877
2670 0.19776
2671 0.19881
2672 0.19922
2673 0.19734
2674 0.20206
2675 0.21282
2676 0.20699
2677 0.20578
2678 0.20472
2679 0.19965
2680 0.19311
2681 0.18321
2682 0.17679
2683 0.17139
2684 0.16847
2685 0.16334
2686 0.15564
2687 0.15376
2688 0.15138
2689 0.14598
2690 0.14621
2691 0.13892
2692 0.13429
2693 0.13281
2694 0.12792
2695 0.12208
2696 0.11861
2697 0.11293
2698 0.10702
2699 0.10429
2700 0.09949
2701 0.09471
2702 0.09134
2703 0.08516
2704 0.07947
2705 0.07725
2706 0.07217
2707 0.06865
2708 0.0665
2709 0.06434
2710 0.06454
2711 0.06465
2712 0.0653
2713 0.06543
2714 0.06593
2715 0.06658
2716 0.06722
2717 0.0668
2718 0.06667
2719 0.0664
2720 0.06341
2721 0.06307
2722 0.0633
2723 0.06329
2724 0.06317
2725 0.06416
2726 0.06396
2727 0.067
2728 0.07318
2729 0.07669
2730 0.08424
2731 0.09154
2732 0.09488
2733 0.10045
2734 0.10423
2735 0.10444
2736 0.10823
2737 0.1109
2738 0.11198
2739 0.11225
2740 0.11317
2741 0.11341
2742 0.11386
2743 0.11482
2744 0.1155
2745 0.11589
2746 0.11693
2747 0.11834
2748 0.12023
2749 0.12267
2750 0.12321
2751 0.12324
2752 0.12412
2753 0.12422
2754 0.12451
2755 0.12604
2756 0.12669
2757 0.1279
2758 0.12744
2759 0.12797
2760 0.12877
2761 0.1293
2762 0.1295
2763 0.13076
2764 0.13053
2765 0.13186
2766 0.1319
2767 0.13272
2768 0.13313
2769 0.13352
2770 0.13315
2771 0.13336
2772 0.13413
2773 0.1345
2774 0.13476
2775 0.13498
2776 0.13531
2777 0.13509
2778 0.13667
2779 0.13787
2780 0.13842
2781 0.13973
2782 0.1419
2783 0.14284
2784 0.14194
2785 0.1412
2786 0.14239
2787 0.14112
2788 0.14082
2789 0.14153
2790 0.14225
2791 0.14302
2792 0.14288
2793 0.14211
2794 0.14236
2795 0.14252
2796 0.14256
2797 0.14235
2798 0.14228
2799 0.14273
2800 0.14237
2801 0.14194
2802 0.14188
2803 0.14188
2804 0.14136
2805 0.14144
2806 0.14229
2807 0.14234
2808 0.14265
2809 0.14248
2810 0.14224
2811 0.14263
2812 0.14255
2813 0.14297
2814 0.14363
2815 0.14315
2816 0.14312
2817 0.14366
2818 0.14366
2819 0.14366
2820 0.14404
2821 0.14425
2822 0.14415
2823 0.14433
2824 0.14407
2825 0.1443
2826 0.14445
2827 0.14387
2828 0.1438
2829 0.14351
2830 0.14333
2831 0.14356
2832 0.14314
2833 0.14327
2834 0.14341
2835 0.14341
2836 0.14605
2837 0.14652
2838 0.14676
2839 0.14674
2840 0.14662
2841 0.14633
2842 0.14546
2843 0.14519
2844 0.14449
2845 0.14407
2846 0.14409
2847 0.14419
2848 0.14418
2849 0.14443
2850 0.14474
2851 0.14512
2852 0.14483
2853 0.14495
2854 0.14521
2855 0.1454
2856 0.14545
2857 0.14543
2858 0.14582
2859 0.14614
2860 0.14623
2861 0.14529
2862 0.1456
2863 0.14553
2864 0.14568
2865 0.14633
2866 0.14677
2867 0.147
2868 0.14746
2869 0.14818
2870 0.14911
2871 0.14984
2872 0.14976
2873 0.15017
2874 0.14928
2875 0.14927
2876 0.14919
2877 0.14832
2878 0.14907
2879 0.14967
2880 0.15263
2881 0.15521
2882 0.15696
2883 0.15842
2884 0.15915
2885 0.15938
2886 0.16105
2887 0.16159
2888 0.16155
2889 0.16212
2890 0.16311
2891 0.16307
2892 0.16254
2893 0.16093
2894 0.16061
2895 0.15843
2896 0.15853
2897 0.15883
2898 0.15858
2899 0.15798
2900 0.15871
2901 0.15784
2902 0.15799
2903 0.15758
2904 0.15677
2905 0.1563
2906 0.15601
2907 0.15634
2908 0.15672
2909 0.15708
2910 0.15687
2911 0.15499
2912 0.1548
2913 0.15431
2914 0.15431
2915 0.15457
2916 0.15462
2917 0.15426
2918 0.15406
2919 0.15346
2920 0.15322
2921 0.15326
2922 0.15376
2923 0.15426
2924 0.15399
2925 0.15482
2926 0.15478
2927 0.15428
2928 0.15442
2929 0.15519
2930 0.15563
2931 0.15764
2932 0.15932
2933 0.15954
2934 0.16053
2935 0.16059
2936 0.16206
2937 0.16219
2938 0.16278
2939 0.16281
2940 0.16362
2941 0.16475
2942 0.16524
2943 0.16554
2944 0.16687
2945 0.16763
2946 0.16982
2947 0.17284
2948 0.17402
2949 0.17772
2950 0.18145
2951 0.18298
2952 0.18741
2953 0.19024
2954 0.19091
2955 0.19549
2956 0.19964
2957 0.20195
2958 0.20851
2959 0.21414
2960 0.22002
2961 0.23326
2962 0.23823
2963 0.24091
2964 0.24824
2965 0.2541
2966 0.25734
2967 0.26405
2968 0.27402
2969 0.2808
2970 0.29036
2971 0.2973
2972 0.30082
2973 0.31134
2974 0.32379
2975 0.32942
2976 0.33549
2977 0.34439
2978 0.34752
2979 0.35361
2980 0.3581
2981 0.36171
2982 0.37598
2983 0.38784
2984 0.3972
2985 0.40376
2986 0.44746
2987 0.44804
2988 0.45045
2989 0.45467
2990 0.46531
2991 0.49066
2992 0.51157
2993 0.52527
2994 0.54573
2995 0.56138
2996 0.56895
2997 0.58177
2998 0.63819
2999 0.67248
3000 0.72343
3001 0.75643
3002 0.77564
3003 0.79606
3004 0.81128
3005 0.82087
3006 0.83439
3007 0.83826
3008 0.84147
3009 0.8431
3010 0.84305
3011 0.89407
3012 0.89051
3013 0.88928
3014 0.88855
3015 0.88767
3016 0.8915
3017 0.89645
3018 0.89834
3019 0.90106
3020 0.90572
3021 0.90615
3022 0.90612
3023 0.90628
3024 0.90778
3025 0.90723
3026 0.9057
3027 0.90702
3028 0.90727
3029 0.90838
3030 0.90982
3031 0.9105
3032 0.91189
3033 0.91152
3034 0.91096
3035 0.91085
3036 0.91319
3037 0.91319
3038 0.91364
3039 0.91422
3040 0.91266
3041 0.91225
3042 0.91119
3043 0.9112
3044 0.9111
3045 0.91036
3046 0.91112
3047 0.91088
3048 0.91015
3049 0.90943
3050 0.90968
3051 0.90887
3052 0.90827
3053 0.90878
3054 0.90802
3055 0.90846
3056 0.90886
3057 0.9078
3058 0.90742
3059 0.90669
3060 0.90564
3061 0.90397
3062 0.90406
3063 0.90346
3064 0.90166
3065 0.90173
3066 0.89965
3067 0.89831
3068 0.89837
3069 0.89855
3070 0.89887
3071 0.8978
3072 0.89755
3073 0.89613
3074 0.89726
3075 0.89522
3076 0.89372
3077 0.89424
3078 0.89279
3079 0.89315
3080 0.89302
3081 0.89322
3082 0.89286
3083 0.89249
3084 0.89147
3085 0.8919
3086 0.8909
3087 0.88878
3088 0.88756
3089 0.88724
3090 0.88616
3091 0.88687
3092 0.88572
3093 0.88471
3094 0.88306
3095 0.88127
3096 0.882
3097 0.88056
3098 0.88011
3099 0.88023
3100 0.87891
3101 0.87927
3102 0.88032
3103 0.88024
3104 0.88034
3105 0.88143
3106 0.88207
3107 0.8815
3108 0.88167
3109 0.88204
3110 0.88199
3111 0.8837
3112 0.88339
3113 0.88349
3114 0.88217
3115 0.88138
3116 0.88103
3117 0.87951
3118 0.87819
3119 0.87778
3120 0.87731
3121 0.87641
3122 0.87678
3123 0.87854
3124 0.87765
3125 0.87658
3126 0.87628
3127 0.87618
3128 0.87552
3129 0.87481
3130 0.87467
3131 0.8744
3132 0.87253
3133 0.87097
3134 0.87054
3135 0.86891
3136 0.86686
3137 0.86728
3138 0.86662
3139 0.86532
3140 0.86411
3141 0.86457
3142 0.86363
3143 0.86264
3144 0.86081
3145 0.85956
3146 0.8588
3147 0.85878
3148 0.85849
3149 0.85883
3150 0.85846
3151 0.85789
3152 0.85834
3153 0.85807
3154 0.858
3155 0.85833
3156 0.85847
3157 0.85829
3158 0.8584
3159 0.85823
3160 0.85785
3161 0.85745
3162 0.857
3163 0.85716
3164 0.85748
3165 0.85741
3166 0.85799
3167 0.85845
3168 0.85795
3169 0.85762
3170 0.85784
3171 0.85852
3172 0.85839
3173 0.85769
3174 0.85774
3175 0.85808
3176 0.85791
3177 0.85723
3178 0.85765
3179 0.85729
3180 0.8557
3181 0.85408
3182 0.85373
3183 0.85284
3184 0.85242
3185 0.85228
3186 0.85374
3187 0.85256
3188 0.85195
3189 0.85085
3190 0.85006
3191 0.84944
3192 0.84799
3193 0.84756
3194 0.84673
3195 0.84591
3196 0.84583
3197 0.8457
3198 0.84601
3199 0.84592
3200 0.84601
3201 0.84593
3202 0.84597
3203 0.84618
3204 0.84625
3205 0.84551
3206 0.84578
3207 0.84574
3208 0.84565
3209 0.84611
3210 0.84602
3211 0.84532
3212 0.84501
3213 0.84492
3214 0.84513
3215 0.84506
3216 0.8442
3217 0.84405
3218 0.84403
3219 0.84386
3220 0.84464
3221 0.84422
3222 0.8447
3223 0.84475
3224 0.84443
3225 0.84413
3226 0.84372
3227 0.8433
3228 0.84301
3229 0.84257
3230 0.84255
3231 0.84228
3232 0.84217
3233 0.8421
3234 0.84176
3235 0.84196
3236 0.8419
3237 0.84208
3238 0.84246
3239 0.8425
3240 0.84229
3241 0.84195
3242 0.84235
3243 0.84188
3244 0.84149
3245 0.84147
3246 0.84147
3247 0.84168
3248 0.84206
3249 0.8417
3250 0.84164
3251 0.84134
3252 0.84201
3253 0.84285
3254 0.84284
3255 0.84256
3256 0.84269
3257 0.84291
3258 0.84305
3259 0.84234
3260 0.84234
3261 0.8434
3262 0.84321
3263 0.84282
3264 0.84322
3265 0.84355
3266 0.84354
3267 0.84398
3268 0.84356
3269 0.84337
3270 0.84338
3271 0.8433
3272 0.84299
3273 0.84296
3274 0.84268
3275 0.84253
3276 0.8426
3277 0.84255
3278 0.8424
3279 0.84238
3280 0.84183
3281 0.8422
3282 0.84246
3283 0.84251
3284 0.84255
3285 0.84255
3286 0.84351
3287 0.84392
3288 0.84387
3289 0.84409
3290 0.84396
3291 0.8438
3292 0.84382
3293 0.84409
3294 0.84351
3295 0.84328
3296 0.8424
3297 0.84324
3298 0.84247
3299 0.8428
3300 0.84278
3301 0.84317
3302 0.84323
3303 0.84307
3304 0.84297
3305 0.84294
3306 0.84251
3307 0.84273
3308 0.84239
3309 0.8429
3310 0.84298
3311 0.84405
3312 0.84398
3313 0.84361
3314 0.84324
3315 0.84311
3316 0.84237
3317 0.84253
3318 0.84239
3319 0.84251
3320 0.84192
3321 0.84273
3322 0.84284
3323 0.84277
3324 0.84279
3325 0.84293
3326 0.84276
3327 0.8431
3328 0.84302
3329 0.84317
3330 0.8434
3331 0.84385
3332 0.84353
3333 0.8437
3334 0.8432
3335 0.84309
3336 0.84233
3337 0.84214
3338 0.84165
3339 0.842
3340 0.84181
3341 0.84239
3342 0.84203
3343 0.84192
3344 0.84126
3345 0.84099
3346 0.84072
3347 0.84045
3348 0.84031
3349 0.84009
3350 0.84011
3351 0.83942
3352 0.8396
3353 0.83964
3354 0.84044
3355 0.84062
3356 0.84054
3357 0.84092
3358 0.84116
3359 0.84091
3360 0.84128
3361 0.84342
3362 0.84348
3363 0.84342
3364 0.84401
3365 0.84449
3366 0.84455
3367 0.8447
3368 0.84481
3369 0.84501
3370 0.84518
3371 0.84515
3372 0.84574
3373 0.84573
3374 0.84558
3375 0.84558
3376 0.84546
3377 0.84569
3378 0.84567
3379 0.84564
3380 0.84561
3381 0.84534
3382 0.84515
3383 0.84531
3384 0.84507
3385 0.8452
3386 0.84496
3387 0.84475
3388 0.84499
3389 0.84497
3390 0.84473
3391 0.844
3392 0.84406
3393 0.84422
3394 0.84382
3395 0.84378
3396 0.8435
3397 0.84346
3398 0.84355
3399 0.84361
3400 0.84375
3401 0.84376
3402 0.84373
3403 0.8437
3404 0.84394
3405 0.84393
3406 0.8441
3407 0.84392
3408 0.84383
3409 0.84371
3410 0.84378
3411 0.84476
3412 0.8448
3413 0.84482
3414 0.84416
3415 0.8443
3416 0.844
3417 0.84387
3418 0.84396
3419 0.84423
3420 0.84402
3421 0.84375
3422 0.84387
3423 0.84412
3424 0.84422
3425 0.84442
3426 0.84446
3427 0.84453
3428 0.84464
3429 0.84492
3430 0.84494
3431 0.84508
3432 0.84487
3433 0.84496
3434 0.84518
3435 0.84503
3436 0.84711
3437 0.84696
3438 0.84653
3439 0.84631
3440 0.84672
3441 0.84687
3442 0.84702
3443 0.84681
3444 0.84695
3445 0.84676
3446 0.84693
3447 0.84691
3448 0.8468
3449 0.84684
3450 0.84689
3451 0.84712
3452 0.84711
3453 0.84737
3454 0.84758
3455 0.84748
3456 0.84744
3457 0.84732
3458 0.8474
3459 0.84745
3460 0.84752
3461 0.84846
3462 0.84893
3463 0.84888
3464 0.84856
3465 0.84857
3466 0.84864
3467 0.84889
3468 0.8489
3469 0.84884
3470 0.84903
3471 0.84877
3472 0.84859
3473 0.84878
3474 0.8485
3475 0.84868
3476 0.84854
3477 0.84838
3478 0.84813
3479 0.84797
3480 0.84809
3481 0.84823
3482 0.8481
3483 0.84834
3484 0.84817
3485 0.84808
3486 0.84939
3487 0.84903
3488 0.84861
3489 0.84833
3490 0.84815
3491 0.84807
3492 0.84827
3493 0.84823
3494 0.84792
3495 0.84765
3496 0.84786
3497 0.84792
3498 0.84809
3499 0.8478
3500 0.84784
3501 0.84837
3502 0.84837
3503 0.84856
3504 0.84835
3505 0.8487
3506 0.84878
3507 0.84869
3508 0.84856
3509 0.8486
3510 0.84865
3511 0.84757
3512 0.84752
3513 0.84768
3514 0.84799
3515 0.84818
3516 0.84781
3517 0.84782
3518 0.8479
3519 0.84803
3520 0.84793
3521 0.8481
3522 0.848
3523 0.84819
3524 0.84829
3525 0.84859
3526 0.84846
3527 0.84803
3528 0.848
3529 0.84777
3530 0.84807
3531 0.84826
3532 0.84833
3533 0.84819
3534 0.84824
3535 0.84829
3536 0.84968
3537 0.84944
3538 0.84994
3539 0.84951
3540 0.84945
3541 0.84935
3542 0.84958
3543 0.84984
3544 0.8494
3545 0.84943
3546 0.84943
3547 0.84938
3548 0.84941
3549 0.84931
3550 0.84954
3551 0.84917
3552 0.84934
3553 0.84922
3554 0.849
3555 0.84874
3556 0.8489
3557 0.84916
3558 0.84893
3559 0.84902
3560 0.84898
3561 0.84887
3562 0.84857
3563 0.84844
3564 0.84858
3565 0.84882
3566 0.849
3567 0.84888
3568 0.84909
3569 0.84915
3570 0.84821
3571 0.84816
3572 0.84815
3573 0.84823
3574 0.848
3575 0.84758
3576 0.84763
3577 0.84757
3578 0.84753
3579 0.84772
3580 0.84799
3581 0.84793
3582 0.84788
3583 0.84781
3584 0.84771
3585 0.84773
3586 0.84766
3587 0.84783
3588 0.84812
3589 0.84816
3590 0.84813
3591 0.84829
3592 0.84823
3593 0.84858
3594 0.84858
3595 0.84788
3596 0.84816
3597 0.84807
3598 0.84817
3599 0.8479
3600 0.84776
3601 0.84823
3602 0.84856
3603 0.84843
3604 0.84841
3605 0.84857
3606 0.84847
3607 0.84841
3608 0.84838
3609 0.84817
3610 0.84811
3611 0.84812
3612 0.84829
3613 0.84833
3614 0.84817
3615 0.84789
3616 0.848
3617 0.8479
3618 0.84797
3619 0.84768
3620 0.84844
3621 0.84817
3622 0.84823
3623 0.84779
3624 0.84785
3625 0.84734
3626 0.84731
3627 0.84717
3628 0.84759
3629 0.8473
3630 0.84717
3631 0.84718
3632 0.8471
3633 0.84741
3634 0.84746
3635 0.84758
3636 0.84745
3637 0.84715
3638 0.84703
3639 0.84671
3640 0.84661
3641 0.84636
3642 0.84668
3643 0.84677
3644 0.84699
3645 0.84662
3646 0.84641
3647 0.84633
3648 0.84606
3649 0.84573
3650 0.84522
3651 0.84533
3652 0.84491
3653 0.84498
3654 0.84557
3655 0.84563
3656 0.8459
3657 0.84585
3658 0.84616
3659 0.84621
3660 0.84643
3661 0.84639
3662 0.84614
3663 0.84619
3664 0.84628
3665 0.84626
3666 0.84614
3667 0.84604
3668 0.84602
3669 0.84617
3670 0.84704
3671 0.84739
3672 0.847
3673 0.84713
3674 0.84713
3675 0.84722
3676 0.84733
3677 0.84734
3678 0.84747
3679 0.84738
3680 0.84796
3681 0.84836
3682 0.84817
3683 0.84835
3684 0.84858
3685 0.84841
3686 0.84876
3687 0.8487
3688 0.84872
3689 0.84875
3690 0.84865
3691 0.84843
3692 0.84833
3693 0.8484
3694 0.84845
3695 0.84805
3696 0.84751
3697 0.84777
3698 0.8484
3699 0.84755
3700 0.84801
3701 0.84776
3702 0.84782
3703 0.84807
3704 0.84763
3705 0.84832
3706 0.84828
3707 0.84808
3708 0.84832
3709 0.84869
3710 0.84788
3711 0.84857
3712 0.84846
3713 0.8483
3714 0.84835
3715 0.84811
3716 0.84809
3717 0.8485
3718 0.84849
3719 0.84824
3720 0.84876
3721 0.84858
3722 0.84868
3723 0.8492
3724 0.84948
3725 0.84925
3726 0.84943
3727 0.84938
3728 0.84867
3729 0.84831
3730 0.84807
3731 0.84887
3732 0.84851
3733 0.84865
3734 0.84827
3735 0.84878
3736 0.84883
3737 0.84921
3738 0.84922
3739 0.84928
3740 0.84899
3741 0.84979
3742 0.85013
3743 0.8504
3744 0.85017
3745 0.84974
3746 0.85017
3747 0.85029
3748 0.84982
3749 0.85007
3750 0.84961
3751 0.8493
3752 0.84982
3753 0.84942
3754 0.84983
3755 0.84971
3756 0.84953
3757 0.84979
3758 0.84966
3759 0.85016
3760 0.84995
3761 0.84981
3762 0.8497
3763 0.84967
3764 0.8497
3765 0.84897
3766 0.84919
3767 0.84886
3768 0.84817
3769 0.84758
3770 0.84791
3771 0.84817
3772 0.84813
3773 0.84851
3774 0.84904
3775 0.84922
3776 0.84927
3777 0.84955
3778 0.85
3779 0.84982
3780 0.85004
3781 0.85034
3782 0.85046
3783 0.85033
3784 0.84997
3785 0.85015
3786 0.85029
3787 0.8502
3788 0.85031
3789 0.85004
3790 0.85004
3791 0.84992
3792 0.84973
3793 0.84959
3794 0.8493
3795 0.8488
3796 0.84884
3797 0.84912
3798 0.84868
3799 0.84834
3800 0.84727
3801 0.84641
3802 0.84624
3803 0.84553
3804 0.84458
3805 0.84458
3806 0.84415
3807 0.84398
3808 0.84352
3809 0.84332
3810 0.84388
3811 0.84422
3812 0.8447
3813 0.84487
3814 0.84462
3815 0.84484
3816 0.84431
3817 0.84442
3818 0.84449
3819 0.84555
3820 0.85074
3821 0.85074
3822 0.85024
3823 0.85021
3824 0.85047
3825 0.85007
3826 0.85007
3827 0.85023
3828 0.84984
3829 0.85011
3830 0.84969
3831 0.84995
3832 0.84973
3833 0.84983
3834 0.85012
3835 0.85009
3836 0.85011
3837 0.84988
3838 0.84971
3839 0.84974
3840 0.84984
3841 0.84952
3842 0.84928
3843 0.8492
3844 0.84935
3845 0.84964
3846 0.84945
3847 0.84918
3848 0.84915
3849 0.84871
3850 0.84876
3851 0.84867
3852 0.84859
3853 0.84855
3854 0.84857
3855 0.84872
3856 0.84866
3857 0.84882
3858 0.84844
3859 0.84841
3860 0.84861
3861 0.84868
3862 0.84863
3863 0.84874
3864 0.84854
3865 0.84848
3866 0.84853
3867 0.84839
3868 0.84831
3869 0.84829
3870 0.84965
3871 0.84966
3872 0.84968
3873 0.84943
3874 0.84889
3875 0.84906
3876 0.84941
3877 0.84967
3878 0.84968
3879 0.84951
3880 0.84985
3881 0.85001
3882 0.84974
3883 0.84896
3884 0.8489
3885 0.84903
3886 0.84939
3887 0.84886
3888 0.84854
3889 0.84849
3890 0.84894
3891 0.84889
3892 0.84876
3893 0.84904
3894 0.84897
3895 0.85034
3896 0.85061
3897 0.85117
3898 0.85088
3899 0.85089
3900 0.85137
3901 0.85094
3902 0.85049
3903 0.85065
3904 0.85077
3905 0.85035
3906 0.85077
3907 0.85034
3908 0.85027
3909 0.84996
3910 0.84968
3911 0.84981
3912 0.84942
3913 0.84952
3914 0.8495
3915 0.84918
3916 0.84907
3917 0.84899
3918 0.84921
3919 0.8494
3920 0.8499
3921 0.8498
3922 0.84995
3923 0.84995
3924 0.85028
3925 0.85025
3926 0.84993
3927 0.84999
3928 0.84986
3929 0.84955
3930 0.84928
3931 0.84923
3932 0.84922
3933 0.84972
3934 0.84934
3935 0.84917
3936 0.84936
3937 0.84928
3938 0.84957
3939 0.84965
3940 0.84963
3941 0.84973
3942 0.8496
3943 0.84961
3944 0.84944
3945 0.85085
3946 0.8508
3947 0.85045
3948 0.85013
3949 0.84996
3950 0.85
3951 0.84998
3952 0.84985
3953 0.84985
3954 0.85026
3955 0.85021
3956 0.8503
3957 0.85011
3958 0.85007
3959 0.85034
3960 0.85051
3961 0.8506
3962 0.85054
3963 0.85043
3964 0.84999
3965 0.85004
3966 0.85025
3967 0.85044
3968 0.85003
3969 0.85008
3970 0.85142
3971 0.85183
3972 0.85163
3973 0.8517
3974 0.85142
3975 0.85135
3976 0.85094
3977 0.85109
3978 0.85081
3979 0.85084
3980 0.85079
3981 0.85021
3982 0.85018
3983 0.84935
3984 0.85001
3985 0.84973
3986 0.84896
3987 0.84914
3988 0.84865
3989 0.84935
3990 0.84959
3991 0.84983
3992 0.85003
3993 0.8497
3994 0.84943
3995 0.85127
3996 0.85122
3997 0.85139
3998 0.85111
3999 0.85105
4000 0.8509
4001 0.851
4002 0.85063
4003 0.85046
4004 0.85041
4005 0.85032
4006 0.8502
4007 0.85011
4008 0.85018
4009 0.84987
4010 0.84966
4011 0.8493
4012 0.84943
4013 0.8496
4014 0.84949
4015 0.8496
4016 0.8494
4017 0.8492
4018 0.84912
4019 0.84898
4020 0.85026
4021 0.85043
4022 0.85075
4023 0.85082
4024 0.85085
4025 0.85084
4026 0.85101
4027 0.85069
4028 0.85048
4029 0.85026
4030 0.85044
4031 0.85055
4032 0.85057
4033 0.85041
4034 0.85048
4035 0.85074
4036 0.85063
4037 0.85033
4038 0.85045
4039 0.85059
4040 0.85035
4041 0.85059
4042 0.85034
4043 0.85056
4044 0.85068
4045 0.85134
4046 0.85095
4047 0.85089
4048 0.85113
4049 0.85104
4050 0.8512
4051 0.85101
4052 0.85069
4053 0.85046
4054 0.85064
4055 0.85049
4056 0.85055
4057 0.85047
4058 0.85058
4059 0.85036
4060 0.85059
4061 0.85043
4062 0.85037
4063 0.85018
4064 0.85045
4065 0.85058
4066 0.85078
4067 0.85106
4068 0.85141
4069 0.85155
4070 0.85015
4071 0.85019
4072 0.85003
4073 0.84972
4074 0.84943
4075 0.84957
4076 0.84973
4077 0.84967
4078 0.84962
4079 0.84991
4080 0.85027
4081 0.85008
4082 0.85026
4083 0.85007
4084 0.85004
4085 0.85028
4086 0.8503
4087 0.85013
4088 0.85035
4089 0.8502
4090 0.85018
4091 0.85041
4092 0.85038
4093 0.85035
4094 0.84993
4095 0.85261
4096 0.85209
4097 0.85191
4098 0.85183
4099 0.85205
4100 0.85188
4101 0.85206
4102 0.85194
4103 0.85163
4104 0.85176
4105 0.8519
4106 0.85169
4107 0.85175
4108 0.85163
4109 0.85159
4110 0.85178
4111 0.85214
4112 0.85215
4113 0.85186
4114 0.85193
4115 0.85171
4116 0.85192
4117 0.85191
4118 0.85224
4119 0.85228
4120 0.85314
4121 0.85261
4122 0.85233
4123 0.85233
4124 0.8524
4125 0.85289
4126 0.85245
4127 0.85255
4128 0.85256
4129 0.85267
4130 0.85262
4131 0.85263
4132 0.85277
4133 0.85282
4134 0.85263
4135 0.8533
4136 0.85294
4137 0.85297
4138 0.85238
4139 0.85255
4140 0.85221
4141 0.85201
4142 0.85215
4143 0.85271
4144 0.85259
4145 0.85237
4146 0.85204
4147 0.85237
4148 0.85207
4149 0.85102
4150 0.85041
4151 0.85038
4152 0.84997
4153 0.84954
4154 0.84899
4155 0.84881
4156 0.84867
4157 0.84856
4158 0.8488
4159 0.8482
4160 0.84843
4161 0.84841
4162 0.84906
4163 0.84901
4164 0.84948
4165 0.8487
4166 0.84903
4167 0.84955
4168 0.85005
4169 0.84899
4170 0.8501
4171 0.84987
4172 0.85017
4173 0.85032
4174 0.85055
4175 0.85114
4176 0.85105
4177 0.85138
4178 0.85277
4179 0.85234
4180 0.85268
4181 0.85324
4182 0.85455
4183 0.85419
4184 0.85416
4185 0.85476
4186 0.85612
4187 0.85793
4188 0.85762
4189 0.85948
4190 0.86127
4191 0.86289
4192 0.8639
4193 0.86433
4194 0.86471
4195 0.86617
4196 0.86596
4197 0.86655
4198 0.86626
4199 0.86548
4200 0.86533
4201 0.86568
4202 0.86573
4203 0.86463
4204 0.86463
4205 0.86455
4206 0.86503
4207 0.86754
4208 0.86692
4209 0.8673
4210 0.86823
4211 0.86784
4212 0.86833
4213 0.86896
4214 0.87041
4215 0.87052
4216 0.87188
4217 0.87445
4218 0.87443
4219 0.87489
4220 0.87407
4221 0.87513
4222 0.87688
4223 0.87949
4224 0.87921
4225 0.88068
4226 0.8811
4227 0.88128
4228 0.88241
4229 0.88606
4230 0.88711
4231 0.88865
4232 0.89058
4233 0.89199
4234 0.89533
4235 0.8971
4236 0.89925
4237 0.90158
4238 0.90345
4239 0.9024
4240 0.9025
4241 0.90007
4242 0.89996
4243 0.89684
4244 0.89491
4245 0.89191
4246 0.89144
4247 0.89076
4248 0.89051
4249 0.88722
4250 0.88366
4251 0.88246
4252 0.88124
4253 0.88209
4254 0.88148
4255 0.88273
4256 0.88032
4257 0.88056
4258 0.88214
4259 0.88414
4260 0.88291
4261 0.88291
4262 0.88505
4263 0.88321
4264 0.88717
4265 0.8905
4266 0.89202
4267 0.89638
4268 0.89894
4269 0.89992
4270 0.90156
4271 0.90313
4272 0.90538
4273 0.90671
4274 0.90783
4275 0.90887
4276 0.90817
4277 0.90947
4278 0.90987
4279 0.91068
4280 0.91284
4281 0.91206
4282 0.91289
4283 0.9129
4284 0.91272
4285 0.91454
4286 0.91747
4287 0.91728
4288 0.91869
4289 0.91934
4290 0.92153
4291 0.91954
4292 0.92022
4293 0.91444
4294 0.91055
4295 0.90103
4296 0.90066
4297 0.89775
4298 0.89634
4299 0.89613
4300 0.89359
4301 0.89345
4302 0.89386
4303 0.89526
4304 0.89434
4305 0.8949
4306 0.89534
4307 0.89296
4308 0.8911
4309 0.88866
4310 0.88901
4311 0.88661
4312 0.88487
4313 0.8828
4314 0.88349
4315 0.88398
4316 0.88126
4317 0.8814
4318 0.871
4319 0.86697
4320 0.86614
4321 0.86507
4322 0.86447
4323 0.85754
4324 0.84395
4325 0.83596
4326 0.83648
4327 0.83014
4328 0.80624
4329 0.79725
4330 0.78756
4331 0.78454
4332 0.78385
4333 0.77994
4334 0.77294
4335 0.77165
4336 0.7683
4337 0.76728
4338 0.76843
4339 0.76677
4340 0.7673
4341 0.76697
4342 0.76808
4343 0.7701
4344 0.77117
4345 0.74366
4346 0.74446
4347 0.74634
4348 0.74811
4349 0.74888
4350 0.74951
4351 0.75226
4352 0.75
4353 0.74943
4354 0.74858
4355 0.74583
4356 0.74442
4357 0.74215
4358 0.73656
4359 0.73691
4360 0.7347
4361 0.73124
4362 0.72955
4363 0.72828
4364 0.72778
4365 0.72688
4366 0.72821
4367 0.72597
4368 0.72494
4369 0.72335
4370 0.71954
4371 0.71945
4372 0.72322
4373 0.71866
4374 0.72122
4375 0.71876
4376 0.72152
4377 0.72349
4378 0.7268
4379 0.69413
4380 0.69394
4381 0.69944
4382 0.69992
4383 0.69923
4384 0.69517
4385 0.69037
4386 0.68888
4387 0.68536
4388 0.67655
4389 0.67568
4390 0.67039
4391 0.66422
4392 0.66455
4393 0.65651
4394 0.62694
4395 0.6231
4396 0.62023
4397 0.61476
4398 0.61022
4399 0.60364
4400 0.59647
4401 0.59279
4402 0.58594
4403 0.57867
4404 0.57548
4405 0.56771
4406 0.55937
4407 0.55485
4408 0.54943
4409 0.53153
4410 0.53116
4411 0.52894
4412 0.52143
4413 0.51975
4414 0.53231
4415 0.53731
4416 0.53743
4417 0.55689
4418 0.56459
4419 0.5663
4420 0.567
4421 0.59183
4422 0.59417
4423 0.59612
4424 0.60805
4425 0.61392
4426 0.61818
4427 0.61483
4428 0.61555
4429 0.61761
4430 0.61782
4431 0.6162
4432 0.61523
4433 0.6187
4434 0.61724
4435 0.61238
4436 0.60775
4437 0.60678
4438 0.60122
4439 0.59667
4440 0.59567
4441 0.5976
4442 0.60425
4443 0.60424
4444 0.60522
4445 0.60212
4446 0.60809
4447 0.61631
4448 0.62139
4449 0.62591
4450 0.62958
4451 0.62842
4452 0.6281
4453 0.62145
4454 0.62098
4455 0.62
4456 0.61943
4457 0.61715
4458 0.62039
4459 0.62098
4460 0.61922
4461 0.62294
4462 0.6262
4463 0.6282
4464 0.62781
4465 0.633
4466 0.6317
4467 0.63805
4468 0.6449
4469 0.65167
4470 0.64968
4471 0.66032
4472 0.66651
4473 0.67297
4474 0.68842
4475 0.69601
4476 0.68394
4477 0.6837
4478 0.68655
4479 0.6622
4480 0.66043
4481 0.66348
4482 0.66435
4483 0.62715
4484 0.62898
4485 0.6257
4486 0.62356
4487 0.59423
4488 0.59454
4489 0.59413
4490 0.59449
4491 0.5941
4492 0.59838
4493 0.5966
4494 0.59607
4495 0.59215
4496 0.60052
4497 0.60365
4498 0.60884
4499 0.61478
4500 0.61923
4501 0.62808
4502 0.63339
4503 0.63705
4504 0.66447
4505 0.67967
4506 0.68094
4507 0.70287
4508 0.71172
4509 0.71538
4510 0.74202
4511 0.75201
4512 0.75603
4513 0.77841
4514 0.78938
4515 0.79748
4516 0.82367
4517 0.83524
4518 0.83993
4519 0.84805
4520 0.86005
4521 0.86255
4522 0.86804
4523 0.86986
4524 0.87038
4525 0.88308
4526 0.88743
4527 0.89161
4528 0.89679
4529 0.9061
4530 0.90827
4531 0.912
4532 0.91451
4533 0.916
4534 0.918
4535 0.92067
4536 0.92179
4537 0.92296
4538 0.9242
4539 0.92506
4540 0.92542
4541 0.92705
4542 0.92588
4543 0.92819
4544 0.92798
4545 0.93013
4546 0.92943
4547 0.92275
4548 0.92141
4549 0.91907
4550 0.91671
4551 0.91422
4552 0.90932
4553 0.9068
4554 0.90372
4555 0.90031
4556 0.89897
4557 0.89699
4558 0.88382
4559 0.87481
4560 0.87113
4561 0.86296
4562 0.85767
4563 0.85583
4564 0.8531
4565 0.81062
4566 0.80913
4567 0.80501
4568 0.8088
4569 0.80815
4570 0.80568
4571 0.74759
4572 0.74705
4573 0.74461
4574 0.73453
4575 0.73199
4576 0.72402
4577 0.71809
4578 0.71241
4579 0.70678
4580 0.70027
4581 0.69984
4582 0.69348
4583 0.69413
4584 0.69232
4585 0.69173
4586 0.69149
4587 0.69386
4588 0.69714
4589 0.69649
4590 0.69864
4591 0.70396
4592 0.72436
4593 0.73414
4594 0.7476
4595 0.75259
4596 0.75729
4597 0.76082
4598 0.76029
4599 0.75845
4600 0.76169
4601 0.76141
4602 0.76038
4603 0.75638
4604 0.75552
4605 0.75339
4606 0.75419
4607 0.75343
4608 0.75265
4609 0.75212
4610 0.75191
4611 0.7499
4612 0.75386
4613 0.75376
4614 0.75204
4615 0.74875
4616 0.74755
4617 0.7448
4618 0.74261
4619 0.74034
4620 0.70889
4621 0.70514
4622 0.70142
4623 0.70227
4624 0.60954
4625 0.60029
4626 0.59495
4627 0.5867
4628 0.57932
4629 0.57209
4630 0.5737
4631 0.58026
4632 0.58227
4633 0.58097
4634 0.58978
4635 0.59348
4636 0.59446
4637 0.59614
4638 0.60022
4639 0.62986
4640 0.65402
4641 0.6638
4642 0.67703
4643 0.69232
4644 0.69821
4645 0.71126
4646 0.71921
4647 0.72338
4648 0.7256
4649 0.72585
4650 0.72655
4651 0.72585
4652 0.72834
4653 0.73072
4654 0.73502
4655 0.73478
4656 0.73701
4657 0.73426
4658 0.73305
4659 0.73132
4660 0.69345
4661 0.68747
4662 0.68235
4663 0.67382
4664 0.67131
4665 0.66458
4666 0.65947
4667 0.65757
4668 0.65733
4669 0.65466
4670 0.62655
4671 0.6314
4672 0.63603
4673 0.63553
4674 0.63214
4675 0.63232
4676 0.56741
4677 0.56255
4678 0.55912
4679 0.55696
4680 0.50303
4681 0.48289
4682 0.46951
4683 0.46221
4684 0.4507
4685 0.39971
4686 0.39457
4687 0.38091
4688 0.37758
4689 0.37608
4690 0.37267
4691 0.37307
4692 0.374
4693 0.37432
4694 0.37105
4695 0.37142
4696 0.37061
4697 0.36661
4698 0.37161
4699 0.37357
4700 0.38102
4701 0.37932
4702 0.38133
4703 0.38501
4704 0.38572
4705 0.39067
4706 0.39344
4707 0.39459
4708 0.39437
4709 0.39504
4710 0.39381
4711 0.41368
4712 0.43172
4713 0.43762
4714 0.47483
4715 0.48754
4716 0.49255
4717 0.51034
4718 0.5395
4719 0.54977
4720 0.57514
4721 0.57987
4722 0.5832
4723 0.58109
4724 0.58373
4725 0.58923
4726 0.58235
4727 0.58779
4728 0.5903
4729 0.58585
4730 0.55501
4731 0.55116
4732 0.54229
4733 0.54277
4734 0.54011
4735 0.53325
4736 0.52628
4737 0.51954
4738 0.51111
4739 0.49711
4740 0.49584
4741 0.48286
4742 0.47321
4743 0.46955
4744 0.46376
4745 0.44655
4746 0.4139
4747 0.40461
4748 0.39612
4749 0.39157
4750 0.35968
4751 0.34858
4752 0.34444
4753 0.33096
4754 0.30563
4755 0.30225
4756 0.28963
4757 0.28109
4758 0.27795
4759 0.26729
4760 0.25226
4761 0.24598
4762 0.23612
4763 0.22699
4764 0.22162
4765 0.20968
4766 0.19661
4767 0.19006
4768 0.17837
4769 0.1708
4770 0.16778
4771 0.15575
4772 0.14735
4773 0.14263
4774 0.1353
4775 0.12688
4776 0.12194
4777 0.10936
4778 0.09882
4779 0.09559
4780 0.08704
4781 0.07906
4782 0.07703
4783 0.07196
4784 0.06613
4785 0.06243
4786 0.05362
4787 0.0473
4788 0.04465
4789 0.03807
4790 0.03035
4791 0.02712
4792 0.02102
4793 0.01684
4794 0.01558
4795 0.01206
4796 0.00864
4797 0.00712
4798 0.00447
4799 0.002
4800 0.00092
4801 0.00068
4802 0.00061
4803 0.00048
4804 0.00045
4805 0.00045
4806 0.00044
4807 0.00045
4808 0.00045
4809 0.0004
4810 0.00037
4811 0.0003
4812 0.00028
4813 0.00028
4814 0.00025
4815 0.0003
4816 0.00035
4817 0.0004
4818 0.00038
4819 0.00031
4820 0.00037
4821 0.00035
4822 0.00032
4823 0.00028
4824 0.00026
4825 0.00026
4826 0.00031
4827 0.00029
4828 0.00029
4829 0.00024
4830 0.00025
4831 0.00023
4832 0.00025
4833 0.00025
4834 0.00241
4835 0.00239
4836 0.00207
4837 0.00214
4838 0.00226
4839 0.00231
4840 0.00264
4841 0.00262
4842 0.00259
4843 0.00275
4844 0.00279
4845 0.00327
4846 0.00305
4847 0.00311
4848 0.00311
4849 0.00318
4850 0.00312
4851 0.00321
4852 0.00337
4853 0.00342
4854 0.00325
4855 0.00368
4856 0.00369
4857 0.00363
4858 0.00364
4859 0.00367
4860 0.00359
4861 0.00358
4862 0.00362
4863 0.00354
4864 0.0032
4865 0.00311
4866 0.00277
4867 0.00274
4868 0.00269
4869 0.00265
4870 0.00286
4871 0.0026
4872 0.00261
4873 0.00241
4874 0.00235
4875 0.00213
4876 0.00207
4877 0.00215
4878 0.00194
4879 0.00195
4880 0.00189
4881 0.00168
4882 0.00178
4883 0.00178
4884 0.00191
4885 0.00217
4886 0.00203
4887 0.00221
4888 0.0022
4889 0.00205
4890 0.00189
4891 0.00194
4892 0.00176
4893 0.00185
4894 0.00172
4895 0.00153
4896 0.00147
4897 0.00122
4898 0.00098
4899 0.00073
4900 0.00057
4901 0.00058
4902 0.00047
4903 0.0004
4904 0.00029
4905 0.00029
4906 0.00028
4907 0.00029
4908 0.00023
4909 0.00011
4910 0.0001
4911 9e-05
4912 9e-05
4913 0.0001
4914 0.0001
4915 0.00012
4916 0.0015
4917 0.01263
4918 0.02491
4919 0.03076
4920 0.0395
4921 0.04452
4922 0.04583
4923 0.04797
4924 0.05064
4925 0.05127
4926 0.05989
4927 0.07272
4928 0.08016
4929 0.09194
4930 0.10316
4931 0.1086
4932 0.11476
4933 0.11741
4934 0.1184
4935 0.12004
4936 0.12355
4937 0.12438
4938 0.124
4939 0.13202
4940 0.1325
4941 0.13255
4942 0.13169
4943 0.13187
4944 0.13256
4945 0.13273
4946 0.13107
4947 0.13193
4948 0.13412
4949 0.13201
4950 0.12763
4951 0.12187
4952 0.11908
4953 0.11379
4954 0.10919
4955 0.10735
4956 0.09896
4957 0.09451
4958 0.09299
4959 0.09008
4960 0.08646
4961 0.08514
4962 0.08302
4963 0.07833
4964 0.07483
4965 0.06707
4966 0.06527
4967 0.06698
4968 0.07107
4969 0.07757
4970 0.08093
4971 0.08689
4972 0.09113
4973 0.09479
4974 0.10258
4975 0.10954
4976 0.11271
4977 0.11784
4978 0.11784
4979 0.1179
4980 0.11593
4981 0.11252
4982 0.11374
4983 0.11209
4984 0.1117
4985 0.11245
4986 0.11327
4987 0.11163
4988 0.11261
4989 0.11098
4990 0.11028
4991 0.10972
4992 0.1096
4993 0.10855
4994 0.11023
4995 0.10767
4996 0.10779
4997 0.10709
4998 0.10798
4999 0.10893
5000 0.10802
5001 0.10485
5002 0.10001
5003 0.0973
5004 0.09383
5005 0.09103
5006 0.08897
5007 0.08758
5008 0.08657
5009 0.08519
5010 0.08061
5011 0.07693
5012 0.0736
5013 0.06594
5014 0.05917
5015 0.05639
5016 0.05009
5017 0.04436
5018 0.04075
5019 0.0333
5020 0.03154
5021 0.03149
5022 0.03213
5023 0.02963
5024 0.02887
5025 0.02693
5026 0.0243
5027 0.0235
5028 0.02054
5029 0.01819
5030 0.01721
5031 0.01621
5032 0.01624
5033 0.01616
5034 0.01682
5035 0.01702
5036 0.01736
5037 0.0174
5038 0.01785
5039 0.01796
5040 0.0185
5041 0.01809
5042 0.01823
5043 0.01856
5044 0.01857
5045 0.01833
5046 0.01874
5047 0.02037
5048 0.02199
5049 0.02543
5050 0.02858
5051 0.03159
5052 0.03803
5053 0.04501
5054 0.04895
5055 0.05538
5056 0.06315
5057 0.06709
5058 0.07522
5059 0.09018
5060 0.09497
5061 0.10365
5062 0.1134
5063 0.12249
5064 0.13566
5065 0.14917
5066 0.15483
5067 0.16617
5068 0.18268
5069 0.18871
5070 0.20394
5071 0.21952
5072 0.22553
5073 0.23802
5074 0.24922
5075 0.2534
5076 0.26154
5077 0.26696
5078 0.26706
5079 0.2683
5080 0.26795
5081 0.26843
5082 0.26477
5083 0.26218
5084 0.2592
5085 0.25408
5086 0.23671
5087 0.23738
5088 0.23093
5089 0.21315
5090 0.2099
5091 0.20466
5092 0.18774
5093 0.18421
5094 0.17875
5095 0.17499
5096 0.17451
5097 0.17535
5098 0.16827
5099 0.16456
5100 0.15866
5101 0.15091
5102 0.14659
5103 0.13901
5104 0.12945
5105 0.12563
5106 0.11762
5107 0.11262
5108 0.10782
5109 0.101
5110 0.09655
5111 0.09562
5112 0.09271
5113 0.09058
5114 0.09098
5115 0.08443
5116 0.08223
5117 0.08061
5118 0.0737
5119 0.06312
5120 0.06092
5121 0.05063
5122 0.04105
5123 0.03556
5124 0.02659
5125 0.0179
5126 0.01498
5127 0.00862
5128 0.00369
5129 0.00171
5130 0.00048
5131 0.00039
5132 0.00039
5133 0.00037
5134 0.00054
5135 0.00047
5136 0.00042
5137 0.00038
5138 0.00036
5139 0.00035
5140 0.00035
5141 0.00033
5142 0.00033
5143 0.00032
5144 0.00032
5145 0.00031
5146 0.00031
5147 0.00028
5148 0.00027
5149 0.00025
5150 0.00025
5151 0.00025
5152 0.00025
5153 0.00025
5154 0.00025
5155 0.00025
5156 0.00028
5157 0.00028
5158 0.00027
5159 0.00045
5160 0.00039
5161 0.00033
5162 0.00023
5163 0.00024
5164 0.00024
5165 0.00024
5166 0.00023
5167 0.00024
5168 0.00022
5169 0.00021
5170 0.0002
5171 0.0002
5172 0.00022
5173 0.00023
5174 0.00023
5175 0.00022
5176 0.00021
5177 0.00021
5178 0.00022
5179 0.00022
5180 0.00019
5181 0.00018
5182 0.00016
5183 0.00016
5184 5e-05
5185 5e-05
5186 5e-05
5187 5e-05
5188 4e-05
5189 2e-05
5190 2e-05
5191 2e-05
5192 0
5193 0
5194 0
5195 0.00027
5196 0.00025
5197 0.00026
5198 0.00024
5199 0.00021
5200 0.00021
5201 0.00019
5202 0.00021
5203 0.00017
5204 0.00017
5205 0.00016
5206 0.00013
5207 0.00014
5208 0.00013
5209 0.00011
5210 0.00015
5211 0.00018
5212 0.00018
5213 0.00017
5214 0.0002
5215 0.00021
5216 0.00023
5217 0.00024
5218 0.00024
5219 0.00024
5220 0.0004
5221 0.0003
5222 0.00029
5223 0.00024
5224 0.00023
5225 0.00024
5226 0.00023
5227 0.00022
5228 0.00022
5229 0.0002
5230 0.00022
5231 0.00019
5232 0.00019
5233 0.0002
5234 0.0002
5235 0.0002
5236 0.0002
5237 0.0002
5238 0.00019
5239 0.00017
5240 0.00018
5241 0.00017
5242 0.00015
5243 0.00015
5244 0.00015
5245 0.00032
5246 0.00027
5247 0.00028
5248 0.00028
5249 0.00027
5250 0.00027
5251 0.00027
5252 0.00029
5253 0.00028
5254 0.00026
5255 0.0002
5256 0.00017
5257 0.00464
5258 0.01475
5259 0.0203
5260 0.03164
5261 0.04068
5262 0.04574
5263 0.05378
5264 0.06034
5265 0.06137
5266 0.06393
5267 0.06641
5268 0.06771
5269 0.07136
5270 0.07232
5271 0.0741
5272 0.07437
5273 0.07466
5274 0.07538
5275 0.0754
5276 0.07529
5277 0.07548
5278 0.07579
5279 0.07584
5280 0.07584
5281 0.07593
5282 0.07638
5283 0.07663
5284 0.07687
5285 0.07689
5286 0.0766
5287 0.07658
5288 0.07794
5289 0.0819
5290 0.09139
5291 0.10269
5292 0.1095
5293 0.12171
5294 0.13071
5295 0.13531
5296 0.14413
5297 0.15386
5298 0.15633
5299 0.16139
5300 0.16485
5301 0.16673
5302 0.16912
5303 0.18344
5304 0.18603
5305 0.19188
5306 0.19362
5307 0.19362
5308 0.19427
5309 0.19618
5310 0.19645
5311 0.19694
5312 0.19538
5313 0.19542
5314 0.19401
5315 0.19254
5316 0.19286
5317 0.19215
5318 0.19196
5319 0.19028
5320 0.19546
5321 0.19214
5322 0.19256
5323 0.18882
5324 0.18648
5325 0.18408
5326 0.18204
5327 0.17983
5328 0.18187
5329 0.18689
5330 0.19551
5331 0.19994
5332 0.20596
5333 0.21226
5334 0.21591
5335 0.22283
5336 0.227
5337 0.2271
5338 0.22824
5339 0.22725
5340 0.22735
5341 0.22731
5342 0.22819
5343 0.22685
5344 0.22811
5345 0.2272
5346 0.2272
5347 0.22684
5348 0.22623
5349 0.22569
5350 0.22663
5351 0.23095
5352 0.23397
5353 0.24491
5354 0.2572
5355 0.26287
5356 0.27483
5357 0.28663
5358 0.29306
5359 0.30399
5360 0.31101
5361 0.31322
5362 0.3164
5363 0.30686
5364 0.30638
5365 0.30391
5366 0.30492
5367 0.30366
5368 0.29818
5369 0.29654
5370 0.2929
5371 0.29362
5372 0.29424
5373 0.29447
5374 0.29433
5375 0.29561
5376 0.29536
5377 0.29524
5378 0.29647
5379 0.29566
5380 0.29622
5381 0.29485
5382 0.29427
5383 0.29522
5384 0.29413
5385 0.29364
5386 0.29843
5387 0.30189
5388 0.30421
5389 0.30794
5390 0.31102
5391 0.31241
5392 0.31692
5393 0.32082
5394 0.32232
5395 0.32647
5396 0.33046
5397 0.33192
5398 0.33213
5399 0.33215
5400 0.33201
5401 0.33228
5402 0.3328
5403 0.33309
5404 0.33213
5405 0.33312
5406 0.33387
5407 0.33584
5408 0.3368
5409 0.33822
5410 0.33735
5411 0.33793
5412 0.33727
5413 0.33615
5414 0.33737
5415 0.33645
5416 0.34051
5417 0.34759
5418 0.35236
5419 0.35993
5420 0.36938
5421 0.37246
5422 0.37592
5423 0.38288
5424 0.38604
5425 0.3892
5426 0.39247
5427 0.39312
5428 0.39489
5429 0.39507
5430 0.39394
5431 0.39588
5432 0.39782
5433 0.39865
5434 0.40015
5435 0.40295
5436 0.405
5437 0.4052
5438 0.40772
5439 0.40859
5440 0.41352
5441 0.41703
5442 0.41957
5443 0.42264
5444 0.4269
5445 0.42702
5446 0.42986
5447 0.43386
5448 0.43589
5449 0.4406
5450 0.44553
5451 0.44673
5452 0.44952
5453 0.4514
5454 0.45244
5455 0.45399
5456 0.4555
5457 0.45642
5458 0.45518
5459 0.45371
5460 0.45363
5461 0.45269
5462 0.45746
5463 0.45808
5464 0.45818
5465 0.45907
5466 0.45981
5467 0.4585
5468 0.45865
5469 0.45883
5470 0.45822
5471 0.45655
5472 0.45603
5473 0.45346
5474 0.45203
5475 0.45135
5476 0.44965
5477 0.44878
5478 0.44857
5479 0.44986
5480 0.45243
5481 0.45315
5482 0.45617
5483 0.45902
5484 0.45976
5485 0.46268
5486 0.4666
5487 0.46943
5488 0.4722
5489 0.47563
5490 0.47768
5491 0.48182
5492 0.48396
5493 0.48726
5494 0.49078
5495 0.50394
5496 0.50502
5497 0.50842
5498 0.51037
5499 0.51657
5500 0.52207
5501 0.52895
5502 0.53917
5503 0.5488
5504 0.55247
5505 0.55621
5506 0.56041
5507 0.57883
5508 0.58164
5509 0.58943
5510 0.60176
5511 0.60736
5512 0.61412
5513 0.6194
5514 0.6215
5515 0.62559
5516 0.62891
5517 0.6301
5518 0.63207
5519 0.63828
5520 0.68
5521 0.68499
5522 0.6883
5523 0.68926
5524 0.69366
5525 0.69794
5526 0.70011
5527 0.70412
5528 0.71402
5529 0.72279
5530 0.74078
5531 0.75886
5532 0.76651
5533 0.77402
5534 0.78427
5535 0.79149
5536 0.7975
5537 0.80116
5538 0.80645
5539 0.80658
5540 0.81031
5541 0.81127
5542 0.81134
5543 0.81307
5544 0.81313
5545 0.84462
5546 0.84544
5547 0.84827
5548 0.84569
5549 0.84533
5550 0.84573
5551 0.84415
5552 0.84594
5553 0.84445
5554 0.84235
5555 0.84033
5556 0.84068
5557 0.84225
5558 0.84285
5559 0.84161
5560 0.8409
5561 0.83925
5562 0.83917
5563 0.83732
5564 0.8364
5565 0.83622
5566 0.83879
5567 0.83656
5568 0.83504
5569 0.83358
5570 0.83461
5571 0.83459
5572 0.83398
5573 0.83332
5574 0.83249
5575 0.83514
5576 0.83575
5577 0.83418
5578 0.83266
5579 0.83158
5580 0.83207
5581 0.82909
5582 0.83124
5583 0.83029
5584 0.83109
5585 0.83155
5586 0.83346
5587 0.83946
5588 0.84876
5589 0.85187
5590 0.86064
5591 0.86185
5592 0.8657
5593 0.86731
5594 0.86677
5595 0.87941
5596 0.87858
5597 0.87837
5598 0.87861
5599 0.87843
5600 0.87827
5601 0.8787
5602 0.87794
5603 0.87843
5604 0.87782
5605 0.87836
5606 0.8779
5607 0.87692
5608 0.87673
5609 0.87649
5610 0.87638
5611 0.87539
5612 0.87523
5613 0.87502
5614 0.87467
5615 0.87444
5616 0.87351
5617 0.87357
5618 0.87257
5619 0.87257
5620 0.87492
5621 0.87537
5622 0.87519
5623 0.87583
5624 0.87514
5625 0.87559
5626 0.87616
5627 0.87585
5628 0.87568
5629 0.87583
5630 0.87546
5631 0.87609
5632 0.87584
5633 0.87608
5634 0.87618
5635 0.87638
5636 0.87695
5637 0.87705
5638 0.87672
5639 0.87671
5640 0.87686
5641 0.87777
5642 0.87832
5643 0.87934
5644 0.87859
5645 0.87712
5646 0.87606
5647 0.87636
5648 0.87627
5649 0.87704
5650 0.87723
5651 0.87792
5652 0.87688
5653 0.8767
5654 0.87591
5655 0.87538
5656 0.87506
5657 0.875
5658 0.87434
5659 0.87492
5660 0.87489
5661 0.87515
5662 0.87495
5663 0.87498
5664 0.87528
5665 0.87515
5666 0.87561
5667 0.87568
5668 0.87645
5669 0.87653
5670 0.87502
5671 0.87462
5672 0.87521
5673 0.87565
5674 0.87617
5675 0.87584
5676 0.8761
5677 0.87683
5678 0.8772
5679 0.87722
5680 0.87733
5681 0.87701
5682 0.87679
5683 0.87704
5684 0.87664
5685 0.87655
5686 0.87606
5687 0.8761
5688 0.87586
5689 0.87623
5690 0.87592
5691 0.87624
5692 0.87629
5693 0.87679
5694 0.87657
5695 0.87591
5696 0.87596
5697 0.87556
5698 0.87605
5699 0.87607
5700 0.87592
5701 0.87599
5702 0.87602
5703 0.8759
5704 0.87563
5705 0.87534
5706 0.87484
5707 0.8747
5708 0.87463
5709 0.87456
5710 0.87423
5711 0.8735
5712 0.87148
5713 0.87029
5714 0.87017
5715 0.86857
5716 0.8687
5717 0.86805
5718 0.86794
5719 0.86782
5720 0.86462
5721 0.86421
5722 0.86396
5723 0.86395
5724 0.86368
5725 0.8638
5726 0.86403
5727 0.86408
5728 0.86425
5729 0.86408
5730 0.86413
5731 0.86379
5732 0.86353
5733 0.8632
5734 0.86313
5735 0.86277
5736 0.86279
5737 0.86266
