0.067 0.0753275 0.146465
0.268 0.0786275 0.0655675
0.469 0.0922075 0.075785
0.67 0.105085 0.08376
0.871 0.10911 0.08537
1.072 0.113003 0.0816875
1.273 0.114837 0.07504
1.474 0.11601 0.078795
1.675 0.119947 0.069055
1.876 0.1273 0.0896225
2.077 0.130315 0.0915175
2.278 0.130947 0.085275
2.479 0.13078 0.0796
2.68 0.131683 0.0739275
2.881 0.13295 0.0806975
3.082 0.135395 0.0878825
3.283 0.135585 0.0786075
3.484 0.135797 0.0727025
3.685 0.134662 0.0628425
3.886 0.13324 0.0646225
4.087 0.132617 0.0625725
4.288 0.132552 0.05957
4.489 0.133785 0.054
4.69 0.134353 0.05755
4.891 0.137293 0.0539725
5.092 0.140363 0.0546925
5.293 0.142363 0.0517375
5.494 0.14895 0.0539675
5.695 0.165673 0.0681925
5.896 0.182973 0.09158
6.097 0.19941 0.111783
6.298 0.20292 0.11739
6.499 0.205058 0.136027
6.7 0.20732 0.133862
6.901 0.208058 0.132475
7.102 0.205405 0.12426
7.303 0.212838 0.121905
7.504 0.22458 0.126592
7.705 0.234178 0.1369
7.906 0.240755 0.140185
8.107 0.238325 0.15056
8.308 0.238015 0.147105
8.509 0.238588 0.14837
8.71 0.24146 0.147258
8.911 0.248548 0.150828
9.112 0.252242 0.152535
9.313 0.25573 0.155048
9.514 0.254397 0.153998
9.715 0.25263 0.157053
9.916 0.248567 0.153278
10.117 0.24493 0.150493
10.318 0.242083 0.147762
10.519 0.237505 0.142058
10.72 0.23393 0.13518
10.921 0.231068 0.127513
11.122 0.229123 0.12014
11.323 0.227837 0.115985
11.524 0.2282 0.112407
11.725 0.226603 0.107268
11.926 0.224763 0.10437
12.127 0.225015 0.102383
12.328 0.22419 0.0987425
12.529 0.221642 0.0942675
12.73 0.22163 0.0896725
12.931 0.221222 0.0847975
13.132 0.222043 0.085705
13.333 0.222062 0.08117
13.534 0.22275 0.0774225
13.735 0.22349 0.0736675
13.936 0.222405 0.0669975
14.137 0.222647 0.062565
14.338 0.222037 0.056405
14.539 0.22156 0.051535
14.74 0.222048 0.054645
14.941 0.22134 0.04847
15.142 0.22095 0.0464275
15.343 0.220653 0.04466
15.544 0.220435 0.0422925
15.745 0.221205 0.0421625
15.946 0.220837 0.0378675
16.147 0.219872 0.033465
16.348 0.221535 0.0326925
16.549 0.22121 0.0354575
16.75 0.220403 0.03248
16.951 0.219257 0.0310775
17.152 0.219045 0.0293625
17.353 0.219408 0.0287575
17.554 0.218713 0.0277475
17.755 0.218798 0.0279925
17.956 0.218335 0.0273375
18.157 0.218565 0.028405
18.358 0.218273 0.0261125
18.559 0.217587 0.024525
18.76 0.216625 0.0227575
18.961 0.21685 0.02458
19.162 0.21764 0.0266475
19.363 0.21582 0.0262275
19.564 0.21439 0.02381
19.765 0.21514 0.02371
19.966 0.21508 0.0217375
20.167 0.214753 0.0211875
20.368 0.214842 0.020725
20.569 0.214745 0.0210175
20.77 0.21567 0.02426
20.971 0.215957 0.02733
21.172 0.218048 0.029325
21.373 0.217528 0.028395
21.574 0.218895 0.032865
21.775 0.219427 0.0320925
21.976 0.21962 0.032075
22.177 0.219218 0.031295
22.378 0.219222 0.03063
22.579 0.2192 0.0297575
22.78 0.219998 0.0296725
22.981 0.225633 0.0341825
23.182 0.23134 0.0448825
23.383 0.23302 0.045845
23.584 0.23263 0.0434025
23.785 0.231877 0.0429175
23.986 0.2316 0.0414875
24.187 0.231495 0.0414025
24.388 0.230935 0.0409625
24.589 0.23047 0.0405475
24.79 0.229112 0.0394
24.991 0.228428 0.0374175
25.192 0.227422 0.0361325
25.393 0.226687 0.035135
25.594 0.226387 0.0338525
25.795 0.227873 0.036805
25.996 0.232283 0.0419775
26.197 0.237835 0.0510775
26.398 0.23954 0.0564575
26.599 0.243223 0.062345
26.8 0.244938 0.065385
27.001 0.247113 0.0687675
27.202 0.25021 0.07577
27.403 0.255358 0.0849075
27.604 0.261593 0.100223
27.805 0.273008 0.117313
28.006 0.283505 0.13079
28.207 0.29205 0.158568
28.408 0.304152 0.17006
28.609 0.31727 0.187358
28.81 0.3297 0.203967
29.011 0.342357 0.219365
29.212 0.355372 0.234712
29.413 0.363835 0.24546
29.614 0.371273 0.259093
29.815 0.383105 0.281382
30.016 0.38685 0.289033
30.217 0.393027 0.296895
30.418 0.398695 0.302932
30.619 0.40275 0.306907
30.82 0.406488 0.315677
31.021 0.410712 0.322195
31.222 0.41189 0.326512
31.423 0.41259 0.327795
31.624 0.418177 0.337062
31.825 0.418237 0.33784
32.026 0.41677 0.33842
32.227 0.416673 0.33887
32.428 0.41654 0.33788
32.629 0.416332 0.337367
32.83 0.41516 0.336615
33.031 0.41588 0.336027
33.232 0.41647 0.340375
33.433 0.419058 0.342357
33.634 0.43283 0.353295
33.835 0.452827 0.363293
34.036 0.465925 0.371235
34.237 0.474287 0.375915
34.438 0.477938 0.375667
34.639 0.486183 0.37476
34.84 0.507308 0.3809
35.041 0.517373 0.380323
35.242 0.526425 0.379698
35.443 0.531255 0.372727
35.644 0.53248 0.367285
35.845 0.535088 0.364515
36.046 0.53516 0.360255
36.247 0.533253 0.357245
36.448 0.533317 0.356125
36.649 0.532145 0.362135
36.85 0.52992 0.357287
37.051 0.527632 0.349328
37.252 0.524955 0.34111
37.453 0.52287 0.333618
37.654 0.521023 0.32559
37.855 0.518605 0.3197
38.056 0.51698 0.316497
38.257 0.519277 0.313428
38.458 0.525713 0.31656
38.659 0.53502 0.320153
38.86 0.5461 0.32493
39.061 0.558318 0.328568
39.262 0.571732 0.332068
39.463 0.584438 0.336193
39.664 0.595598 0.33981
39.865 0.62291 0.371915
40.066 0.639593 0.399292
40.267 0.651275 0.412838
40.468 0.658038 0.420525
40.669 0.672455 0.43067
40.87 0.686447 0.466313
41.071 0.693928 0.474903
41.272 0.696785 0.481795
41.473 0.69756 0.484025
41.674 0.708387 0.51266
41.875 0.708395 0.507992
42.076 0.707125 0.505232
42.277 0.71067 0.508648
42.478 0.7146 0.508317
42.679 0.717657 0.505515
42.88 0.720167 0.502705
43.081 0.720847 0.49923
43.282 0.741375 0.514968
43.483 0.744433 0.510713
43.684 0.746938 0.50606
43.885 0.74852 0.50279
44.086 0.749263 0.4989
44.287 0.748962 0.49429
44.488 0.749892 0.492805
44.689 0.748827 0.488725
44.89 0.748 0.486532
45.091 0.747247 0.482517
45.292 0.746452 0.47562
45.493 0.745997 0.470403
45.694 0.747323 0.462595
45.895 0.746205 0.45327
46.096 0.745263 0.445333
46.297 0.744968 0.438688
46.498 0.744393 0.43129
46.699 0.749997 0.428652
46.9 0.749117 0.418573
47.101 0.748807 0.410948
47.302 0.75126 0.405085
47.503 0.75356 0.399215
47.704 0.75822 0.392923
47.905 0.759315 0.386923
48.106 0.770315 0.382812
48.307 0.81699 0.396352
48.508 0.817747 0.38539
48.709 0.818067 0.37804
48.91 0.817943 0.370375
49.111 0.820163 0.362698
49.312 0.827368 0.356343
49.513 0.832395 0.347803
49.714 0.83767 0.336445
49.915 0.8547 0.333217
50.116 0.856468 0.319805
50.317 0.86205 0.310485
50.518 0.862587 0.300542
50.719 0.863533 0.28779
50.92 0.863818 0.273665
51.121 0.868578 0.267235
51.322 0.87069 0.260383
51.523 0.873493 0.254582
51.724 0.88641 0.270352
51.925 0.886842 0.259622
52.126 0.886252 0.24867
52.327 0.886085 0.237412
52.528 0.88535 0.22781
52.729 0.885032 0.221057
52.93 0.883933 0.216743
53.131 0.883032 0.214517
53.332 0.878755 0.201327
53.533 0.876763 0.199708
53.734 0.873193 0.194885
53.935 0.870352 0.193025
54.136 0.868223 0.189545
54.337 0.870742 0.187688
54.538 0.87968 0.189435
54.739 0.882135 0.188273
54.94 0.885425 0.21385
55.141 0.885707 0.208898
55.342 0.886845 0.208037
55.543 0.887023 0.205643
55.744 0.88817 0.202923
55.945 0.887925 0.198607
56.146 0.888365 0.19378
56.347 0.888842 0.189575
56.548 0.889118 0.184117
56.749 0.88962 0.193555
56.95 0.889215 0.187608
57.151 0.889417 0.182012
57.352 0.889255 0.176435
57.553 0.88887 0.172865
57.754 0.888898 0.16775
57.955 0.88927 0.163535
58.156 0.88931 0.159257
58.357 0.888687 0.158397
58.558 0.888985 0.154188
58.759 0.889295 0.150617
58.96 0.889795 0.147787
59.161 0.889182 0.14228
59.362 0.889402 0.137348
59.563 0.88965 0.1313
59.764 0.889495 0.126773
59.965 0.889293 0.123503
60.166 0.88945 0.12046
60.367 0.889408 0.116775
60.568 0.889628 0.112225
60.769 0.889938 0.10885
60.97 0.890235 0.102855
61.171 0.890502 0.099695
61.372 0.890572 0.09506
61.573 0.890402 0.0874775
61.774 0.890338 0.08287
61.975 0.89082 0.0793725
62.176 0.89064 0.075725
62.377 0.888443 0.07602
62.578 0.888868 0.0716025
62.779 0.889135 0.0707175
62.98 0.889563 0.07177
63.181 0.888985 0.0710575
63.382 0.888615 0.0680875
63.583 0.888862 0.064895
63.784 0.888737 0.061635
63.985 0.89008 0.0635975
64.186 0.890077 0.0601525
64.387 0.889885 0.0563825
64.588 0.889775 0.0537775
64.789 0.889593 0.052065
64.99 0.889502 0.0511325
65.191 0.889235 0.050775
65.392 0.888487 0.0481625
65.593 0.887595 0.04761
65.794 0.886578 0.0521275
65.995 0.88667 0.0504375
66.196 0.886962 0.04837
66.397 0.887973 0.0463
66.598 0.88861 0.04549
66.799 0.888515 0.0444475
67 0.889232 0.044125
67.201 0.889692 0.04351
67.402 0.889848 0.0466525
67.603 0.88991 0.045115
67.804 0.886528 0.047135
68.005 0.886485 0.04446
68.206 0.886432 0.042235
68.407 0.887085 0.0402125
68.608 0.88666 0.0386225
68.809 0.88655 0.037425
69.01 0.886783 0.03662
69.211 0.886857 0.0358125
69.412 0.887617 0.03829
69.613 0.887245 0.0361
69.814 0.887315 0.0349
70.015 0.887517 0.0339575
70.216 0.886985 0.0334775
70.417 0.887217 0.03178
70.618 0.887537 0.0308275
70.819 0.887378 0.029605
71.02 0.888058 0.028165
71.221 0.88695 0.0311925
71.422 0.886515 0.0290575
71.623 0.886845 0.027285
71.824 0.886625 0.0261625
72.025 0.88672 0.0247975
72.226 0.886872 0.0238225
72.427 0.887003 0.023325
72.628 0.886898 0.023555
72.829 0.885153 0.030125
73.03 0.885615 0.0289
73.231 0.88536 0.02864
73.432 0.885432 0.028325
73.633 0.88571 0.0283475
73.834 0.885595 0.02796
74.035 0.885652 0.0272225
74.236 0.885792 0.02635
74.437 0.885132 0.0314425
74.638 0.884935 0.028875
74.839 0.885335 0.0271275
75.04 0.886243 0.026485
75.241 0.886635 0.025705
75.442 0.886108 0.0257475
75.643 0.88557 0.028835
75.844 0.885648 0.0305575
76.045 0.885822 0.03031
76.246 0.88699 0.0338075
76.447 0.88723 0.03126
76.648 0.886602 0.02968
76.849 0.886763 0.0302525
77.05 0.887583 0.030525
77.251 0.888713 0.0288625
77.452 0.888633 0.0276225
77.653 0.888215 0.027225
77.854 0.886045 0.03338
78.055 0.885783 0.0318
78.256 0.886585 0.030205
78.457 0.88713 0.028045
78.658 0.887155 0.026675
78.859 0.88745 0.0252225
79.06 0.88741 0.0232675
79.261 0.887715 0.023615
79.462 0.885973 0.0273675
79.663 0.88626 0.0249875
79.864 0.88609 0.0219025
80.065 0.886387 0.0209125
80.266 0.886815 0.01868
80.467 0.887385 0.016675
80.668 0.88751 0.0154925
80.869 0.88745 0.0148275
81.07 0.887478 0.0145875
81.271 0.888563 0.0179225
81.472 0.888188 0.017095
81.673 0.888197 0.016125
81.874 0.888203 0.01576
82.075 0.88873 0.015835
82.276 0.888672 0.01663
82.477 0.888792 0.0183875
82.678 0.888097 0.0214475
82.879 0.888073 0.0247075
83.08 0.887097 0.0241975
83.281 0.887177 0.025055
83.482 0.88795 0.0262225
83.683 0.88813 0.0245425
83.884 0.887243 0.0231875
84.085 0.887073 0.0226425
84.286 0.887135 0.021935
84.487 0.88524 0.0267275
84.688 0.885957 0.0247325
84.889 0.886267 0.023085
85.09 0.885715 0.0228
85.291 0.886127 0.0224
85.492 0.887138 0.02233
85.693 0.88788 0.0226775
85.894 0.887578 0.0213775
86.095 0.88779 0.0214825
86.296 0.886918 0.025595
86.497 0.886977 0.02617
86.698 0.88683 0.0273775
86.899 0.887042 0.02797
87.1 0.887985 0.0251825
87.301 0.888325 0.0231525
87.502 0.888095 0.0227375
87.703 0.88867 0.0216725
87.904 0.887622 0.0229625
88.105 0.887275 0.019035
88.306 0.88793 0.017295
88.507 0.888423 0.01711
88.708 0.888572 0.016625
88.909 0.8887 0.016015
89.11 0.888695 0.015035
89.311 0.88862 0.0140125
89.512 0.887927 0.0198275
89.713 0.887898 0.0184
89.914 0.88801 0.0191425
90.115 0.88782 0.02024
90.316 0.887535 0.022585
90.517 0.887162 0.0259675
90.718 0.88701 0.029675
90.919 0.88713 0.0343375
91.12 0.88709 0.03756
91.321 0.886537 0.0452725
91.522 0.886552 0.0439625
91.723 0.886807 0.04412
91.924 0.88841 0.0441475
92.125 0.88848 0.0435875
92.326 0.888625 0.0438275
92.527 0.888877 0.0431275
92.728 0.888628 0.0420575
92.929 0.889347 0.0463775
93.13 0.889092 0.0446675
93.331 0.889595 0.0438175
93.532 0.890408 0.043535
93.733 0.890595 0.042965
93.934 0.89117 0.0432825
94.135 0.891545 0.0426475
94.336 0.891783 0.04267
94.537 0.89129 0.047485
94.738 0.890695 0.04658
94.939 0.891 0.04885
95.14 0.89075 0.051455
95.341 0.891365 0.0564
95.542 0.890445 0.0660775
95.743 0.890308 0.08276
95.944 0.889583 0.0969325
96.145 0.889583 0.113403
96.346 0.89041 0.135045
96.547 0.889085 0.154473
96.748 0.888898 0.175833
96.949 0.889065 0.2048
97.15 0.888922 0.23178
97.351 0.889458 0.25465
97.552 0.88954 0.277615
97.753 0.889475 0.300368
97.954 0.89138 0.326103
98.155 0.893373 0.345865
98.356 0.894253 0.379148
98.557 0.895175 0.417492
98.758 0.894728 0.447877
98.959 0.894733 0.46974
99.16 0.894065 0.482828
99.361 0.892763 0.503387
99.562 0.892465 0.52252
99.763 0.894217 0.529628
99.964 0.895927 0.548015
100.165 0.89531 0.57987
100.366 0.89585 0.600838
100.567 0.89752 0.613167
100.768 0.898112 0.62052
100.969 0.898687 0.628305
101.17 0.901218 0.632907
101.371 0.904987 0.647083
101.572 0.90437 0.655432
101.773 0.904767 0.661227
101.974 0.902632 0.672682
102.175 0.903528 0.67896
102.376 0.90507 0.686647
102.577 0.905693 0.698845
102.778 0.902402 0.697805
102.979 0.901068 0.69439
103.18 0.899798 0.678907
103.381 0.896913 0.696292
103.582 0.899068 0.69732
103.783 0.897705 0.695095
103.984 0.88888 0.698395
104.185 0.88275 0.705245
104.386 0.884687 0.708492
104.587 0.88622 0.711465
104.788 0.886635 0.712688
104.989 0.8867 0.7086
105.19 0.885877 0.717732
105.391 0.885177 0.723073
105.592 0.890267 0.72177
105.793 0.895605 0.72159
105.994 0.90075 0.720097
106.195 0.90019 0.707048
106.396 0.897755 0.690233
106.597 0.894192 0.681937
106.798 0.890687 0.684535
106.999 0.89235 0.678917
107.2 0.88929 0.688227
107.401 0.891338 0.720882
107.602 0.88875 0.74253
107.803 0.894068 0.723315
108.004 0.899365 0.72849
108.205 0.900153 0.735167
108.406 0.899478 0.72808
108.607 0.89879 0.719867
108.808 0.902033 0.736925
109.009 0.907652 0.74402
109.21 0.915218 0.744935
109.411 0.918525 0.724838
109.612 0.918725 0.70413
109.813 0.916942 0.687055
110.014 0.9154 0.671985
110.215 0.912055 0.660447
110.416 0.91209 0.63764
110.617 0.911637 0.644247
110.818 0.909722 0.635583
111.019 0.90428 0.625618
111.22 0.90285 0.620627
111.421 0.89997 0.62327
111.622 0.898613 0.631223
111.823 0.901968 0.637173
112.024 0.908652 0.626217
112.225 0.908995 0.595095
112.426 0.904435 0.59195
112.627 0.89375 0.602607
112.828 0.884255 0.597768
113.029 0.87335 0.589067
113.23 0.868123 0.58359
113.431 0.870247 0.58567
113.632 0.869395 0.602407
113.833 0.867075 0.630537
114.034 0.866997 0.64083
114.235 0.86779 0.631517
114.436 0.859527 0.61732
114.637 0.8392 0.606755
114.838 0.827778 0.605132
115.039 0.822442 0.607245
115.24 0.81936 0.607847
115.441 0.819078 0.598093
115.642 0.814647 0.59452
115.843 0.809787 0.591122
116.044 0.79215 0.585368
116.245 0.73199 0.589657
116.446 0.65329 0.573717
116.647 0.605367 0.545277
116.848 0.565253 0.52764
117.049 0.55495 0.524212
117.25 0.506537 0.486627
117.451 0.488413 0.463882
117.652 0.480127 0.465815
117.853 0.471973 0.469873
118.054 0.463635 0.464797
118.255 0.456827 0.449565
118.456 0.47511 0.46314
118.657 0.476903 0.465485
118.858 0.490155 0.48064
119.059 0.491808 0.486868
119.26 0.474425 0.491762
119.461 0.45843 0.48389
119.662 0.44667 0.470143
119.863 0.425615 0.460298
120.064 0.408882 0.44058
120.265 0.39243 0.41625
120.466 0.382642 0.402525
120.667 0.387908 0.40322
120.868 0.389675 0.399595
121.069 0.39226 0.406558
121.27 0.397688 0.409915
121.471 0.387157 0.3874
121.672 0.373345 0.373175
121.873 0.37086 0.369315
122.074 0.373895 0.352758
122.275 0.368715 0.344025
122.476 0.35686 0.346262
122.677 0.344555 0.330715
122.878 0.331267 0.316075
123.079 0.31746 0.291025
123.28 0.303328 0.278502
123.481 0.28249 0.255603
123.682 0.266245 0.25286
123.883 0.248475 0.238097
124.084 0.22494 0.227593
124.285 0.21519 0.216317
124.486 0.220447 0.221485
124.687 0.213108 0.222245
124.888 0.19705 0.2158
125.089 0.190075 0.226493
125.29 0.210657 0.25756
125.491 0.22332 0.279145
125.692 0.227335 0.28184
125.893 0.236207 0.287637
126.094 0.254592 0.30014
126.295 0.27059 0.293085
126.496 0.29662 0.292957
126.697 0.319462 0.303075
126.898 0.339035 0.333433
127.099 0.340715 0.33694
127.3 0.360467 0.35459
127.501 0.420023 0.395637
127.702 0.472658 0.430688
127.903 0.488623 0.445663
128.104 0.466622 0.42332
128.305 0.452058 0.413282
128.506 0.436515 0.393788
128.707 0.423378 0.384825
128.908 0.412488 0.377945
129.109 0.377223 0.354315
129.31 0.353875 0.346415
129.511 0.314623 0.309677
129.712 0.295215 0.294733
129.913 0.283275 0.273775
130.114 0.271143 0.261277
130.315 0.265025 0.25634
130.516 0.24056 0.228947
130.717 0.216558 0.205597
130.918 0.1875 0.176132
131.119 0.164617 0.15004
131.32 0.140327 0.127032
131.521 0.115873 0.10286
131.722 0.09098 0.0852
131.923 0.063595 0.0651225
132.124 0.033575 0.04604
132.325 0.01816 0.0388575
132.526 0.0088075 0.0367775
132.727 0.0077625 0.0348925
132.928 0.00697 0.0344075
133.129 0.00551 0.03345
133.33 0.0045525 0.032155
133.531 0.004605 0.0313025
133.732 0.0043875 0.0308
133.933 0.0040825 0.0316275
134.134 0.0176025 0.04027
134.335 0.050825 0.068905
134.536 0.090875 0.109452
134.737 0.1355 0.153255
134.938 0.180455 0.18982
135.139 0.236423 0.237735
135.34 0.29006 0.28795
135.541 0.316912 0.332813
135.742 0.36032 0.354507
135.943 0.398558 0.382628
136.144 0.405155 0.387682
136.345 0.390732 0.38184
136.546 0.35571 0.336415
136.747 0.334685 0.3178
136.948 0.283627 0.267373
137.149 0.260062 0.263085
137.35 0.238825 0.250902
137.551 0.21903 0.213353
137.752 0.197515 0.1871
137.953 0.173613 0.168923
138.154 0.13535 0.149075
138.355 0.110823 0.121057
138.556 0.087335 0.100995
138.757 0.0785775 0.0769375
138.958 0.0600975 0.0577525
139.159 0.04247 0.04372
139.36 0.026475 0.0316
139.561 0.0150175 0.0273625
139.762 0.01471 0.0261775
139.963 0.01348 0.0242575
140.164 0.01288 0.022655
140.365 0.012945 0.021495
140.566 0.013695 0.021135
140.767 0.0176575 0.023635
140.968 0.0293925 0.033025
141.169 0.04565 0.04554
141.37 0.0687975 0.0631925
141.571 0.0974675 0.079955
141.772 0.129468 0.0967125
141.973 0.171437 0.114498
142.174 0.215262 0.13832
142.375 0.278913 0.17941
142.576 0.362575 0.2255
142.777 0.434067 0.25026
142.978 0.477048 0.257688
143.179 0.512077 0.291783
143.38 0.512443 0.305132
143.581 0.503992 0.315355
143.782 0.490683 0.3212
143.983 0.47539 0.321263
144.184 0.390468 0.325043
144.385 0.33806 0.325528
144.586 0.326497 0.328778
144.787 0.31682 0.307445
144.988 0.311652 0.306435
145.189 0.298648 0.299077
145.39 0.283475 0.282817
145.591 0.268238 0.260088
145.792 0.23452 0.201192
145.993 0.20749 0.158463
146.194 0.167632 0.13127
146.395 0.133945 0.1148
146.596 0.10562 0.0946975
146.797 0.078625 0.07255
146.998 0.0569625 0.054315
147.199 0.0404575 0.039505
147.4 0.0267725 0.02676
147.601 0.0181075 0.019305
147.802 0.01417 0.01445
148.003 0.0106225 0.0097875
148.204 0.0054875 0.0058725
148.405 0.00218 0.0044525
148.606 0.002355 0.0043475
148.807 0.00211 0.00401
149.008 0.00249 0.00423
149.209 0.0027225 0.0040075
149.41 0.003095 0.004375
149.611 0.00319 0.00404
149.812 0.0037925 0.004935
150.013 0.0035675 0.0048475
150.214 0.0035425 0.00487
150.415 0.0034175 0.0046975
150.616 0.0040375 0.0054875
150.817 0.004745 0.0057225
151.018 0.0060125 0.00708
151.219 0.005755 0.0063175
151.42 0.007095 0.0080975
151.621 0.0081375 0.0076875
151.822 0.01129 0.0112875
152.023 0.02692 0.02151
152.224 0.048405 0.0395625
152.425 0.0709625 0.0546575
152.626 0.0826325 0.0699625
152.827 0.0922675 0.08132
153.028 0.099645 0.0929625
153.229 0.1045 0.0951325
153.43 0.106232 0.0998475
153.631 0.104158 0.097345
153.832 0.100947 0.09129
154.033 0.105067 0.09757
154.234 0.111323 0.102068
154.435 0.113138 0.10103
154.636 0.111047 0.095315
154.837 0.108238 0.09355
155.038 0.098355 0.0866475
155.239 0.0885225 0.07652
155.44 0.07776 0.06577
155.641 0.070545 0.055975
155.842 0.0618225 0.048115
156.043 0.057865 0.0415475
156.244 0.0517525 0.039075
156.445 0.0412025 0.0289175
156.646 0.033305 0.027685
156.847 0.0289825 0.0240925
157.048 0.0240625 0.0183825
157.249 0.0198575 0.0138225
157.45 0.01739 0.01473
157.651 0.0206725 0.01357
157.852 0.0185475 0.0115625
158.053 0.016965 0.0106525
158.254 0.015955 0.0103425
158.455 0.01639 0.00926
158.656 0.0165175 0.0108675
158.857 0.0168825 0.0128875
159.058 0.017515 0.014755
159.259 0.016065 0.01436
159.46 0.0149925 0.0132175
159.661 0.018075 0.0160525
159.862 0.051265 0.03653
160.063 0.0781775 0.0640875
160.264 0.08454 0.06788
160.465 0.08967 0.08012
160.666 0.09006 0.0876575
160.867 0.08864 0.099595
161.068 0.08811 0.104005
161.269 0.0877575 0.097095
161.47 0.08289 0.0943025
161.671 0.0807075 0.0771375
161.872 0.0609725 0.0528725
162.073 0.05102 0.0446925
162.274 0.0355475 0.028255
162.475 0.022355 0.0157675
162.676 0.0105775 0.0062625
162.877 0.001545 0.0003025
163.078 0.0245825 0.02362
163.279 0.0451925 0.0438125
163.48 0.0515975 0.04606
163.681 0.0556075 0.0504075
163.882 0.05633 0.0430675
164.083 0.0583125 0.050685
164.284 0.0565275 0.0549375
164.485 0.056705 0.048355
164.686 0.05565 0.0440125
164.887 0.0568525 0.0540425
165.088 0.04827 0.04778
165.289 0.034825 0.0347925
165.49 0.024965 0.02535
165.691 0.017575 0.01512
165.892 0.0149525 0.0117575
166.093 0.0163825 0.01419
166.294 0.017025 0.0168675
166.495 0.0180175 0.0171375
166.696 0.019125 0.0191
166.897 0.0201475 0.01754
167.098 0.019755 0.019775
167.299 0.02008 0.0185475
167.5 0.0203975 0.0216625
167.701 0.02025 0.0219525
167.902 0.020525 0.0211775
168.103 0.03507 0.0326025
168.304 0.05841 0.0417625
168.505 0.075695 0.061055
168.706 0.0758325 0.0635825
168.907 0.080045 0.07302
169.108 0.085095 0.0899475
169.309 0.0887425 0.0918275
169.51 0.0921375 0.09686
169.711 0.0913025 0.0892025
169.912 0.09168 0.08588
170.113 0.0926775 0.0881575
170.314 0.0893825 0.07933
170.515 0.0883075 0.074945
170.716 0.0845775 0.0750025
170.917 0.0731875 0.06541
171.118 0.064855 0.0602125
171.319 0.050785 0.04584
171.52 0.03608 0.033585
171.721 0.023405 0.0188775
171.922 0.0120625 0.0076075
172.123 0.0041725 0.0019075
172.324 0.001645 0.00107
172.525 0.0017075 0.0010275
172.726 0.0016775 0.00116
172.927 0.0016175 0.0010525
173.128 0.00156 0.0009675
173.329 0.002035 0.001135
173.53 0.0018425 0.001095
173.731 0.0018725 0.0011275
173.932 0.0018225 0.0012425
174.133 0.00172 0.0012075
174.334 0.00173 0.0012525
174.535 0.00176 0.001255
174.736 0.0019075 0.001445
174.937 0.0019875 0.001635
175.138 0.0017025 0.001495
175.339 0.0017575 0.0015875
175.54 0.0016775 0.00127
175.741 0.001805 0.00135
175.942 0.0192275 0.017465
176.143 0.0398175 0.0408125
176.344 0.048695 0.05013
176.545 0.0529575 0.0563325
176.746 0.07026 0.0719075
176.947 0.09679 0.0972825
177.148 0.13141 0.127403
177.349 0.162995 0.154073
177.55 0.191355 0.18402
177.751 0.211058 0.211847
177.952 0.21419 0.198175
178.153 0.219392 0.21674
178.354 0.219562 0.222688
178.555 0.209327 0.211955
178.756 0.197465 0.190525
178.957 0.199027 0.194477
179.158 0.203168 0.194825
179.359 0.206687 0.177877
179.56 0.193162 0.163367
179.761 0.171765 0.148012
179.962 0.155335 0.137107
180.163 0.145785 0.133245
180.364 0.134297 0.116075
180.565 0.121948 0.106795
180.766 0.106377 0.0905425
180.967 0.0941925 0.0750275
181.168 0.07917 0.06201
181.369 0.06793 0.0514025
181.57 0.06394 0.0481675
181.771 0.0655275 0.04472
181.972 0.0667825 0.0454575
182.173 0.066075 0.0478225
182.374 0.063215 0.0503525
182.575 0.0640075 0.05253
182.776 0.072715 0.0602375
182.977 0.09117 0.0772725
183.178 0.104233 0.0939525
183.379 0.1109 0.101672
183.58 0.113443 0.106335
183.781 0.114785 0.108633
183.982 0.117133 0.111622
184.183 0.122325 0.117438
184.384 0.123938 0.122917
184.585 0.126665 0.125073
184.786 0.127515 0.125018
184.987 0.129507 0.128065
185.188 0.130883 0.129197
185.389 0.132835 0.129853
185.59 0.133545 0.130343
185.791 0.13503 0.130295
185.992 0.135697 0.130505
186.193 0.138373 0.135022
186.394 0.141775 0.14054
186.595 0.14148 0.141648
186.796 0.140692 0.13926
186.997 0.14269 0.13976
187.198 0.142685 0.139398
187.399 0.142662 0.137043
187.6 0.142388 0.134118
187.801 0.142267 0.131587
188.002 0.142437 0.129332
188.203 0.14291 0.12775
188.404 0.142607 0.124222
188.605 0.143365 0.124408
188.806 0.143905 0.12415
189.007 0.14418 0.124357
189.208 0.144338 0.125147
189.409 0.143833 0.12436
189.61 0.143107 0.122823
189.811 0.14308 0.122222
190.012 0.146455 0.123067
190.213 0.146813 0.122618
190.414 0.145868 0.121982
190.615 0.14459 0.12009
190.816 0.14479 0.11948
191.017 0.145937 0.118887
191.218 0.14583 0.1177
191.419 0.146122 0.117053
191.62 0.146675 0.115932
191.821 0.145907 0.113025
192.022 0.146975 0.113435
192.223 0.148528 0.11281
192.424 0.150058 0.112952
192.625 0.14957 0.111855
192.826 0.149482 0.111698
193.027 0.156005 0.115705
193.228 0.159465 0.118818
193.429 0.16208 0.123262
193.63 0.163225 0.123875
193.831 0.161112 0.1208
194.032 0.158702 0.116972
194.233 0.158145 0.113373
194.434 0.158048 0.108285
194.635 0.156598 0.103985
194.836 0.156795 0.102743
195.037 0.155793 0.0998225
195.238 0.155257 0.0957575
195.439 0.154975 0.09293
195.64 0.153785 0.0889875
195.841 0.1546 0.0875825
196.042 0.154415 0.085905
196.243 0.155468 0.0846275
196.444 0.159252 0.0858325
196.645 0.161328 0.0856725
196.846 0.163243 0.0841975
197.047 0.165123 0.083755
197.248 0.166837 0.0840275
197.449 0.17318 0.0884275
197.65 0.181295 0.0926925
197.851 0.19003 0.096745
198.052 0.199355 0.101178
198.253 0.21367 0.110937
198.454 0.238418 0.12417
198.655 0.254592 0.135115
198.856 0.2746 0.151943
199.057 0.2974 0.165615
199.258 0.323915 0.18961
199.459 0.344473 0.207195
199.66 0.358318 0.216122
199.861 0.387833 0.250103
200.062 0.447153 0.337597
200.263 0.454365 0.339825
200.464 0.511772 0.385947
200.665 0.561512 0.414982
200.866 0.63781 0.43775
201.067 0.756097 0.462342
201.268 0.811708 0.46583
201.469 0.838755 0.466268
201.67 0.843683 0.463545
201.871 0.888855 0.471533
202.072 0.89204 0.468093
202.273 0.900968 0.465137
202.474 0.90554 0.47013
202.675 0.907015 0.4733
202.876 0.907593 0.476507
203.077 0.910103 0.478457
203.278 0.910525 0.479405
203.479 0.913587 0.47914
203.68 0.913153 0.47945
203.881 0.91134 0.482978
204.082 0.910708 0.47569
204.283 0.909343 0.468788
204.484 0.909022 0.460338
204.685 0.908613 0.455075
204.886 0.907602 0.463115
205.087 0.904347 0.47246
205.288 0.90201 0.477492
205.489 0.899177 0.480397
205.69 0.898575 0.479935
205.891 0.89628 0.469077
206.092 0.89378 0.460037
206.293 0.893168 0.45777
206.494 0.892193 0.45524
206.695 0.891458 0.44579
206.896 0.887795 0.429947
207.097 0.885907 0.428447
207.298 0.881962 0.42206
207.499 0.88076 0.419355
207.7 0.878343 0.415583
207.901 0.880093 0.411708
208.102 0.881443 0.403705
208.303 0.8818 0.398405
208.504 0.883382 0.389562
208.705 0.881583 0.37984
208.906 0.878045 0.371327
209.107 0.87722 0.36299
209.308 0.877337 0.35556
209.509 0.876273 0.350625
209.71 0.874912 0.34556
209.911 0.87131 0.340695
210.112 0.867415 0.33805
210.313 0.865892 0.332292
210.514 0.864165 0.329635
210.715 0.860568 0.324987
210.916 0.85902 0.319157
211.117 0.858293 0.317245
211.318 0.85835 0.314578
211.519 0.858258 0.310953
211.72 0.858005 0.308287
211.921 0.858195 0.305102
212.122 0.85873 0.30088
212.323 0.8583 0.297845
212.524 0.858605 0.292592
212.725 0.858325 0.288038
212.926 0.857393 0.284535
213.127 0.853853 0.283622
213.328 0.852595 0.283205
213.529 0.851962 0.28361
213.73 0.849665 0.282495
213.931 0.847335 0.28232
214.132 0.846483 0.28231
214.333 0.846325 0.278955
214.534 0.84604 0.276923
214.735 0.845947 0.273908
214.936 0.845912 0.270937
215.137 0.844233 0.267955
215.338 0.844545 0.264305
215.539 0.843858 0.26118
215.74 0.844078 0.25676
215.941 0.843873 0.254078
216.142 0.843265 0.250733
216.343 0.84227 0.247103
216.544 0.84225 0.243375
216.745 0.841812 0.238405
216.946 0.84178 0.233785
217.147 0.841803 0.22857
217.348 0.841893 0.223985
217.549 0.841585 0.21954
217.75 0.841638 0.21567
217.951 0.842742 0.211783
218.152 0.842568 0.206555
218.353 0.842275 0.204088
218.554 0.842585 0.201983
218.755 0.842855 0.197763
218.956 0.843087 0.191878
219.157 0.842785 0.187807
219.358 0.842655 0.1826
219.559 0.842683 0.178613
219.76 0.842398 0.17388
219.961 0.84314 0.169293
220.162 0.843182 0.163327
220.363 0.843627 0.160117
220.564 0.84347 0.156115
220.765 0.843148 0.154055
220.966 0.84254 0.150322
221.167 0.842853 0.14703
221.368 0.843028 0.14475
221.569 0.842675 0.142457
221.77 0.843108 0.140742
221.971 0.843375 0.139308
222.172 0.842245 0.137098
222.373 0.842385 0.135208
222.574 0.842867 0.134022
222.775 0.842962 0.130405
222.976 0.843207 0.12878
223.177 0.843697 0.126185
223.378 0.843457 0.123253
223.579 0.84141 0.118563
223.78 0.84139 0.116712
223.981 0.841207 0.112272
224.182 0.840335 0.107863
224.383 0.839167 0.102345
224.584 0.83915 0.09845
224.785 0.840307 0.094565
224.986 0.840793 0.090675
225.187 0.843685 0.087235
225.388 0.84451 0.0849425
225.589 0.845085 0.080915
225.79 0.845522 0.0749275
225.991 0.845928 0.0694525
226.192 0.845612 0.0662525
226.393 0.8459 0.063785
226.594 0.845703 0.06152
226.795 0.845495 0.05949
226.996 0.844398 0.0579625
227.197 0.843738 0.0565025
227.398 0.84386 0.05588
227.599 0.843372 0.054365
227.8 0.843515 0.0536275
228.001 0.843542 0.054075
228.202 0.84378 0.05452
228.403 0.843445 0.054815
228.604 0.845035 0.05469
228.805 0.84441 0.053635
229.006 0.844063 0.05248
229.207 0.843988 0.0518575
229.408 0.84445 0.0516325
229.609 0.844533 0.0506725
229.81 0.845063 0.0496725
230.011 0.84488 0.0491225
230.212 0.846483 0.0497825
230.413 0.845838 0.0491125
230.614 0.846368 0.0486775
230.815 0.845985 0.0473325
231.016 0.846165 0.0465925
231.217 0.84646 0.046105
231.418 0.84721 0.0458875
231.619 0.847402 0.0450625
231.82 0.84752 0.04419
232.021 0.848037 0.044625
232.222 0.847895 0.044495
232.423 0.84819 0.0426675
232.624 0.848235 0.0400425
232.825 0.848205 0.03764
233.026 0.84822 0.0374775
233.227 0.84823 0.0372625
233.428 0.8481 0.0372325
233.629 0.848657 0.036295
233.83 0.848263 0.0359375
234.031 0.848433 0.035225
234.232 0.848298 0.0346575
234.433 0.848195 0.034165
234.634 0.84826 0.0337925
234.835 0.848378 0.033655
235.036 0.848132 0.03332
235.237 0.84757 0.0322525
235.438 0.847418 0.03156
235.639 0.84742 0.030915
235.84 0.84761 0.0303875
236.041 0.847865 0.0299625
236.242 0.848023 0.02922
236.443 0.84752 0.02926
236.644 0.84798 0.02918
236.845 0.847935 0.0289325
237.046 0.84938 0.028065
237.247 0.84892 0.027295
237.448 0.848715 0.0279475
237.649 0.84869 0.02959
237.85 0.848742 0.0305625
238.051 0.848495 0.0308125
238.252 0.848515 0.031025
238.453 0.84839 0.03056
238.654 0.848267 0.029115
238.855 0.848398 0.028545
239.056 0.84846 0.0283
239.257 0.847592 0.0280325
239.458 0.847893 0.02754
239.659 0.847598 0.0272625
239.86 0.847715 0.02743
240.061 0.84773 0.028545
240.262 0.84768 0.02854
240.463 0.848073 0.0291675
240.664 0.847995 0.02868
240.865 0.847472 0.0269225
241.066 0.847647 0.0253
241.267 0.847912 0.0233575
241.468 0.847965 0.0218925
241.669 0.848278 0.0224425
241.87 0.847952 0.02381
242.071 0.847927 0.025435
242.272 0.847657 0.027475
242.473 0.847355 0.029645
242.674 0.847525 0.033565
242.875 0.84715 0.032735
243.076 0.847215 0.030795
243.277 0.846938 0.0298725
243.478 0.84709 0.0300825
243.679 0.84697 0.0300925
243.88 0.846465 0.029505
244.081 0.846505 0.02889
244.282 0.846122 0.0293575
244.483 0.845625 0.0290775
244.684 0.84491 0.02974
244.885 0.845243 0.030085
245.086 0.84588 0.0291775
245.287 0.845978 0.0296125
245.488 0.845905 0.0286525
245.689 0.845853 0.0288975
245.89 0.846938 0.0285625
246.091 0.847012 0.028665
246.292 0.847128 0.029945
246.493 0.847085 0.03048
246.694 0.847812 0.0315325
246.895 0.8482 0.0320725
247.096 0.848402 0.030895
247.297 0.848235 0.0304225
247.498 0.848135 0.029695
247.699 0.847947 0.0295525
247.9 0.847808 0.0359975
248.101 0.84784 0.04198
248.302 0.847917 0.0464475
248.503 0.847888 0.0473225
248.704 0.84802 0.0481625
248.905 0.847865 0.050515
249.106 0.847988 0.052175
249.307 0.84831 0.0531125
249.508 0.84883 0.0534625
249.709 0.848945 0.05347
249.91 0.84813 0.05309
250.111 0.848178 0.0538275
250.312 0.84853 0.0544975
250.513 0.848865 0.0548825
250.714 0.849495 0.055125
250.915 0.85007 0.0558925
251.116 0.850015 0.0554475
251.317 0.849908 0.0545875
251.518 0.850115 0.053785
251.719 0.849917 0.053135
251.92 0.849707 0.05228
252.121 0.848788 0.052155
252.322 0.848723 0.052235
252.523 0.847015 0.0541175
252.724 0.84772 0.0588025
252.925 0.848927 0.0583675
253.126 0.849692 0.0605275
253.327 0.85015 0.0616125
253.528 0.849835 0.062975
253.729 0.849638 0.0635225
253.93 0.849385 0.0659825
254.131 0.84909 0.0686475
254.332 0.84916 0.0756
254.533 0.848448 0.083685
254.734 0.84622 0.092535
254.935 0.84423 0.0986925
255.136 0.843023 0.103443
255.337 0.843855 0.106332
255.538 0.844252 0.108683
255.739 0.844073 0.109355
255.94 0.849668 0.11741
256.141 0.849625 0.114855
256.342 0.849518 0.112885
256.543 0.84965 0.11127
256.744 0.849888 0.109775
256.945 0.849742 0.108707
257.146 0.8496 0.107525
257.347 0.8493 0.106448
257.548 0.8493 0.10556
257.749 0.848135 0.107705
257.95 0.847903 0.105658
258.151 0.848017 0.10434
258.352 0.848148 0.104273
258.553 0.84763 0.104048
258.754 0.84794 0.104108
258.955 0.84802 0.1049
259.156 0.848035 0.1055
259.357 0.849065 0.10302
259.558 0.848923 0.099675
259.759 0.849445 0.09778
259.96 0.849647 0.0972625
260.161 0.848938 0.096905
260.362 0.849195 0.0968975
260.563 0.84856 0.0951
260.764 0.848647 0.0944725
260.965 0.849385 0.09972
261.166 0.85042 0.099585
261.367 0.850618 0.098905
261.568 0.85032 0.0928025
261.769 0.849947 0.09022
261.97 0.849715 0.0860325
262.171 0.849325 0.0837175
262.372 0.848973 0.0812025
262.573 0.849167 0.078215
262.774 0.849862 0.0758
262.975 0.849642 0.07144
263.176 0.8495 0.06912
263.377 0.84913 0.0670125
263.578 0.849402 0.06427
263.779 0.849252 0.0613975
263.98 0.849232 0.06236
264.181 0.84915 0.0586675
264.382 0.850873 0.0545775
264.583 0.85029 0.051445
264.784 0.850255 0.049285
264.985 0.84992 0.0475725
265.186 0.849995 0.0467425
265.387 0.850705 0.047655
265.588 0.850167 0.044025
265.789 0.850225 0.040215
265.99 0.85162 0.04062
266.191 0.851193 0.0362725
266.392 0.850518 0.033865
266.593 0.850295 0.031855
266.794 0.849745 0.033465
266.995 0.84885 0.0326175
267.196 0.848333 0.0286425
267.397 0.849723 0.025685
267.598 0.849548 0.0243375
267.799 0.851305 0.0253625
268 0.850945 0.0240275
268.201 0.850982 0.023905
268.402 0.850407 0.02366
268.603 0.850163 0.022615
268.804 0.850017 0.02239
269.005 0.850045 0.0219225
269.206 0.84965 0.0224475
269.407 0.850885 0.02645
269.608 0.850985 0.029545
269.809 0.850733 0.0315425
270.01 0.850243 0.0306725
270.211 0.850235 0.026705
270.412 0.850217 0.0245925
270.613 0.850025 0.0255825
270.814 0.85007 0.02461
271.015 0.850603 0.025435
271.216 0.850875 0.021
271.417 0.850498 0.0189125
271.618 0.85046 0.0183525
271.819 0.850208 0.017645
272.02 0.85015 0.017585
272.221 0.849782 0.01857
272.422 0.850315 0.0202175
272.623 0.851075 0.020165
272.824 0.850008 0.028215
273.025 0.8495 0.029735
273.226 0.849553 0.0286925
273.427 0.84948 0.02636
273.628 0.849437 0.0228075
273.829 0.849707 0.020995
274.03 0.84989 0.02163
274.231 0.849683 0.0216125
274.432 0.85157 0.023795
274.633 0.85143 0.0227875
274.834 0.85161 0.024635
275.035 0.851097 0.026675
275.236 0.850605 0.028135
275.437 0.851213 0.02927
275.638 0.850862 0.031065
275.839 0.851165 0.03488
276.04 0.852788 0.039985
276.241 0.852333 0.037655
276.442 0.852455 0.0363275
276.643 0.852535 0.034855
276.844 0.852365 0.039975
277.045 0.852345 0.0473775
277.246 0.851697 0.0573475
277.447 0.851275 0.0633525
277.648 0.85138 0.073125
277.849 0.85201 0.0853
278.05 0.850298 0.0913625
278.251 0.849315 0.09935
278.452 0.848333 0.106713
278.653 0.847647 0.114918
278.854 0.847905 0.12371
279.055 0.848145 0.130045
279.256 0.849167 0.138263
279.457 0.84948 0.156768
279.658 0.850445 0.178215
279.859 0.851753 0.199263
280.06 0.852355 0.221598
280.261 0.853563 0.244745
280.462 0.85535 0.260255
280.663 0.859407 0.27893
280.864 0.863317 0.291038
281.065 0.86568 0.301135
281.266 0.865525 0.307825
281.467 0.864775 0.322423
281.668 0.863923 0.34054
281.869 0.86653 0.365935
282.07 0.867988 0.389348
282.271 0.868865 0.409967
282.472 0.871942 0.423602
282.673 0.874677 0.439003
282.874 0.877592 0.45588
283.075 0.880345 0.464605
283.276 0.88364 0.467168
283.477 0.889875 0.464018
283.678 0.895385 0.468405
283.879 0.90168 0.481847
284.08 0.902388 0.490385
284.281 0.89667 0.487785
284.482 0.890293 0.499628
284.683 0.887825 0.515053
284.884 0.881535 0.532883
285.085 0.882845 0.556125
285.286 0.88191 0.564385
285.487 0.883323 0.574403
285.688 0.887413 0.578932
285.889 0.895825 0.590708
286.09 0.901717 0.58502
286.291 0.906868 0.609735
286.492 0.908925 0.613955
286.693 0.910795 0.620768
286.894 0.91337 0.618903
287.095 0.915072 0.600965
287.296 0.918968 0.58517
287.497 0.918678 0.574295
287.698 0.910855 0.593485
287.899 0.897103 0.58712
288.1 0.893855 0.595047
288.301 0.895145 0.58396
288.502 0.894288 0.57804
288.703 0.889405 0.566667
288.904 0.885593 0.576612
289.105 0.883877 0.589265
289.306 0.872332 0.58742
289.507 0.86533 0.579005
289.708 0.844633 0.568063
289.909 0.83016 0.551983
290.11 0.787138 0.540655
290.311 0.779347 0.55159
290.512 0.769643 0.56164
290.713 0.767378 0.570157
290.914 0.768085 0.57671
291.115 0.74383 0.56992
291.316 0.748592 0.565983
291.517 0.75233 0.569925
291.718 0.74948 0.573987
291.919 0.742305 0.57466
292.12 0.735055 0.559983
292.321 0.728912 0.569653
292.522 0.728075 0.575727
292.723 0.723248 0.57128
292.924 0.723507 0.55451
293.125 0.71942 0.550333
293.326 0.72682 0.548172
293.527 0.700457 0.549288
293.728 0.694627 0.549233
293.929 0.685253 0.535695
294.13 0.670558 0.523935
294.331 0.657168 0.5052
294.532 0.620835 0.485922
294.733 0.603762 0.479065
294.934 0.586565 0.460477
295.135 0.567345 0.436997
295.336 0.549445 0.414897
295.537 0.529778 0.39519
295.738 0.534038 0.423333
295.939 0.55677 0.447412
296.14 0.566033 0.46117
296.341 0.595433 0.48573
296.542 0.61782 0.491115
296.743 0.61874 0.476438
296.944 0.615663 0.456977
297.145 0.61331 0.44633
297.346 0.602707 0.442323
297.547 0.597927 0.449568
297.748 0.605688 0.475988
297.949 0.61652 0.493397
298.15 0.629822 0.509265
298.351 0.622138 0.510343
298.552 0.620138 0.51842
298.753 0.621613 0.527707
298.954 0.626655 0.529963
299.155 0.63334 0.522497
299.356 0.646138 0.519203
299.557 0.660305 0.519998
299.758 0.688338 0.537593
299.959 0.68474 0.536547
300.16 0.66117 0.529245
300.361 0.628335 0.52037
300.562 0.62422 0.511595
300.763 0.594685 0.500515
300.964 0.598685 0.490127
301.165 0.59435 0.477455
301.366 0.609995 0.48175
301.567 0.628753 0.492065
301.768 0.664695 0.50008
301.969 0.703873 0.497953
302.17 0.743825 0.500735
302.371 0.778118 0.496657
302.572 0.823967 0.490542
302.773 0.848252 0.48697
302.974 0.867445 0.5068
303.175 0.883343 0.54019
303.376 0.8967 0.556155
303.577 0.912197 0.578283
303.778 0.91817 0.580305
303.979 0.923552 0.570507
304.18 0.92549 0.558475
304.381 0.928037 0.534412
304.582 0.928135 0.519807
304.783 0.919105 0.509648
304.984 0.908605 0.487608
305.185 0.900813 0.47295
305.386 0.884308 0.472322
305.587 0.863202 0.475733
305.788 0.853445 0.482473
305.989 0.805743 0.490522
306.19 0.805453 0.501735
306.391 0.74547 0.510733
306.592 0.725158 0.514258
306.793 0.708058 0.505328
306.994 0.69431 0.499715
307.195 0.692913 0.496065
307.396 0.697318 0.48745
307.597 0.70286 0.472573
307.798 0.747565 0.480885
307.999 0.761482 0.473977
308.2 0.761525 0.47675
308.401 0.756252 0.482265
308.602 0.754757 0.480515
308.803 0.752162 0.471058
309.004 0.754012 0.457018
309.205 0.74986 0.43556
309.406 0.74262 0.417843
309.607 0.707198 0.390565
309.808 0.609675 0.372993
310.009 0.587453 0.357905
310.21 0.573327 0.365438
310.411 0.581472 0.37116
310.612 0.59416 0.357485
310.813 0.63105 0.35126
311.014 0.678113 0.370258
311.215 0.710875 0.387858
311.416 0.725823 0.408965
311.617 0.72703 0.423457
311.818 0.7355 0.420843
312.019 0.73396 0.40845
312.22 0.69395 0.395335
312.421 0.674335 0.382095
312.622 0.660292 0.377538
312.823 0.655317 0.374493
313.024 0.635475 0.35933
313.225 0.63158 0.342568
313.426 0.55935 0.333288
313.627 0.482315 0.297783
313.828 0.450327 0.2775
314.029 0.380945 0.260585
314.23 0.373148 0.260402
314.431 0.374333 0.250802
314.632 0.370575 0.232035
314.833 0.37441 0.228602
315.034 0.381972 0.244682
315.235 0.390908 0.25709
315.436 0.393998 0.258675
315.637 0.41366 0.258887
315.838 0.474508 0.264053
316.039 0.510695 0.27788
316.24 0.575703 0.29666
316.441 0.581762 0.301532
316.642 0.582963 0.316497
316.843 0.585885 0.323232
317.044 0.543445 0.30887
317.245 0.53339 0.302063
317.446 0.512238 0.289123
317.647 0.483708 0.281357
317.848 0.46324 0.288803
318.049 0.40594 0.275625
318.25 0.36003 0.254702
318.451 0.331087 0.237742
318.652 0.29026 0.207737
318.853 0.26727 0.187353
319.054 0.23639 0.16409
319.255 0.210423 0.14893
319.456 0.178622 0.133502
319.657 0.15642 0.118355
319.858 0.13551 0.10013
320.059 0.109725 0.0832125
320.26 0.0871875 0.0683425
320.461 0.071815 0.0566925
320.662 0.05378 0.03877
320.863 0.03809 0.0236625
321.064 0.0210325 0.01334
321.265 0.0121375 0.008265
321.466 0.004505 0.0014425
321.667 0.00072 0.0006675
321.868 0.0005175 0.00058
322.069 0.0004875 0.000595
322.27 0.0003725 0.000645
322.471 0.000285 0.000835
322.672 0.0003425 0.000925
322.873 0.0003075 0.0009725
323.074 0.000355 0.0014725
323.275 0.0002675 0.0015225
323.476 0.0002175 0.0015275
323.677 0.00019 0.0013275
323.878 0.00224 0.0022325
324.079 0.0020475 0.0024225
324.28 0.0025125 0.002625
324.481 0.0025775 0.002675
324.682 0.00294 0.0027375
324.883 0.0030225 0.002995
325.084 0.0031275 0.0026025
325.285 0.003475 0.002905
325.486 0.00345 0.0029925
325.687 0.0033775 0.00303
325.888 0.0030125 0.00342
326.089 0.002625 0.0028475
326.29 0.002675 0.003205
326.491 0.0021625 0.0029675
326.692 0.001905 0.0025575
326.893 0.0017775 0.0024675
327.094 0.00165 0.0025575
327.295 0.001965 0.0022325
327.496 0.00199 0.0023525
327.697 0.00178 0.002265
327.898 0.0016325 0.0021325
328.099 0.001105 0.0018
328.3 0.0004975 0.0015225
328.501 0.00034 0.0014175
328.702 0.0002275 0.0014025
328.903 0.00014 0.0012325
329.104 0.0001325 0.001035
329.305 0.0001175 0.0009925
329.506 0.025005 0.0253425
329.707 0.044585 0.040995
329.908 0.050855 0.0456825
330.109 0.072845 0.0603625
330.31 0.103855 0.0821225
330.511 0.117633 0.095305
330.712 0.12373 0.09886
330.913 0.132895 0.105605
331.114 0.13222 0.101523
331.315 0.13318 0.114767
331.516 0.134315 0.111625
331.717 0.121805 0.102343
331.918 0.109232 0.09064
332.119 0.094825 0.0769875
332.32 0.0867375 0.073155
332.521 0.0783475 0.0648825
332.722 0.0648575 0.0555125
332.923 0.0773075 0.0682275
333.124 0.0913675 0.0774625
333.325 0.109882 0.0862325
333.526 0.118385 0.085725
333.727 0.11325 0.0815975
333.928 0.11171 0.0851875
334.129 0.112535 0.0849975
334.33 0.110805 0.08232
334.531 0.109158 0.07482
334.732 0.107578 0.07909
334.933 0.109232 0.083765
335.134 0.09968 0.075325
335.335 0.091095 0.0739425
335.536 0.086885 0.07484
335.737 0.0771025 0.0649425
335.938 0.0594725 0.0462575
336.139 0.0445 0.032075
336.34 0.0315775 0.0197625
336.541 0.0298625 0.014765
336.742 0.024395 0.0109375
336.943 0.018215 0.0060625
337.144 0.0163075 0.0059025
337.345 0.0171525 0.0082075
337.546 0.017935 0.0095425
337.747 0.01819 0.0114925
337.948 0.0187525 0.013005
338.149 0.02053 0.0145125
338.35 0.0285775 0.025035
338.551 0.044725 0.0369875
338.752 0.0627825 0.0515725
338.953 0.0895775 0.0696425
339.154 0.11288 0.0931325
339.355 0.149345 0.115297
339.556 0.18258 0.143833
339.757 0.219527 0.17039
339.958 0.24923 0.18858
340.159 0.267578 0.213415
340.36 0.26908 0.229768
340.561 0.262392 0.225493
340.762 0.23733 0.202722
340.963 0.213732 0.19733
341.164 0.187505 0.19084
341.365 0.17498 0.188117
341.566 0.167667 0.178517
341.767 0.15089 0.17552
341.968 0.12908 0.166768
342.169 0.112625 0.145225
342.37 0.096795 0.118055
342.571 0.0911425 0.0924625
342.772 0.082285 0.061815
342.973 0.063035 0.03723
343.174 0.04079 0.0183225
343.375 0.01777 0.006645
343.576 0.00357 0.0004125
343.777 0.0004175 0.00043
343.978 0.0005225 0.0010925
344.179 0.0003725 0.000915
344.38 0.0003275 0.00081
344.581 0.0003125 0.00075
344.782 0.0003025 0.00065
344.983 0.0002525 0.0006175
345.184 0.00022 0.0005625
345.385 0.000235 0.0006225
345.586 0.00024 0.0006175
345.787 0.0004175 0.0008375
345.988 0.000285 0.0006825
346.189 0.0002025 0.000575
346.39 0.0001825 0.0005375
346.591 0.000195 0.0004425
346.792 0.0001725 0.000405
346.993 0.000195 0.00036
347.194 0.000165 0.0003325
347.395 4e-05 0.0005125
347.596 3.25e-05 0.000395
347.797 2e-05 0.000415
347.998 0 0.0003575
348.199 0.0002625 0.00031
348.4 0.0002075 0.000375
348.601 0.00019 0.000345
348.802 0.00014 0.000345
349.003 0.000135 0.00035
349.204 0.0001525 0.00035
349.405 0.000165 0.0004075
349.606 0.000165 0.0004125
349.807 0.00029 0.000315
350.008 0.00024 0.0002075
350.209 0.0002225 0.0001775
350.41 0.0002025 0.0002675
350.611 0.0001775 0.0002175
350.812 0.0001775 0.000195
351.013 0.00017 0.00023
351.214 0.0001525 0.0002425
351.415 0.00033 0.0002775
351.616 0.000255 0.000265
351.817 0.000285 0.0001775
352.018 0.0002675 0.000225
352.219 0.004505 0.0035525
352.42 0.0312425 0.02721
352.621 0.053535 0.0466
352.822 0.0639975 0.052955
353.023 0.07151 0.06245
353.224 0.074965 0.062005
353.425 0.075395 0.05883
353.626 0.07613 0.060355
353.827 0.07632 0.0644075
354.028 0.07705 0.0655575
354.229 0.0769225 0.064495
354.43 0.0910775 0.07653
354.631 0.12188 0.096455
354.832 0.143975 0.113842
355.033 0.161795 0.12662
355.234 0.169222 0.137398
355.435 0.191785 0.159375
355.636 0.194623 0.168065
355.837 0.196525 0.171802
356.038 0.194493 0.177368
356.239 0.192057 0.175865
356.44 0.19503 0.173662
356.641 0.188777 0.1676
356.842 0.182365 0.16728
357.043 0.187677 0.164518
357.244 0.206333 0.17105
357.445 0.223252 0.183897
357.646 0.22868 0.18287
357.847 0.22772 0.18122
358.048 0.228297 0.176382
358.249 0.227165 0.173595
358.45 0.22679 0.17101
358.651 0.245253 0.183828
358.852 0.27573 0.197738
359.053 0.304542 0.210397
359.254 0.31712 0.222623
359.455 0.304105 0.224348
359.656 0.298445 0.23377
359.857 0.29425 0.230497
360.058 0.29454 0.226315
360.259 0.295208 0.223733
360.46 0.296385 0.216528
360.661 0.29525 0.21747
360.862 0.298812 0.222135
361.063 0.30863 0.228582
361.264 0.317555 0.236492
361.465 0.327285 0.24364
361.666 0.332423 0.246067
361.867 0.332485 0.244715
362.068 0.332535 0.243638
362.269 0.336282 0.240592
362.47 0.338332 0.239585
362.671 0.33781 0.237872
362.872 0.34119 0.242415
363.073 0.360588 0.257503
363.274 0.376945 0.2712
363.475 0.390002 0.275285
363.676 0.394902 0.28088
363.877 0.39687 0.282508
364.078 0.400467 0.28876
364.279 0.40641 0.295195
364.48 0.414322 0.302705
364.681 0.42418 0.307227
364.882 0.430953 0.315817
365.083 0.44224 0.316868
365.284 0.451387 0.319235
365.485 0.455653 0.31986
365.686 0.456565 0.318695
365.887 0.454732 0.317032
366.088 0.459693 0.31566
366.289 0.460242 0.319275
366.49 0.459467 0.31164
366.691 0.45531 0.30714
366.892 0.451157 0.300177
367.093 0.451302 0.296573
367.294 0.456558 0.297428
367.495 0.463543 0.298422
367.696 0.473338 0.301353
367.897 0.48226 0.30594
368.098 0.49203 0.310875
368.299 0.508862 0.313543
368.5 0.52294 0.315045
368.701 0.5495 0.317645
368.902 0.560865 0.318723
369.103 0.59032 0.319035
369.304 0.614953 0.321433
369.505 0.626415 0.321317
369.706 0.6328 0.321437
369.907 0.684712 0.33489
370.108 0.693545 0.343463
370.309 0.705183 0.350535
370.51 0.741947 0.359432
370.711 0.775497 0.36572
370.912 0.798535 0.370315
371.113 0.807455 0.375665
371.314 0.812107 0.377397
371.515 0.846158 0.381057
371.716 0.84682 0.378657
371.917 0.84505 0.376408
372.118 0.842997 0.378777
372.319 0.84273 0.38667
372.52 0.84207 0.39325
372.721 0.838688 0.398635
372.922 0.839875 0.407452
373.123 0.834438 0.415492
373.324 0.834997 0.427023
373.525 0.83639 0.434025
373.726 0.833512 0.434815
373.927 0.83004 0.43075
374.128 0.831692 0.428145
374.329 0.839172 0.430102
374.53 0.860102 0.430165
374.731 0.867138 0.427023
374.932 0.879238 0.423017
375.133 0.87856 0.411495
375.334 0.87805 0.406438
375.535 0.878285 0.402243
375.736 0.877437 0.405405
375.937 0.87571 0.409375
376.138 0.874733 0.412027
376.339 0.873705 0.411407
376.54 0.87505 0.4121
376.741 0.87451 0.411807
376.942 0.875463 0.410438
377.143 0.875205 0.409115
377.344 0.875212 0.405253
377.545 0.875505 0.399933
377.746 0.87576 0.398518
377.947 0.876528 0.392373
378.148 0.878095 0.38785
378.349 0.87673 0.39856
378.55 0.877502 0.396815
378.751 0.876618 0.39295
378.952 0.875382 0.38696
379.153 0.874707 0.380825
379.354 0.875003 0.377327
379.555 0.874848 0.375708
379.756 0.875777 0.37211
379.957 0.874742 0.370982
380.158 0.876123 0.368437
380.359 0.87649 0.363938
380.56 0.876763 0.358395
380.761 0.876988 0.353917
380.962 0.876008 0.351413
381.163 0.875585 0.34701
381.364 0.876182 0.339697
381.565 0.875425 0.329905
381.766 0.87654 0.323167
381.967 0.876117 0.320707
382.168 0.875212 0.318503
382.369 0.87479 0.31316
382.57 0.87492 0.309428
382.771 0.870382 0.30832
382.972 0.86846 0.307982
383.173 0.867912 0.305105
383.374 0.86375 0.320105
383.575 0.863343 0.315287
383.776 0.8634 0.312343
383.977 0.863245 0.305872
384.178 0.862672 0.299878
384.379 0.862665 0.293793
