1 0.0753275
2 0.0384125
3 0.03277
4 0.0786275
5 0.0837125
6 0.07524
7 0.08168
8 0.0999575
9 0.102438
10 0.0880925
11 0.100403
12 0.107735
13 0.0962475
14 0.104475
15 0.108457
16 0.113003
17 0.114267
18 0.110952
19 0.12849
20 0.102438
21 0.115975
22 0.113803
23 0.117258
24 0.0922075
25 0.114837
26 0.12077
27 0.135075
28 0.1273
29 0.11643
30 0.125837
31 0.122105
32 0.108048
33 0.131298
34 0.124397
35 0.12849
36 0.1313
37 0.13078
38 0.125693
39 0.128348
40 0.116718
41 0.1317
42 0.124997
43 0.127358
44 0.127145
45 0.1313
46 0.122885
47 0.125702
48 0.135483
49 0.135585
50 0.122813
51 0.126342
52 0.143907
53 0.131075
54 0.116407
55 0.126585
56 0.14744
57 0.133685
58 0.12183
59 0.126468
60 0.13266
61 0.132617
62 0.123457
63 0.135165
64 0.132552
65 0.13284
66 0.124632
67 0.127205
68 0.135947
69 0.133972
70 0.126715
71 0.130332
72 0.135697
73 0.137293
74 0.188323
75 0.133497
76 0.140363
77 0.140698
78 0.133382
79 0.182993
80 0.144338
81 0.146292
82 0.174285
83 0.142333
84 0.158062
85 0.140877
86 0.170875
87 0.188605
88 0.158
89 0.189722
90 0.177885
91 0.18382
92 0.143162
93 0.202623
94 0.21916
95 0.18753
96 0.204852
97 0.205003
98 0.189608
99 0.191043
100 0.18715
101 0.207965
102 0.19209
103 0.193658
104 0.207577
105 0.20693
106 0.19136
107 0.222108
108 0.209872
109 0.212838
110 0.187427
111 0.207525
112 0.22458
113 0.207177
114 0.240962
115 0.221257
116 0.189335
117 0.239418
118 0.216218
119 0.229775
120 0.238865
121 0.238325
122 0.225798
123 0.224988
124 0.238015
125 0.238205
126 0.232305
127 0.239905
128 0.2397
129 0.251138
130 0.23905
131 0.23632
132 0.244455
133 0.261763
134 0.230258
135 0.23472
136 0.252242
137 0.25394
138 0.224793
139 0.241855
140 0.256383
141 0.238852
142 0.2407
143 0.234698
144 0.252875
145 0.25263
146 0.23905
147 0.241033
148 0.248567
149 0.247205
150 0.213753
151 0.236483
152 0.24355
153 0.24329
154 0.230807
155 0.21861
156 0.239932
157 0.232327
158 0.225383
159 0.226823
160 0.241215
161 0.2333
162 0.221387
163 0.222885
164 0.22981
165 0.229513
166 0.218087
167 0.216117
168 0.22873
169 0.227837
170 0.21548
171 0.226105
172 0.2282
173 0.227135
174 0.213257
175 0.21595
176 0.253935
177 0.225518
178 0.211673
179 0.215083
180 0.224947
181 0.225015
182 0.212185
183 0.214957
184 0.224195
185 0.223413
186 0.211065
187 0.212243
188 0.221078
189 0.221293
190 0.20903
191 0.211572
192 0.221603
193 0.224947
194 0.207712
195 0.214477
196 0.222043
197 0.222165
198 0.208847
199 0.211395
200 0.22269
201 0.222562
202 0.210385
203 0.20899
204 0.223192
205 0.223495
206 0.205665
207 0.21141
208 0.222405
209 0.222328
210 0.208355
211 0.21147
212 0.222667
213 0.22246
214 0.207325
215 0.208787
216 0.221892
217 0.221205
218 0.207638
219 0.208135
220 0.221755
221 0.222312
222 0.208022
223 0.209152
224 0.221078
225 0.220892
226 0.20741
227 0.209437
228 0.224013
229 0.220653
230 0.207455
231 0.209358
232 0.220435
233 0.22088
234 0.207753
235 0.209707
236 0.221307
237 0.22105
238 0.208115
239 0.208182
240 0.21968
241 0.219872
242 0.205953
243 0.20832
244 0.222037
245 0.218798
246 0.205815
247 0.20767
248 0.220998
249 0.22073
250 0.20525
251 0.208785
252 0.219762
253 0.219257
254 0.205148
255 0.20714
256 0.219045
257 0.219248
258 0.20488
259 0.207915
260 0.22053
261 0.219112
262 0.204437
263 0.20739
264 0.218977
265 0.218798
266 0.200192
267 0.207613
268 0.218335
269 0.218305
270 0.20381
271 0.208913
272 0.218287
273 0.219248
274 0.203673
275 0.206973
276 0.218353
277 0.217592
278 0.202645
279 0.205343
280 0.216625
281 0.215133
282 0.202437
283 0.20484
284 0.215262
285 0.2174
286 0.203267
287 0.20553
288 0.216397
289 0.21582
290 0.200772
291 0.208235
292 0.219282
293 0.214172
294 0.20281
295 0.204813
296 0.215365
297 0.215215
298 0.201818
299 0.204865
300 0.214803
301 0.21475
302 0.206583
303 0.208643
304 0.215232
305 0.21606
306 0.201948
307 0.205315
308 0.214998
309 0.214897
310 0.20237
311 0.207462
312 0.215333
313 0.215957
314 0.21629
315 0.20849
316 0.218048
317 0.217883
318 0.217845
319 0.207652
320 0.21933
321 0.219245
322 0.206785
323 0.208235
324 0.218828
325 0.215987
326 0.206825
327 0.208855
328 0.21962
329 0.218048
330 0.218115
331 0.209083
332 0.2174
333 0.218985
334 0.206915
335 0.209547
336 0.21919
337 0.2192
338 0.208498
339 0.221073
340 0.219998
341 0.22203
342 0.2112
343 0.218402
344 0.227928
345 0.219122
346 0.21315
347 0.22019
348 0.22006
349 0.224743
350 0.217845
351 0.220108
352 0.23263
353 0.232428
354 0.21219
355 0.219098
356 0.231565
357 0.231733
358 0.224332
359 0.219023
360 0.23155
361 0.227683
362 0.220867
363 0.218975
364 0.230935
365 0.2383
366 0.215735
367 0.218595
368 0.23143
369 0.225348
370 0.230673
371 0.21824
372 0.228882
373 0.231495
374 0.2148
375 0.217413
376 0.227422
377 0.239118
378 0.23043
379 0.216142
380 0.230935
381 0.226298
382 0.213078
383 0.216142
384 0.22667
385 0.227873
386 0.215395
387 0.218675
388 0.232283
389 0.235393
390 0.27991
391 0.225843
392 0.238932
393 0.249307
394 0.321373
395 0.2285
396 0.227887
397 0.249585
398 0.24637
399 0.231605
400 0.247897
401 0.245897
402 0.230535
403 0.23396
404 0.248438
405 0.25281
406 0.234995
407 0.239707
408 0.252805
409 0.255358
410 0.258995
411 0.246482
412 0.249585
413 0.282527
414 0.253628
415 0.254895
416 0.250405
417 0.27895
418 0.267568
419 0.273235
420 0.226252
421 0.29205
422 0.27991
423 0.284585
424 0.304152
425 0.279235
426 0.294442
427 0.302038
428 0.254217
429 0.323635
430 0.340068
431 0.315773
432 0.258855
433 0.27444
434 0.378258
435 0.29107
436 0.27895
437 0.359743
438 0.336122
439 0.326927
440 0.366088
441 0.36743
442 0.345253
443 0.350247
444 0.37541
445 0.412307
446 0.355922
447 0.330968
448 0.384093
449 0.39335
450 0.36122
451 0.367592
452 0.39507
453 0.39621
454 0.369725
455 0.370065
456 0.401025
457 0.40275
458 0.374617
459 0.380507
460 0.36743
461 0.407118
462 0.36952
463 0.381305
464 0.41164
465 0.411872
466 0.378217
467 0.382742
468 0.408465
469 0.413985
470 0.384342
471 0.386833
472 0.405768
473 0.4182
474 0.393765
475 0.391207
476 0.417455
477 0.416492
478 0.44151
479 0.382545
480 0.416922
481 0.416673
482 0.384575
483 0.384817
484 0.41654
485 0.416513
486 0.383047
487 0.38545
488 0.416227
489 0.41569
490 0.46362
491 0.385277
492 0.41541
493 0.465925
494 0.382053
495 0.394537
496 0.400718
497 0.429658
498 0.383122
499 0.381543
500 0.426432
501 0.426555
502 0.39407
503 0.407373
504 0.445288
505 0.475155
506 0.487475
507 0.430025
508 0.465925
509 0.470415
510 0.428793
511 0.442702
512 0.47478
513 0.485542
514 0.44371
515 0.425762
516 0.46706
517 0.486183
518 0.457257
519 0.456267
520 0.507308
521 0.510872
522 0.499403
523 0.472608
524 0.521467
525 0.523282
526 0.479202
527 0.487255
528 0.530687
529 0.535088
530 0.476762
531 0.474913
532 0.53248
533 0.532308
534 0.48667
535 0.488553
536 0.535295
537 0.53313
538 0.490862
539 0.496428
540 0.534798
541 0.533458
542 0.497982
543 0.497578
544 0.533317
545 0.533658
546 0.499708
547 0.447373
548 0.53189
549 0.531532
550 0.490878
551 0.495482
552 0.528648
553 0.522097
554 0.522218
555 0.494493
556 0.524955
557 0.522837
558 0.496578
559 0.493345
560 0.522608
561 0.522097
562 0.513755
563 0.493972
564 0.51921
565 0.5343
566 0.614993
567 0.487808
568 0.528635
569 0.519745
570 0.487215
571 0.49051
572 0.521145
573 0.521825
574 0.485055
575 0.528268
576 0.531432
577 0.53502
578 0.493115
579 0.496638
580 0.510482
581 0.55078
582 0.504425
583 0.501073
584 0.564908
585 0.57513
586 0.56089
587 0.560438
588 0.579542
589 0.586315
590 0.64817
591 0.495025
592 0.531532
593 0.604572
594 0.55749
595 0.588623
596 0.63103
597 0.63485
598 0.67666
599 0.578052
600 0.647212
601 0.687373
602 0.608818
603 0.617807
604 0.658038
605 0.661602
606 0.618487
607 0.634945
608 0.669482
609 0.681427
610 0.641395
611 0.675083
612 0.519293
613 0.531432
614 0.652587
615 0.66047
616 0.696785
617 0.697345
618 0.659095
619 0.665673
620 0.707557
621 0.708043
622 0.67102
623 0.678743
624 0.707935
625 0.708395
626 0.699388
627 0.674725
628 0.707125
629 0.714653
630 0.671765
631 0.677277
632 0.713345
633 0.713738
634 0.675493
635 0.678867
636 0.655648
637 0.717657
638 0.688455
639 0.653552
640 0.720167
641 0.720357
642 0.697515
643 0.678153
644 0.72169
645 0.746317
646 0.703577
647 0.684518
648 0.73227
649 0.744433
650 0.688638
651 0.69292
652 0.746938
653 0.696592
654 0.691412
655 0.69716
656 0.748955
657 0.748962
658 0.706823
659 0.701337
660 0.749367
661 0.748962
662 0.69525
663 0.705665
664 0.749892
665 0.749848
666 0.698555
667 0.709538
668 0.718023
669 0.748125
670 0.701368
671 0.713732
672 0.747302
673 0.745847
674 0.702115
675 0.714413
676 0.746452
677 0.745433
678 0.702172
679 0.714492
680 0.748605
681 0.728855
682 0.734555
683 0.716105
684 0.746653
685 0.746205
686 0.706002
687 0.715908
688 0.746635
689 0.745762
690 0.704295
691 0.71601
692 0.744633
693 0.744633
694 0.70359
695 0.717595
696 0.74561
697 0.75144
698 0.705287
699 0.716688
700 0.746367
701 0.749138
702 0.704245
703 0.717433
704 0.748918
705 0.749297
706 0.76762
707 0.717515
708 0.752165
709 0.749663
710 0.70783
711 0.72165
712 0.75822
713 0.812198
714 0.710265
715 0.722603
716 0.76184
717 0.76881
718 0.711973
719 0.725422
720 0.817603
721 0.81699
722 0.799608
723 0.742393
724 0.748125
725 0.818057
726 0.782517
727 0.736263
728 0.820952
729 0.818002
730 0.730803
731 0.742132
732 0.820125
733 0.820163
734 0.74555
735 0.744208
736 0.827403
737 0.830767
738 0.777315
739 0.745387
740 0.820163
741 0.761317
742 0.736882
743 0.74633
744 0.838535
745 0.8547
746 0.745103
747 0.76008
748 0.856468
749 0.744393
750 0.748775
751 0.759555
752 0.862748
753 0.862773
754 0.752065
755 0.761135
756 0.863175
757 0.863533
758 0.754513
759 0.76276
760 0.863818
761 0.863988
762 0.784335
763 0.76876
764 0.86935
765 0.86296
766 0.766755
767 0.771742
768 0.87208
769 0.87208
770 0.797735
771 0.722028
772 0.88641
773 0.886745
774 0.798458
775 0.7979
776 0.886822
777 0.854073
778 0.80512
779 0.797845
780 0.886482
781 0.880575
782 0.79757
783 0.79713
784 0.884595
785 0.883877
786 0.796385
787 0.79586
788 0.884912
789 0.884513
790 0.795978
791 0.794538
792 0.883655
793 0.878402
794 0.790408
795 0.782535
796 0.880347
797 0.87849
798 0.77642
799 0.781212
800 0.875973
801 0.875165
802 0.772188
803 0.776038
804 0.87124
805 0.856838
806 0.769572
807 0.774192
808 0.868223
809 0.86884
810 0.768737
811 0.77481
812 0.872235
813 0.874507
814 0.869415
815 0.799155
816 0.881452
817 0.882135
818 0.86954
819 0.804688
820 0.883312
821 0.884898
822 0.842483
823 0.831832
824 0.88552
825 0.886247
826 0.858982
827 0.849237
828 0.885358
829 0.887023
830 0.86285
831 0.853757
832 0.88817
833 0.88825
834 0.866707
835 0.853435
836 0.888452
837 0.888195
838 0.870557
839 0.858012
840 0.888783
841 0.888842
842 0.866955
843 0.858293
844 0.889118
845 0.880533
846 0.86928
847 0.862428
848 0.88935
849 0.889103
850 0.869407
851 0.862765
852 0.889498
853 0.873193
854 0.869795
855 0.86233
856 0.889255
857 0.86937
858 0.868742
859 0.861783
860 0.88896
861 0.888842
862 0.86926
863 0.862773
864 0.8918
865 0.888472
866 0.869798
867 0.862387
868 0.889382
869 0.88946
870 0.868463
871 0.85978
872 0.889092
873 0.88915
874 0.869745
875 0.861577
876 0.888995
877 0.889142
878 0.86994
879 0.86276
880 0.889803
881 0.889605
882 0.871435
883 0.863115
884 0.888365
885 0.889308
886 0.871185
887 0.863062
888 0.888907
889 0.88965
890 0.870592
891 0.862748
892 0.88817
893 0.88936
894 0.870332
895 0.862275
896 0.88939
897 0.88939
898 0.87065
899 0.862128
900 0.889142
901 0.889408
902 0.870607
903 0.86232
904 0.889628
905 0.88945
906 0.87018
907 0.861655
908 0.89013
909 0.889845
910 0.869557
911 0.861572
912 0.890175
913 0.88872
914 0.868008
915 0.862607
916 0.890578
917 0.890625
918 0.871197
919 0.863463
920 0.88887
921 0.890282
922 0.87127
923 0.862387
924 0.890798
925 0.89082
926 0.868093
927 0.86135
928 0.89064
929 0.890587
930 0.86885
931 0.862175
932 0.89064
933 0.88887
934 0.86973
935 0.862267
936 0.88899
937 0.889105
938 0.86952
939 0.862115
940 0.889563
941 0.888655
942 0.868735
943 0.861383
944 0.889005
945 0.8889
946 0.869017
947 0.860905
948 0.888798
949 0.888833
950 0.870117
951 0.86053
952 0.888722
953 0.890003
954 0.868152
955 0.862827
956 0.88996
957 0.889543
958 0.86949
959 0.862773
960 0.88987
961 0.889885
962 0.868513
963 0.86172
964 0.889605
965 0.89049
966 0.86815
967 0.86099
968 0.88972
969 0.88967
970 0.868102
971 0.86073
972 0.889332
973 0.889235
974 0.8682
975 0.860555
976 0.888487
977 0.888215
978 0.866958
979 0.859415
980 0.886825
981 0.886405
982 0.865282
983 0.859248
984 0.886678
985 0.88667
986 0.866772
987 0.857655
988 0.887027
989 0.887435
990 0.86704
991 0.861938
992 0.888485
993 0.888235
994 0.868387
995 0.85989
996 0.889297
997 0.888515
998 0.86859
999 0.861
1000 0.889182
1001 0.889393
1002 0.869405
1003 0.860513
1004 0.889602
1005 0.889752
1006 0.86733
1007 0.859073
1008 0.889692
1009 0.88991
1010 0.867125
1011 0.859137
1012 0.88981
1013 0.886432
1014 0.867185
1015 0.858202
1016 0.886513
1017 0.887085
1018 0.866953
1019 0.858478
1020 0.886918
1021 0.886463
1022 0.867735
1023 0.858093
1024 0.88666
1025 0.88684
1026 0.868173
1027 0.858143
1028 0.88967
1029 0.886552
1030 0.867328
1031 0.857958
1032 0.887182
1033 0.886818
1034 0.867185
1035 0.85852
1036 0.887617
1037 0.8876
1038 0.866575
1039 0.859635
1040 0.887443
1041 0.88735
1042 0.86666
1043 0.85933
1044 0.887405
1045 0.887517
1046 0.866513
1047 0.860095
1048 0.886985
1049 0.88689
1050 0.86721
1051 0.859583
1052 0.887288
1053 0.88733
1054 0.86723
1055 0.859533
1056 0.887382
1057 0.887378
1058 0.867085
1059 0.859745
1060 0.888058
1061 0.886935
1062 0.867123
1063 0.85424
1064 0.887387
1065 0.886625
1066 0.86553
1067 0.856282
1068 0.886728
1069 0.886845
1070 0.865753
1071 0.853742
1072 0.886625
1073 0.886545
1074 0.864322
1075 0.85642
1076 0.886713
1077 0.8867
1078 0.865093
1079 0.856775
1080 0.886842
1081 0.886815
1082 0.867235
1083 0.856965
1084 0.886898
1085 0.886822
1086 0.86807
1087 0.858762
1088 0.885285
1089 0.885385
1090 0.867533
1091 0.859267
1092 0.885567
1093 0.887517
1094 0.86841
1095 0.859032
1096 0.885432
1097 0.885695
1098 0.868032
1099 0.860507
1100 0.885792
1101 0.887217
1102 0.868097
1103 0.857818
1104 0.885565
1105 0.885593
1106 0.867335
1107 0.85764
1108 0.88566
1109 0.88583
1110 0.867505
1111 0.858895
1112 0.88485
1113 0.885223
1114 0.86671
1115 0.858725
1116 0.885408
1117 0.885587
1118 0.866062
1119 0.85863
1120 0.886243
1121 0.886508
1122 0.866012
1123 0.858648
1124 0.886725
1125 0.886275
1126 0.865953
1127 0.857615
1128 0.885402
1129 0.88557
1130 0.865067
1131 0.85939
1132 0.885648
1133 0.88572
1134 0.86309
1135 0.85969
1136 0.886777
1137 0.886668
1138 0.864097
1139 0.859345
1140 0.887025
1141 0.88723
1142 0.863958
1143 0.855372
1144 0.886602
1145 0.886675
1146 0.864128
1147 0.854152
1148 0.887068
1149 0.887585
1150 0.864548
1151 0.852712
1152 0.888443
1153 0.886217
1154 0.864405
1155 0.852232
1156 0.888633
1157 0.888285
1158 0.858132
1159 0.846407
1160 0.886055
1161 0.88661
1162 0.85361
1163 0.841683
1164 0.885493
1165 0.885783
1166 0.859993
1167 0.847993
1168 0.886865
1169 0.886515
1170 0.86471
1171 0.854815
1172 0.886252
1173 0.886942
1174 0.865472
1175 0.855915
1176 0.887167
1177 0.88745
1178 0.865648
1179 0.85539
1180 0.88741
1181 0.887622
1182 0.86825
1183 0.85626
1184 0.887912
1185 0.888023
1186 0.869932
1187 0.862977
1188 0.886247
1189 0.88626
1190 0.869885
1191 0.86224
1192 0.88609
1193 0.88638
1194 0.869428
1195 0.86229
1196 0.886465
1197 0.887035
1198 0.866425
1199 0.862585
1200 0.886775
1201 0.887385
1202 0.870202
1203 0.86273
1204 0.88751
1205 0.887413
1206 0.868977
1207 0.861252
1208 0.88736
1209 0.88735
1210 0.868613
1211 0.862655
1212 0.888657
1213 0.888563
1214 0.868162
1215 0.861565
1216 0.888188
1217 0.888293
1218 0.867908
1219 0.86097
1220 0.886158
1221 0.88803
1222 0.867897
1223 0.86048
1224 0.888047
1225 0.88873
1226 0.86351
1227 0.86004
1228 0.888672
1229 0.888948
1230 0.865332
1231 0.85952
1232 0.888625
1233 0.888075
1234 0.866772
1235 0.858707
1236 0.888167
1237 0.888073
1238 0.865895
1239 0.857518
1240 0.887973
1241 0.887208
1242 0.86531
1243 0.857825
1244 0.887895
1245 0.887707
1246 0.86726
1247 0.85929
1248 0.888018
1249 0.885957
1250 0.867
1251 0.85885
1252 0.887243
1253 0.886607
1254 0.866023
1255 0.8577
1256 0.88697
1257 0.886968
1258 0.865223
1259 0.856513
1260 0.887053
1261 0.88524
1262 0.86315
1263 0.855213
1264 0.885957
1265 0.88626
1266 0.86333
1267 0.854953
1268 0.885877
1269 0.886635
1270 0.863065
1271 0.852343
1272 0.886918
1273 0.886127
1274 0.862147
1275 0.851962
1276 0.887138
1277 0.887555
1278 0.862965
1279 0.854237
1280 0.887768
1281 0.887763
1282 0.863365
1283 0.854875
1284 0.888147
1285 0.88779
1286 0.86614
1287 0.855977
1288 0.887
1289 0.88687
1290 0.864965
1291 0.854877
1292 0.886953
1293 0.886933
1294 0.865158
1295 0.85504
1296 0.88695
1297 0.887138
1298 0.863982
1299 0.854008
1300 0.887985
1301 0.88806
1302 0.86531
1303 0.85361
1304 0.88819
1305 0.887992
1306 0.848342
1307 0.85142
1308 0.888595
1309 0.88867
1310 0.864605
1311 0.852575
1312 0.88731
1313 0.88752
1314 0.861955
1315 0.851348
1316 0.887373
1317 0.888452
1318 0.861263
1319 0.85197
1320 0.88821
1321 0.888325
1322 0.858495
1323 0.845915
1324 0.888572
1325 0.88871
1326 0.858415
1327 0.845932
1328 0.888745
1329 0.887657
1330 0.859163
1331 0.846862
1332 0.888792
1333 0.88862
1334 0.857655
1335 0.845252
1336 0.887927
1337 0.888097
1338 0.85343
1339 0.84011
1340 0.88806
1341 0.8881
1342 0.852973
1343 0.840152
1344 0.887718
1345 0.88782
1346 0.852535
1347 0.841158
1348 0.887535
1349 0.887655
1350 0.854043
1351 0.842355
1352 0.887977
1353 0.887502
1354 0.85397
1355 0.843172
1356 0.88691
1357 0.88713
1358 0.855165
1359 0.84066
1360 0.88709
1361 0.88674
1362 0.856727
1363 0.845885
1364 0.886455
1365 0.886472
1366 0.859733
1367 0.838483
1368 0.886915
1369 0.886807
1370 0.8573
1371 0.84194
1372 0.887775
1373 0.888637
1374 0.858315
1375 0.845765
1376 0.888602
1377 0.888315
1378 0.85471
1379 0.83885
1380 0.88855
1381 0.888877
1382 0.86517
1383 0.845692
1384 0.888628
1385 0.888955
1386 0.851463
1387 0.837132
1388 0.88952
1389 0.889317
1390 0.875408
1391 0.835725
1392 0.888445
1393 0.889665
1394 0.854525
1395 0.8398
1396 0.890408
1397 0.890335
1398 0.856642
1399 0.841418
1400 0.891015
1401 0.890927
1402 0.857185
1403 0.842555
1404 0.891475
1405 0.891545
1406 0.859838
1407 0.845773
1408 0.89174
1409 0.89197
1410 0.86658
1411 0.85021
1412 0.891485
1413 0.891203
1414 0.86211
1415 0.849927
1416 0.89083
1417 0.891
1418 0.861555
1419 0.849097
1420 0.89075
1421 0.890585
1422 0.863147
1423 0.84973
1424 0.891317
1425 0.890718
1426 0.86237
1427 0.849267
1428 0.890463
1429 0.89603
1430 0.863655
1431 0.850248
1432 0.889583
1433 0.889635
1434 0.863812
1435 0.845785
1436 0.891253
1437 0.891338
1438 0.865422
1439 0.854622
1440 0.889382
1441 0.904565
1442 0.86569
1443 0.851812
1444 0.888247
1445 0.888877
1446 0.863705
1447 0.853005
1448 0.888862
1449 0.888475
1450 0.865577
1451 0.85677
1452 0.889345
1453 0.889458
1454 0.876185
1455 0.862355
1456 0.88954
1457 0.889197
1458 0.880278
1459 0.86496
1460 0.889478
1461 0.890792
1462 0.871343
1463 0.873897
1464 0.892092
1465 0.890382
1466 0.88008
1467 0.879933
1468 0.894223
1469 0.893607
1470 0.882115
1471 0.87618
1472 0.89603
1473 0.890815
1474 0.84544
1475 0.871058
1476 0.896138
1477 0.894733
1478 0.87442
1479 0.86755
1480 0.894065
1481 0.893517
1482 0.868255
1483 0.863768
1484 0.892525
1485 0.903543
1486 0.867877
1487 0.876147
1488 0.893373
1489 0.904397
1490 0.869895
1491 0.873653
1492 0.895927
1493 0.89581
1494 0.875302
1495 0.87819
1496 0.892105
1497 0.881607
1498 0.879208
1499 0.876748
1500 0.8951
1501 0.89752
1502 0.877382
1503 0.876873
1504 0.898112
1505 0.91808
1506 0.878195
1507 0.876957
1508 0.897443
1509 0.900367
1510 0.88082
1511 0.884977
1512 0.905405
1513 0.904987
1514 0.872997
1515 0.881258
1516 0.894358
1517 0.890548
1518 0.881328
1519 0.883385
1520 0.90459
1521 0.906895
1522 0.871792
1523 0.882513
1524 0.90293
1525 0.891352
1526 0.878918
1527 0.87753
1528 0.90507
1529 0.905177
1530 0.842105
1531 0.875012
1532 0.890657
1533 0.898955
1534 0.872152
1535 0.869595
1536 0.900675
1537 0.87563
1538 0.86302
1539 0.8603
1540 0.905155
1541 0.899625
1542 0.853712
1543 0.859535
1544 0.897223
1545 0.898663
1546 0.84547
1547 0.850885
1548 0.895837
1549 0.897705
1550 0.843583
1551 0.836575
1552 0.88888
1553 0.886898
1554 0.828963
1555 0.83116
1556 0.883143
1557 0.898188
1558 0.82876
1559 0.832533
1560 0.88581
1561 0.88622
1562 0.804837
1563 0.826945
1564 0.878885
1565 0.887145
1566 0.83997
1567 0.85453
1568 0.886352
1569 0.88656
1570 0.85
1571 0.84928
1572 0.883833
1573 0.889818
1574 0.85496
1575 0.859925
1576 0.899068
1577 0.891085
1578 0.827773
1579 0.863853
1580 0.898197
1581 0.89923
1582 0.872707
1583 0.853527
1584 0.898513
1585 0.905678
1586 0.865082
1587 0.855193
1588 0.897755
1589 0.896508
1590 0.860025
1591 0.847442
1592 0.894665
1593 0.893495
1594 0.861725
1595 0.830692
1596 0.891168
1597 0.88249
1598 0.840457
1599 0.832952
1600 0.890475
1601 0.890655
1602 0.838252
1603 0.863138
1604 0.890663
1605 0.89032
1606 0.832797
1607 0.821987
1608 0.894763
1609 0.89779
1610 0.85946
1611 0.820412
1612 0.899365
1613 0.900783
1614 0.82448
1615 0.825512
1616 0.900722
1617 0.888685
1618 0.831325
1619 0.826008
1620 0.897047
1621 0.89879
1622 0.766367
1623 0.82415
1624 0.902033
1625 0.88356
1626 0.778338
1627 0.840387
1628 0.88929
1629 0.912365
1630 0.685403
1631 0.852155
1632 0.91602
1633 0.918525
1634 0.872267
1635 0.84554
1636 0.918725
1637 0.918578
1638 0.77044
1639 0.839817
1640 0.916285
1641 0.915197
1642 0.524517
1643 0.861213
1644 0.914285
1645 0.912055
1646 0.78814
1647 0.847655
1648 0.91209
1649 0.912455
1650 0.869803
1651 0.872777
1652 0.910353
1653 0.90986
1654 0.862695
1655 0.870475
1656 0.906508
1657 0.90428
1658 0.85543
1659 0.853335
1660 0.90285
1661 0.905045
1662 0.861903
1663 0.851428
1664 0.90005
1665 0.899578
1666 0.849418
1667 0.85843
1668 0.901537
1669 0.901968
1670 0.860102
1671 0.853982
1672 0.90671
1673 0.909907
1674 0.810288
1675 0.831353
1676 0.909105
1677 0.906188
1678 0.84569
1679 0.85203
1680 0.897905
1681 0.89375
1682 0.819362
1683 0.7936
1684 0.884255
1685 0.768598
1686 0.779035
1687 0.76301
1688 0.87219
1689 0.871173
1690 0.648068
1691 0.766247
1692 0.873158
1693 0.870247
1694 0.476992
1695 0.756655
1696 0.869395
1697 0.894253
1698 0.800998
1699 0.803885
1700 0.86777
1701 0.868965
1702 0.81619
1703 0.812603
1704 0.866888
1705 0.86779
1706 0.814338
1707 0.752637
1708 0.859527
1709 0.855915
1710 0.694823
1711 0.784053
1712 0.856123
1713 0.832148
1714 0.780042
1715 0.774415
1716 0.82374
1717 0.846553
1718 0.773895
1719 0.763705
1720 0.817937
1721 0.820433
1722 0.766972
1723 0.861915
1724 0.818492
1725 0.816468
1726 0.738875
1727 0.758853
1728 0.812002
1729 0.809787
1730 0.768088
1731 0.814102
1732 0.79215
1733 0.77906
1734 0.660632
1735 0.820695
1736 0.686852
1737 0.677288
1738 0.619493
1739 0.619537
1740 0.748382
1741 0.605367
1742 0.578723
1743 0.568885
1744 0.565253
1745 0.561318
1746 0.546418
1747 0.642247
1748 0.515447
1749 0.494658
1750 0.494393
1751 0.51665
1752 0.504493
1753 0.488413
1754 0.471237
1755 0.46088
1756 0.866888
1757 0.625012
1758 0.464697
1759 0.455473
1760 0.606657
1761 0.4657
1762 0.457165
1763 0.449937
1764 0.82016
1765 0.423555
1766 0.454295
1767 0.4511
1768 0.47511
1769 0.47622
1770 0.474168
1771 0.460927
1772 0.488073
1773 0.490865
1774 0.45392
1775 0.460527
1776 0.49425
1777 0.491808
1778 0.474278
1779 0.478635
1780 0.474425
1781 0.472425
1782 0.454292
1783 0.702205
1784 0.457163
1785 0.449483
1786 0.431895
1787 0.414338
1788 0.897905
1789 0.425615
1790 0.410017
1791 0.418893
1792 0.408882
1793 0.406602
1794 0.392983
1795 0.370098
1796 0.51223
1797 0.384018
1798 0.464267
1799 0.35731
1800 0.382292
1801 0.387908
1802 0.375482
1803 0.36369
1804 0.389675
1805 0.391443
1806 0.379192
1807 0.36568
1808 0.39983
1809 0.392977
1810 0.379065
1811 0.356775
1812 0.389435
1813 0.380213
1814 0.363885
1815 0.345307
1816 0.373345
1817 0.386252
1818 0.347985
1819 0.350455
1820 0.378157
1821 0.37243
1822 0.328798
1823 0.33191
1824 0.398075
1825 0.368715
1826 0.329805
1827 0.327875
1828 0.808647
1829 0.449483
1830 0.308198
1831 0.30802
1832 0.341322
1833 0.335763
1834 0.32473
1835 0.314933
1836 0.32079
1837 0.260383
1838 0.32094
1839 0.315673
1840 0.638872
1841 0.30216
1842 0.31674
1843 0.30346
1844 0.369595
1845 0.271885
1846 0.35631
1847 0.2881
1848 0.256335
1849 0.372737
1850 0.285835
1851 0.267572
1852 0.22494
1853 0.21519
1854 0.262118
1855 0.36071
1856 0.215727
1857 0.216888
1858 0.263918
1859 0.245032
1860 0.218067
1861 0.213108
1862 0.39499
1863 0.23291
1864 0.19705
1865 0.19431
1866 0.232588
1867 0.256375
1868 0.206885
1869 0.202665
1870 0.263323
1871 0.256972
1872 0.22088
1873 0.22332
1874 0.270267
1875 0.26779
1876 0.486627
1877 0.228073
1878 0.07949
1879 0.27177
1880 0.23853
1881 0.24533
1882 0.288787
1883 0.269875
1884 0.26302
1885 0.27059
1886 0.29144
1887 0.278168
1888 0.274732
1889 0.30038
1890 0.311933
1891 0.261115
1892 0.293935
1893 0.33163
1894 0.323632
1895 0.306538
1896 0.3385
1897 0.340715
1898 0.316702
1899 0.3039
1900 0.360467
1901 0.366515
1902 0.357517
1903 0.392493
1904 0.428563
1905 0.446103
1906 0.449365
1907 0.446412
1908 0.48333
1909 0.488623
1910 0.479195
1911 0.455305
1912 0.466622
1913 0.46636
1914 0.487482
1915 0.42347
1916 0.448587
1917 0.441258
1918 0.417235
1919 0.397985
1920 0.259217
1921 0.35077
1922 0.4004
1923 0.373445
1924 0.412488
1925 0.386157
1926 0.356683
1927 0.471055
1928 0.349318
1929 0.004555
1930 0.116388
1931 0.312327
1932 0.342585
1933 0.314623
1934 0.29859
1935 0.341265
1936 0.295215
1937 0.292152
1938 0.083245
1939 0.279335
1940 0.294095
1941 0.278815
1942 0.273068
1943 0.263522
1944 0.272615
1945 0.288305
1946 0.258912
1947 0.238248
1948 0.342555
1949 0.235948
1950 0.07877
1951 0.420145
1952 0.208833
1953 0.19453
1954 0.207065
1955 0.190458
1956 0.174327
1957 0.167355
1958 0.0982675
1959 0.158842
1960 0.140327
1961 0.128018
1962 0.0795725
1963 0.126628
1964 0.251748
1965 0.10001
1966 0.131823
1967 0.110238
1968 0.178478
1969 0.063595
1970 0.106883
1971 0.09749
1972 0.033575
1973 0.149317
1974 0.11779
1975 0.146482
1976 0.016235
1977 0.0119
1978 0.07949
1979 0.281392
1980 0.0081525
1981 0.00776
1982 0.07886
1983 0.0746825
1984 0.00697
1985 0.0066125
1986 0.07877
1987 0.07408
1988 0.0052125
1989 0.0043875
1990 0.0778325
1991 0.072495
1992 0.0047975
1993 0.004605
1994 0.07784
1995 0.07412
1996 0.0043875
1997 0.0042475
1998 0.231717
1999 0.07442
2000 0.0968125
2001 0.008045
2002 0.0916375
2003 0.093905
2004 0.0367225
2005 0.050825
2006 0.169715
2007 0.146333
2008 0.19453
2009 0.100032
2010 0.19282
2011 0.114032
2012 0.207895
2013 0.162357
2014 0.24993
2015 0.256188
2016 0.215735
2017 0.0144275
2018 0.203343
2019 0.211255
2020 0.280622
2021 0.296457
2022 0.347595
2023 0.25504
2024 0.327068
2025 0.344722
2026 0.130527
2027 0.373103
2028 0.383493
2029 0.0185975
2030 0.403052
2031 0.07423
2032 0.405155
2033 0.407867
2034 0.388817
2035 0.37321
2036 0.104725
2037 0.0537525
2038 0.346643
2039 0.33703
2040 0.341995
2041 0.0934875
2042 0.30889
2043 0.292478
2044 0.283083
2045 0.279122
2046 0.0973025
2047 0.25205
2048 0.25851
2049 0.350598
2050 0.255563
2051 0.216087
2052 0.231765
2053 0.134745
2054 0.20974
2055 0.198142
2056 0.197515
2057 0.1937
2058 0.184447
2059 0.173305
2060 0.168865
2061 0.148265
2062 0.151377
2063 0.141935
2064 0.12308
2065 0.110823
2066 0.104845
2067 0.19148
2068 0.087335
2069 0.358573
2070 0.130952
2071 0.125775
2072 0.0741425
2073 0.0649725
2074 0.121655
2075 0.140698
2076 0.0486275
2077 0.04247
2078 0.101797
2079 0.177218
2080 0.026475
2081 0.493412
2082 0.0869625
2083 0.08157
2084 0.0144275
2085 0.01337
2086 0.0874975
2087 0.08258
2088 0.0137575
2089 0.307185
2090 0.086445
2091 0.309812
2092 0.01288
2093 0.0129625
2094 0.0859975
2095 0.0817375
2096 0.01337
2097 0.059675
2098 0.08668
2099 0.0822125
2100 0.0149275
2101 0.0176575
2102 0.287172
2103 0.0928625
2104 0.0293925
2105 0.0324275
2106 0.110308
2107 0.112755
2108 0.0101175
2109 0.057935
2110 0.139203
2111 0.121655
2112 0.0866875
2113 0.0974675
2114 0.157938
2115 0.176157
2116 0.129468
2117 0.1383
2118 0.212285
2119 0.221027
2120 0.118205
2121 0.197843
2122 0.263295
2123 0.269128
2124 0.257745
2125 0.13597
2126 0.313233
2127 0.243333
2128 0.362575
2129 0.37665
2130 0.199008
2131 0.357862
2132 0.447418
2133 0.457278
2134 0.07883
2135 0.194703
2136 0.50987
2137 0.228577
2138 0.420428
2139 0.397445
2140 0.512443
2141 0.24521
2142 0.402653
2143 0.383918
2144 0.501115
2145 0.493412
2146 0.375395
2147 0.360837
2148 0.01337
2149 0.47539
2150 0.0814375
2151 0.327833
2152 0.390468
2153 0.394892
2154 0.28031
2155 0.280305
2156 0.342095
2157 0.323437
2158 0.289268
2159 0.253125
2160 0.324795
2161 0.31682
2162 0.286203
2163 0.246095
2164 0.311652
2165 0.309928
2166 0.278665
2167 0.26842
2168 0.297478
2169 0.39869
2170 0.257063
2171 0.257368
2172 0.270427
2173 0.268238
2174 0.252155
2175 0.237485
2176 0.23452
2177 0.078625
2178 0.21848
2179 0.209948
2180 0.24452
2181 0.0050225
2182 0.195392
2183 0.19195
2184 0.15105
2185 0.0315825
2186 0.17856
2187 0.170495
2188 0.400225
2189 0.457647
2190 0.155005
2191 0.14296
2192 0.119783
2193 0.074225
2194 0.12628
2195 0.1165
2196 0.04697
2197 0.0404575
2198 0.108397
2199 0.0937125
2200 0.325155
2201 0.045125
2202 0.091735
2203 0.0801
2204 0.0499875
2205 0.0159075
2206 0.0847225
2207 0.07058
2208 0.350065
2209 0.0106225
2210 0.07692
2211 0.0671875
2212 0.130655
2213 0.0043
2214 0.07556
2215 0.070945
2216 0.0019475
2217 0.043675
2218 0.0880925
2219 0.10427
2220 0.0888
2221 0.00211
2222 0.07579
2223 0.07046
2224 0.009055
2225 0.00305
2226 0.109685
2227 0.0716825
2228 0.08949
2229 0.003415
2230 0.0785025
2231 0.073115
2232 0.0032575
2233 0.00319
2234 0.0782725
2235 0.0736425
2236 0.0037925
2237 0.112245
2238 0.0786425
2239 0.0740425
2240 0.0039775
2241 0.0040075
2242 0.078625
2243 0.0743725
2244 0.00281
2245 0.096865
2246 0.151922
2247 0.074795
2248 0.0040375
2249 0.00417
2250 0.12131
2251 0.075715
2252 0.0050225
2253 0.005595
2254 0.0811975
2255 0.077365
2256 0.006275
2257 0.005755
2258 0.082735
2259 0.0777375
2260 0.007095
2261 0.0074175
2262 0.0825975
2263 0.0745725
2264 0.160977
2265 0.00863
2266 0.128007
2267 0.084555
2268 0.018955
2269 0.02692
2270 0.105557
2271 0.1102
2272 0.07494
2273 0.053075
2274 0.0870325
2275 0.138192
2276 0.074
2277 0.0790625
2278 0.15364
2279 0.15101
2280 0.0883075
2281 0.0922675
2282 0.16497
2283 0.163442
2284 0.099645
2285 0.100687
2286 0.173758
2287 0.10474
2288 0.097965
2289 0.106182
2290 0.176987
2291 0.17326
2292 0.106027
2293 0.104158
2294 0.153748
2295 0.164865
2296 0.100947
2297 0.100385
2298 0.15796
2299 0.149973
2300 0.0040375
2301 0.070545
2302 0.15084
2303 0.140387
2304 0.112367
2305 0.0690525
2306 0.131752
2307 0.13476
2308 0.111047
2309 0.1106
2310 0.136252
2311 0.134895
2312 0.108738
2313 0.104858
2314 0.111433
2315 0.135315
2316 0.0920625
2317 0.0885225
2318 0.107747
2319 0.11085
2320 0.07776
2321 0.056945
2322 0.116877
2323 0.10896
2324 0.069355
2325 0.06504
2326 0.112958
2327 0.108997
2328 0.059865
2329 0.057865
2330 0.11049
2331 0.102292
2332 0.0517475
2333 0.106317
2334 0.09078
2335 0.082005
2336 0.0185425
2337 0.03677
2338 0.081995
2339 0.07553
2340 0.030215
2341 0.0289825
2342 0.1188
2343 0.0848075
2344 0.0240625
2345 0.0239425
2346 0.09045
2347 0.16277
2348 0.01784
2349 0.016525
2350 0.0882025
2351 0.0875175
2352 0.0206975
2353 0.0172625
2354 0.09233
2355 0.086755
2356 0.01833
2357 0.01849
2358 0.089825
2359 0.0850725
2360 0.0161
2361 0.0161225
2362 0.090325
2363 0.085385
2364 0.0165175
2365 0.01639
2366 0.133005
2367 0.0990075
2368 0.0165175
2369 0.01668
2370 0.088965
2371 0.08446
2372 0.0172925
2373 0.0330325
2374 0.09078
2375 0.10762
2376 0.01689
2377 0.01607
2378 0.0893725
2379 0.07859
2380 0.0149925
2381 0.01484
2382 0.086915
2383 0.08552
2384 0.02319
2385 0.0359575
2386 0.113025
2387 0.12755
2388 0.0085525
2389 0.04668
2390 0.14558
2391 0.143868
2392 0.08454
2393 0.100612
2394 0.150608
2395 0.147425
2396 0.098815
2397 0.0287275
2398 0.13931
2399 0.141272
2400 0.08906
2401 0.0554425
2402 0.14277
2403 0.129935
2404 0.0178075
2405 0.0885075
2406 0.0950875
2407 0.12745
2408 0.08704
2409 0.086195
2410 0.140058
2411 0.138742
2412 0.0845525
2413 0.08069
2414 0.140555
2415 0.13063
2416 0.06098
2417 0.0607825
2418 0.125012
2419 0.108872
2420 0.0481475
2421 0.0752725
2422 0.10334
2423 0.08809
2424 0.0269275
2425 0.085345
2426 0.0858475
2427 0.0662525
2428 0.057865
2429 0.00836
2430 0.0739
2431 0.077635
2432 0.0010375
2433 0.011685
2434 0.081365
2435 0.101873
2436 0.039855
2437 0.0199475
2438 0.119885
2439 0.08977
2440 0.0515975
2441 0.0524875
2442 0.127947
2443 0.125105
2444 0.0009175
2445 0.0567775
2446 0.107717
2447 0.1499
2448 0.0577225
2449 0.0583125
2450 0.111805
2451 0.0964475
2452 0.0565275
2453 0.0564675
2454 0.08883
2455 0.083475
2456 0.055765
2457 0.0551675
2458 0.102065
2459 0.10848
2460 0.0554425
2461 0.0568575
2462 0.182498
2463 0.136832
2464 0.0570225
2465 0.0168225
2466 0.1476
2467 0.105137
2468 0.032345
2469 0.02851
2470 0.0978875
2471 0.09195
2472 0.02019
2473 0.017575
2474 0.0897825
2475 0.0807175
2476 0.0149525
2477 0.0168225
2478 0.0784075
2479 0.08114
2480 0.015845
2481 0.0156875
2482 0.0901725
2483 0.08711
2484 0.02629
2485 0.0180175
2486 0.0933425
2487 0.089245
2488 0.0795625
2489 0.01901
2490 0.0940975
2491 0.0905325
2492 0.019865
2493 0.0199175
2494 0.0947775
2495 0.0902775
2496 0.0199425
2497 0.0200825
2498 0.094625
2499 0.0909775
2500 0.0601125
2501 0.0201
2502 0.0947225
2503 0.0912975
2504 0.0205125
2505 0.0205575
2506 0.0950875
2507 0.087315
2508 0.05565
2509 0.03507
2510 0.111723
2511 0.112193
2512 0.05841
2513 0.0628225
2514 0.142072
2515 0.135497
2516 0.0756225
2517 0.0759925
2518 0.14512
2519 0.0892825
2520 0.0050875
2521 0.0016775
2522 0.14863
2523 0.147657
2524 0.01088
2525 0.0850925
2526 0.0785475
2527 0.149812
2528 0.08969
2529 0.00188
2530 0.14864
2531 0.143785
2532 0.0915775
2533 0.0913025
2534 0.150372
2535 0.1277
2536 0.09168
2537 0.0914275
2538 0.07858
2539 0.124695
2540 0.09293
2541 0.09087
2542 0.138295
2543 0.1176
2544 0.0864125
2545 0.0883075
2546 0.15301
2547 0.15189
2548 0.0845825
2549 0.083725
2550 0.0926975
2551 0.136052
2552 0.07193
2553 0.0682625
2554 0.132285
2555 0.119985
2556 0.0577725
2557 0.050785
2558 0.115462
2559 0.09772
2560 0.03608
2561 0.05793
2562 0.0962825
2563 0.15005
2564 0.0375475
2565 0.001645
2566 0.0777925
2567 0.0751175
2568 0.0630075
2569 0.0165925
2570 0.0799475
2571 0.07477
2572 0.001645
2573 0.131302
2574 0.106855
2575 0.0743125
2576 0.00169
2577 0.001725
2578 0.0784825
2579 0.0743475
2580 0.0016775
2581 0.0016175
2582 0.07845
2583 0.074235
2584 0.00156
2585 0.213785
2586 0.0779375
2587 0.0733625
2588 0.00202
2589 0.00188
2590 0.0778625
2591 0.196848
2592 0.019435
2593 0.198285
2594 0.0778875
2595 0.0736625
2596 0.0018225
2597 0.0017775
2598 0.131782
2599 0.073595
2600 0.0017
2601 0.00169
2602 0.095835
2603 0.073555
2604 0.0017375
2605 0.00176
2606 0.0779875
2607 0.0738375
2608 0.0019075
2609 0.0019125
2610 0.0781375
2611 0.074205
2612 0.0018975
2613 0.060655
2614 0.078315
2615 0.117583
2616 0.00177
2617 0.0017575
2618 0.07843
2619 0.17288
2620 0.0016775
2621 0.0017125
2622 0.0785425
2623 0.07433
2624 0.0017775
2625 0.00179
2626 0.217998
2627 0.0972075
2628 0.0330975
2629 0.0398175
2630 0.11858
2631 0.07427
2632 0.048695
2633 0.04961
2634 0.125605
2635 0.0739525
2636 0.053675
2637 0.0594875
2638 0.133075
2639 0.144803
2640 0.0858075
2641 0.09679
2642 0.15924
2643 0.185018
2644 0.13141
2645 0.138027
2646 0.217998
2647 0.150163
2648 0.16914
2649 0.183175
2650 0.227252
2651 0.215938
2652 0.196483
2653 0.211058
2654 0.191715
2655 0.116703
2656 0.0346625
2657 0.214987
2658 0.20497
2659 0.21899
2660 0.064855
2661 0.21436
2662 0.236995
2663 0.237602
2664 0.046145
2665 0.233515
2666 0.234428
2667 0.22366
2668 0.197465
2669 0.19898
2670 0.22551
2671 0.214915
2672 0.199267
2673 0.165378
2674 0.211017
2675 0.211205
2676 0.00185
2677 0.166582
2678 0.15381
2679 0.17975
2680 0.193162
2681 0.119923
2682 0.16742
2683 0.179563
2684 0.168655
2685 0.163445
2686 0.180232
2687 0.234665
2688 0.15136
2689 0.145785
2690 0.184915
2691 0.177742
2692 0.134277
2693 0.13228
2694 0.18003
2695 0.16926
2696 0.0480375
2697 0.112115
2698 0.167242
2699 0.153282
2700 0.099625
2701 0.0941925
2702 0.15304
2703 0.17314
2704 0.07917
2705 0.0766275
2706 0.185737
2707 0.140973
2708 0.0662425
2709 0.06385
2710 0.132315
2711 0.127298
2712 0.0652675
2713 0.142873
2714 0.154375
2715 0.12873
2716 0.0667825
2717 0.066425
2718 0.132623
2719 0.176212
2720 0.191355
2721 0.06303
2722 0.131738
2723 0.126947
2724 0.0633075
2725 0.0640075
2726 0.13304
2727 0.142813
2728 0.00177
2729 0.066565
2730 0.152237
2731 0.130983
2732 0.105612
2733 0.100373
2734 0.171245
2735 0.129993
2736 0.10867
2737 0.0702575
2738 0.179313
2739 0.128108
2740 0.122953
2741 0.11343
2742 0.136472
2743 0.131667
2744 0.115498
2745 0.096715
2746 0.185613
2747 0.179563
2748 0.119828
2749 0.114785
2750 0.191342
2751 0.185525
2752 0.158085
2753 0.1229
2754 0.190705
2755 0.189365
2756 0.163155
2757 0.12806
2758 0.197208
2759 0.141097
2760 0.142068
2761 0.129507
2762 0.1988
2763 0.18889
2764 0.130883
2765 0.13197
2766 0.196148
2767 0.186378
2768 0.133628
2769 0.133813
2770 0.19331
2771 0.137385
2772 0.133887
2773 0.13499
2774 0.192023
2775 0.184505
2776 0.135697
2777 0.13579
2778 0.153895
2779 0.174365
2780 0.13859
2781 0.13999
2782 0.16553
2783 0.174168
2784 0.141955
2785 0.14148
2786 0.178897
2787 0.16505
2788 0.140692
2789 0.141692
2790 0.1724
2791 0.15916
2792 0.143067
2793 0.14278
2794 0.166167
2795 0.155803
2796 0.142725
2797 0.142662
2798 0.16433
2799 0.151867
2800 0.10602
2801 0.14341
2802 0.170992
2803 0.146512
2804 0.142097
2805 0.142008
2806 0.156565
2807 0.143393
2808 0.142992
2809 0.142907
2810 0.154895
2811 0.146175
2812 0.142607
2813 0.1555
2814 0.153895
2815 0.174365
2816 0.143437
2817 0.143843
2818 0.154092
2819 0.15119
2820 0.144187
2821 0.144203
2822 0.155075
2823 0.162568
2824 0.147635
2825 0.144352
2826 0.154883
2827 0.142457
2828 0.143882
2829 0.14339
2830 0.15419
2831 0.141945
2832 0.14312
2833 0.14308
2834 0.15433
2835 0.141932
2836 0.155422
2837 0.146827
2838 0.17152
2839 0.144758
2840 0.128315
2841 0.146558
2842 0.155998
2843 0.144143
2844 0.085315
2845 0.14459
2846 0.154358
2847 0.141063
2848 0.123105
2849 0.144932
2850 0.155183
2851 0.143547
2852 0.145657
2853 0.145792
2854 0.155328
2855 0.143292
2856 0.151638
2857 0.146122
2858 0.15535
2859 0.14253
2860 0.146675
2861 0.145427
2862 0.154053
2863 0.142137
2864 0.14608
2865 0.180173
2866 0.155695
2867 0.144498
2868 0.147885
2869 0.148528
2870 0.157832
2871 0.14605
2872 0.150058
2873 0.35745
2874 0.158592
2875 0.14576
2876 0.149468
2877 0.148498
2878 0.156285
2879 0.146655
2880 0.13837
2881 0.146585
2882 0.16553
2883 0.144953
2884 0.159465
2885 0.159865
2886 0.376007
2887 0.155727
2888 0.162178
2889 0.149775
2890 0.440972
2891 0.146008
2892 0.162665
2893 0.161112
2894 0.16419
2895 0.152418
2896 0.158702
2897 0.15896
2898 0.16524
2899 0.243177
2900 0.15879
2901 0.157958
2902 0.165763
2903 0.15346
2904 0.147828
2905 0.156598
2906 0.16405
2907 0.152003
2908 0.156795
2909 0.45768
2910 0.16398
2911 0.152035
2912 0.14381
2913 0.15525
2914 0.163128
2915 0.151493
2916 0.155278
2917 0.167715
2918 0.192812
2919 0.150312
2920 0.153785
2921 0.15378
2922 0.16131
2923 0.15022
2924 0.154537
2925 0.418445
2926 0.161227
2927 0.150102
2928 0.154707
2929 0.155468
2930 0.161458
2931 0.154697
2932 0.15925
2933 0.160068
2934 0.846135
2935 0.156342
2936 0.162772
2937 0.162607
2938 0.170682
2939 0.157663
2940 0.164353
2941 0.173042
2942 0.16533
2943 0.152268
2944 0.165105
2945 0.18581
2946 0.17622
2947 0.159835
2948 0.174478
2949 0.177673
2950 0.269125
2951 0.176033
2952 0.187227
2953 0.19003
2954 0.19327
2955 0.187855
2956 0.199355
2957 0.201785
2958 0.21192
2959 0.20436
2960 0.21948
2961 0.23376
2962 0.371783
2963 0.225717
2964 0.248438
2965 0.254592
2966 0.40842
2967 0.244445
2968 0.2746
2969 0.28083
2970 0.27601
2971 0.216303
2972 0.206012
2973 0.311503
2974 0.55814
2975 0.239872
2976 0.243418
2977 0.598572
2978 0.316918
2979 0.21556
2980 0.358318
2981 0.898423
2982 0.33886
2983 0.32991
2984 0.396973
2985 0.404178
2986 0.377875
2987 0.574113
2988 0.15035
2989 0.914678
2990 0.390022
2991 0.384082
2992 0.511772
2993 0.57526
2994 0.425007
2995 0.419237
2996 0.568752
2997 0.582145
2998 0.461185
2999 0.311975
3000 0.186963
3001 0.756097
3002 0.61272
3003 0.549292
3004 0.811708
3005 0.817083
3006 0.719612
3007 0.374943
3008 0.84205
3009 0.843925
3010 0.628507
3011 0.68068
3012 0.89042
3013 0.888855
3014 0.689893
3015 0.696755
3016 0.89204
3017 0.897055
3018 0.760845
3019 0.670307
3020 0.90504
3021 0.90554
3022 0.801702
3023 0.79337
3024 0.907088
3025 0.907015
3026 0.720055
3027 0.804373
3028 0.884795
3029 0.90813
3030 0.829102
3031 0.823368
3032 0.788585
3033 0.893168
3034 0.84597
3035 0.837387
3036 0.913462
3037 0.913447
3038 0.87285
3039 0.862052
3040 0.23376
3041 0.912218
3042 0.85014
3043 0.825863
3044 0.161013
3045 0.910273
3046 0.828765
3047 0.806395
3048 0.8986
3049 0.907455
3050 0.842925
3051 0.803517
3052 0.45085
3053 0.879722
3054 0.829952
3055 0.798702
3056 0.611637
3057 0.907675
3058 0.82242
3059 0.8281
3060 0.905842
3061 0.904347
3062 0.831048
3063 0.817125
3064 0.90201
3065 0.883595
3066 0.8312
3067 0.817407
3068 0.240745
3069 0.898608
3070 0.828515
3071 0.818285
3072 0.61662
3073 0.89777
3074 0.827168
3075 0.813603
3076 0.89378
3077 0.894033
3078 0.831788
3079 0.822512
3080 0.766402
3081 0.892617
3082 0.842365
3083 0.83341
3084 0.89171
3085 0.891458
3086 0.853845
3087 0.841712
3088 0.887795
3089 0.887182
3090 0.850513
3091 0.806335
3092 0.867102
3093 0.884517
3094 0.845745
3095 0.797697
3096 0.88141
3097 0.875713
3098 0.852067
3099 0.830313
3100 0.893003
3101 0.878513
3102 0.838677
3103 0.831505
3104 0.87996
3105 0.881023
3106 0.841902
3107 0.827882
3108 0.881288
3109 0.87935
3110 0.83858
3111 0.823905
3112 0.883382
3113 0.883215
3114 0.834202
3115 0.819157
3116 0.880378
3117 0.879177
3118 0.828625
3119 0.81403
3120 0.888227
3121 0.877387
3122 0.837803
3123 0.797555
3124 0.879472
3125 0.876428
3126 0.82954
3127 0.821113
3128 0.8855
3129 0.857865
3130 0.83016
3131 0.815157
3132 0.872625
3133 0.87131
3134 0.831028
3135 0.811917
3136 0.881202
3137 0.867575
3138 0.825985
3139 0.809113
3140 0.92264
3141 0.865058
3142 0.818325
3143 0.80621
3144 0.862005
3145 0.860568
3146 0.807755
3147 0.80348
3148 0.88767
3149 0.859058
3150 0.82726
3151 0.801615
3152 0.88871
3153 0.858248
3154 0.811708
3155 0.800987
3156 0.85811
3157 0.858258
3158 0.81134
3159 0.80062
3160 0.85764
3161 0.857715
3162 0.816427
3163 0.803198
3164 0.873565
3165 0.85844
3166 0.81753
3167 0.820342
3168 0.858468
3169 0.8583
3170 0.819325
3171 0.80111
3172 0.858605
3173 0.850365
3174 0.815593
3175 0.800822
3176 0.858195
3177 0.842198
3178 0.816405
3179 0.802085
3180 0.881962
3181 0.853853
3182 0.817075
3183 0.800647
3184 0.882235
3185 0.852165
3186 0.813728
3187 0.799602
3188 0.851293
3189 0.85062
3190 0.808745
3191 0.796905
3192 0.858293
3193 0.84735
3194 0.807635
3195 0.795555
3196 0.85399
3197 0.846553
3198 0.807517
3199 0.795063
3200 0.846427
3201 0.845993
3202 0.806092
3203 0.794177
3204 0.84605
3205 0.845947
3206 0.8025
3207 0.798247
3208 0.845912
3209 0.843642
3210 0.80479
3211 0.786353
3212 0.844348
3213 0.844322
3214 0.797915
3215 0.788515
3216 0.871907
3217 0.843858
3218 0.797055
3219 0.787327
3220 0.844078
3221 0.844078
3222 0.797042
3223 0.788952
3224 0.843973
3225 0.841965
3226 0.793153
3227 0.78696
3228 0.852165
3229 0.841263
3230 0.793843
3231 0.783817
3232 0.84225
3233 0.842125
3234 0.794408
3235 0.783587
3236 0.841475
3237 0.841553
3238 0.79802
3239 0.787367
3240 0.841845
3241 0.842753
3242 0.797562
3243 0.786658
3244 0.841893
3245 0.841732
3246 0.79724
3247 0.78817
3248 0.85873
3249 0.8416
3250 0.794837
3251 0.784722
3252 0.842187
3253 0.842742
3254 0.794517
3255 0.784635
3256 0.842568
3257 0.842538
3258 0.794538
3259 0.78513
3260 0.842198
3261 0.84279
3262 0.796922
3263 0.786925
3264 0.84265
3265 0.842855
3266 0.798183
3267 0.785983
3268 0.843087
3269 0.842995
3270 0.797335
3271 0.787085
3272 0.844175
3273 0.842997
3274 0.796595
3275 0.787062
3276 0.84448
3277 0.842683
3278 0.799125
3279 0.78901
3280 0.842398
3281 0.842782
3282 0.80117
3283 0.79026
3284 0.843065
3285 0.843108
3286 0.80951
3287 0.799273
3288 0.843313
3289 0.843627
3290 0.808763
3291 0.797195
3292 0.844468
3293 0.842627
3294 0.80795
3295 0.797538
3296 0.842483
3297 0.843372
3298 0.808745
3299 0.796432
3300 0.84258
3301 0.842965
3302 0.809438
3303 0.795767
3304 0.843028
3305 0.84572
3306 0.809113
3307 0.796257
3308 0.842712
3309 0.842962
3310 0.810595
3311 0.78901
3312 0.844243
3313 0.843375
3314 0.808678
3315 0.795795
3316 0.842465
3317 0.8424
3318 0.80795
3319 0.79621
3320 0.84184
3321 0.842565
3322 0.807392
3323 0.795447
3324 0.842943
3325 0.842962
3326 0.808365
3327 0.796715
3328 0.843207
3329 0.843838
3330 0.808558
3331 0.794765
3332 0.843533
3333 0.84379
3334 0.807013
3335 0.79374
3336 0.841427
3337 0.84141
3338 0.804815
3339 0.79078
3340 0.84139
3341 0.841597
3342 0.804347
3343 0.790532
3344 0.840505
3345 0.84051
3346 0.802072
3347 0.795702
3348 0.842962
3349 0.844333
3350 0.80103
3351 0.785863
3352 0.83915
3353 0.83939
3354 0.800585
3355 0.78571
3356 0.840175
3357 0.84086
3358 0.801125
3359 0.795447
3360 0.841183
3361 0.843685
3362 0.803725
3363 0.787868
3364 0.84451
3365 0.844565
3366 0.803717
3367 0.79458
3368 0.843505
3369 0.84542
3370 0.803793
3371 0.786285
3372 0.845988
3373 0.845843
3374 0.803222
3375 0.784585
3376 0.845612
3377 0.84752
3378 0.802608
3379 0.786282
3380 0.845923
3381 0.845797
3382 0.803077
3383 0.78446
3384 0.845525
3385 0.84564
3386 0.804065
3387 0.786763
3388 0.844398
3389 0.844178
3390 0.803937
3391 0.786658
3392 0.843935
3393 0.844322
3394 0.80305
3395 0.78461
3396 0.843512
3397 0.843372
3398 0.80234
3399 0.785698
3400 0.843515
3401 0.843487
3402 0.802297
3403 0.785722
3404 0.843675
3405 0.843642
3406 0.830568
3407 0.785667
3408 0.843598
3409 0.845625
3410 0.802342
3411 0.784512
3412 0.845035
3413 0.8452
3414 0.799515
3415 0.785075
3416 0.844335
3417 0.844172
3418 0.79945
3419 0.784035
3420 0.844178
3421 0.843988
3422 0.800412
3423 0.783965
3424 0.84453
3425 0.847375
3426 0.80067
3427 0.785072
3428 0.844565
3429 0.844952
3430 0.801175
3431 0.785565
3432 0.845005
3433 0.845477
3434 0.80574
3435 0.79472
3436 0.84378
3437 0.846357
3438 0.82333
3439 0.806728
3440 0.845965
3441 0.84622
3442 0.823213
3443 0.807732
3444 0.846125
3445 0.845985
3446 0.82515
3447 0.812743
3448 0.844
3449 0.846132
3450 0.826325
3451 0.80989
3452 0.846557
3453 0.846995
3454 0.828163
3455 0.813425
3456 0.847422
3457 0.84743
3458 0.82748
3459 0.81435
3460 0.84371
3461 0.847893
3462 0.83068
3463 0.819327
3464 0.847782
3465 0.847978
3466 0.83079
3467 0.819235
3468 0.843675
3469 0.847518
3470 0.83057
3471 0.81929
3472 0.848235
3473 0.848178
3474 0.830383
3475 0.818725
3476 0.848372
3477 0.848372
3478 0.830575
3479 0.808643
3480 0.848202
3481 0.848572
3482 0.830873
3483 0.811555
3484 0.8481
3485 0.848105
3486 0.830345
3487 0.82208
3488 0.848483
3489 0.848655
3490 0.830605
3491 0.82043
3492 0.848475
3493 0.84854
3494 0.83046
3495 0.821168
3496 0.848298
3497 0.848222
3498 0.83341
3499 0.821858
3500 0.848105
3501 0.848105
3502 0.833022
3503 0.822605
3504 0.848383
3505 0.848378
3506 0.833125
3507 0.820577
3508 0.846165
3509 0.848028
3510 0.833545
3511 0.823005
3512 0.8463
3513 0.847213
3514 0.832063
3515 0.821815
3516 0.847422
3517 0.84742
3518 0.83117
3519 0.820345
3520 0.84761
3521 0.847808
3522 0.830472
3523 0.820353
3524 0.847988
3525 0.848145
3526 0.83115
3527 0.82105
3528 0.847735
3529 0.84751
3530 0.831063
3531 0.82035
3532 0.84798
3533 0.847858
3534 0.831135
3535 0.820312
3536 0.849222
3537 0.848495
3538 0.830438
3539 0.81983
3540 0.849137
3541 0.84892
3542 0.826893
3543 0.819867
3544 0.848145
3545 0.848448
3546 0.83014
3547 0.811163
3548 0.848557
3549 0.848633
3550 0.830235
3551 0.818982
3552 0.848853
3553 0.848485
3554 0.830895
3555 0.82
3556 0.848515
3557 0.848495
3558 0.828852
3559 0.820325
3560 0.848505
3561 0.848518
3562 0.82962
3563 0.81911
3564 0.848278
3565 0.848398
3566 0.829747
3567 0.819307
3568 0.84907
3569 0.84863
3570 0.82656
3571 0.811353
3572 0.847932
3573 0.847808
3574 0.82614
3575 0.810865
3576 0.847888
3577 0.84753
3578 0.825943
3579 0.812535
3580 0.847355
3581 0.847818
3582 0.827805
3583 0.814362
3584 0.847677
3585 0.84718
3586 0.828965
3587 0.815113
3588 0.847982
3589 0.848073
3590 0.82928
3591 0.81571
3592 0.848237
3593 0.847838
3594 0.830115
3595 0.814567
3596 0.847625
3597 0.847732
3598 0.82692
3599 0.814427
3600 0.847545
3601 0.846668
3602 0.828777
3603 0.816263
3604 0.847965
3605 0.848067
3606 0.825163
3607 0.817265
3608 0.84817
3609 0.848082
3610 0.830497
3611 0.817697
3612 0.847838
3613 0.847927
3614 0.830538
3615 0.817503
3616 0.847888
3617 0.847785
3618 0.830512
3619 0.812673
3620 0.847655
3621 0.847313
3622 0.826353
3623 0.811433
3624 0.847215
3625 0.84715
3626 0.82643
3627 0.813218
3628 0.847215
3629 0.84697
3630 0.829013
3631 0.81409
3632 0.846773
3633 0.84683
3634 0.827982
3635 0.814295
3636 0.847087
3637 0.846023
3638 0.829202
3639 0.81432
3640 0.848278
3641 0.846402
3642 0.827157
3643 0.81441
3644 0.846635
3645 0.845965
3646 0.82504
3647 0.812867
3648 0.846028
3649 0.845625
3650 0.826257
3651 0.813277
3652 0.84491
3653 0.845185
3654 0.824808
3655 0.813048
3656 0.845562
3657 0.845688
3658 0.825533
3659 0.812972
3660 0.846015
3661 0.845978
3662 0.827553
3663 0.81214
3664 0.845905
3665 0.84857
3666 0.825835
3667 0.813465
3668 0.84597
3669 0.846145
3670 0.824335
3671 0.807605
3672 0.846468
3673 0.847642
3674 0.826353
3675 0.809257
3676 0.847128
3677 0.8622
3678 0.826453
3679 0.81141
3680 0.84747
3681 0.848015
3682 0.828982
3683 0.8155
3684 0.848283
3685 0.8482
3686 0.829128
3687 0.81441
3688 0.848402
3689 0.847967
3690 0.82715
3691 0.815407
3692 0.848128
3693 0.84815
3694 0.821765
3695 0.81214
3696 0.847843
3697 0.854818
3698 0.826597
3699 0.81241
3700 0.847808
3701 0.847762
3702 0.82738
3703 0.812495
3704 0.847725
3705 0.847985
3706 0.827357
3707 0.812758
3708 0.84782
3709 0.848158
3710 0.826445
3711 0.813035
3712 0.84452
3713 0.847747
3714 0.828072
3715 0.813627
3716 0.84514
3717 0.84764
3718 0.828433
3719 0.81408
3720 0.84814
3721 0.84831
3722 0.819407
3723 0.815675
3724 0.84883
3725 0.849063
3726 0.827418
3727 0.813793
3728 0.848402
3729 0.84809
3730 0.827725
3731 0.814743
3732 0.848325
3733 0.848178
3734 0.827623
3735 0.815377
3736 0.848525
3737 0.848572
3738 0.827862
3739 0.81541
3740 0.849005
3741 0.849415
3742 0.82863
3743 0.81625
3744 0.843932
3745 0.849742
3746 0.82032
3747 0.809458
3748 0.848707
3749 0.85022
3750 0.832345
3751 0.808967
3752 0.850047
3753 0.84407
3754 0.82878
3755 0.81435
3756 0.849955
3757 0.849917
3758 0.82976
3759 0.815345
3760 0.849707
3761 0.849385
3762 0.829195
3763 0.814115
3764 0.84883
3765 0.848522
3766 0.8242
3767 0.812612
3768 0.847518
3769 0.847015
3770 0.81966
3771 0.80347
3772 0.84772
3773 0.848163
3774 0.82052
3775 0.806318
3776 0.849135
3777 0.847718
3778 0.822113
3779 0.806652
3780 0.850085
3781 0.85015
3782 0.82045
3783 0.808848
3784 0.849952
3785 0.844093
3786 0.825793
3787 0.810137
3788 0.849627
3789 0.849585
3790 0.825465
3791 0.809395
3792 0.849023
3793 0.850333
3794 0.825107
3795 0.813333
3796 0.84916
3797 0.848108
3798 0.846595
3799 0.811213
3800 0.847437
3801 0.848773
3802 0.823865
3803 0.807375
3804 0.844475
3805 0.84423
3806 0.823967
3807 0.810782
3808 0.843023
3809 0.843082
3810 0.826098
3811 0.808848
3812 0.84401
3813 0.844135
3814 0.829342
3815 0.81838
3816 0.84405
3817 0.844073
3818 0.832462
3819 0.825205
3820 0.849668
3821 0.849642
3822 0.84013
3823 0.834035
3824 0.848313
3825 0.84964
3826 0.839923
3827 0.833958
3828 0.84972
3829 0.849498
3830 0.840557
3831 0.840333
3832 0.849888
3833 0.84986
3834 0.84102
3835 0.835023
3836 0.850457
3837 0.849792
3838 0.841233
3839 0.8338
3840 0.851455
3841 0.8493
3842 0.840915
3843 0.83453
3844 0.854525
3845 0.848023
3846 0.840522
3847 0.834735
3848 0.84833
3849 0.848002
3850 0.84024
3851 0.801805
3852 0.848125
3853 0.849278
3854 0.840405
3855 0.834715
3856 0.848148
3857 0.849
3858 0.84144
3859 0.835958
3860 0.847738
3861 0.848035
3862 0.840322
3863 0.83411
3864 0.847978
3865 0.84802
3866 0.840065
3867 0.834547
3868 0.848035
3869 0.847938
3870 0.84177
3871 0.835202
3872 0.849165
3873 0.848912
3874 0.841662
3875 0.835457
3876 0.84812
3877 0.849845
3878 0.84223
3879 0.835958
3880 0.849647
3881 0.84985
3882 0.841745
3883 0.83526
3884 0.848908
3885 0.848988
3886 0.84162
3887 0.835015
3888 0.84864
3889 0.84856
3890 0.840925
3891 0.83431
3892 0.848647
3893 0.848727
3894 0.840005
3895 0.835978
3896 0.848448
3897 0.85005
3898 0.84184
3899 0.836063
3900 0.85088
3901 0.850618
3902 0.841893
3903 0.836377
3904 0.85032
3905 0.84993
3906 0.841782
3907 0.835845
3908 0.849832
3909 0.849695
3910 0.84086
3911 0.835823
3912 0.849333
3913 0.849525
3914 0.84049
3915 0.834665
3916 0.848973
3917 0.850495
3918 0.84067
3919 0.834958
3920 0.84964
3921 0.849865
3922 0.84007
3923 0.834765
3924 0.849657
3925 0.849642
3926 0.840298
3927 0.833873
3928 0.848378
3929 0.84934
3930 0.839993
3931 0.833852
3932 0.848967
3933 0.84945
3934 0.84088
3935 0.834803
3936 0.849422
3937 0.84935
3938 0.840865
3939 0.834973
3940 0.849232
3941 0.849368
3942 0.840793
3943 0.834967
3944 0.84912
3945 0.850925
3946 0.842115
3947 0.837905
3948 0.850475
3949 0.85029
3950 0.841623
3951 0.836588
3952 0.850245
3953 0.850035
3954 0.841555
3955 0.835735
3956 0.849943
3957 0.850343
3958 0.84192
3959 0.835747
3960 0.84816
3961 0.850705
3962 0.843113
3963 0.836242
3964 0.850167
3965 0.849958
3966 0.842437
3967 0.83746
3968 0.850017
3969 0.850045
3970 0.843725
3971 0.835712
3972 0.851235
3973 0.851193
3974 0.842322
3975 0.83612
3976 0.850518
3977 0.85045
3978 0.84188
3979 0.83753
3980 0.849662
3981 0.850248
3982 0.84103
3983 0.83534
3984 0.849448
3985 0.849805
3986 0.839935
3987 0.835585
3988 0.848333
3989 0.849115
3990 0.840785
3991 0.836932
3992 0.849893
3993 0.849627
3994 0.841333
3995 0.836187
3996 0.851418
3997 0.84971
3998 0.842575
3999 0.836895
4000 0.849832
4001 0.851313
4002 0.842623
4003 0.837635
4004 0.850735
4005 0.8508
4006 0.839712
4007 0.837287
4008 0.84867
4009 0.85007
4010 0.84225
4011 0.83727
4012 0.850017
4013 0.851795
4014 0.840932
4015 0.83762
4016 0.849505
4017 0.84983
4018 0.841845
4019 0.837045
4020 0.850635
4021 0.850885
4022 0.841575
4023 0.83553
4024 0.850475
4025 0.850762
4026 0.84229
4027 0.836348
4028 0.850657
4029 0.8513
4030 0.842148
4031 0.836272
4032 0.850433
4033 0.850235
4034 0.841158
4035 0.832727
4036 0.850217
4037 0.850067
4038 0.84029
4039 0.834122
4040 0.85103
4041 0.850158
4042 0.8397
4043 0.833105
4044 0.850255
4045 0.850603
4046 0.839688
4047 0.831553
4048 0.850328
4049 0.8505
4050 0.838708
4051 0.836437
4052 0.8505
4053 0.851132
4054 0.840098
4055 0.831797
4056 0.850705
4057 0.850548
4058 0.840688
4059 0.833705
4060 0.85015
4061 0.850052
4062 0.841105
4063 0.83609
4064 0.85005
4065 0.84999
4066 0.842595
4067 0.837015
4068 0.85095
4069 0.851075
4070 0.842615
4071 0.838195
4072 0.850008
4073 0.849595
4074 0.84176
4075 0.837867
4076 0.849433
4077 0.847905
4078 0.841938
4079 0.836803
4080 0.849665
4081 0.84906
4082 0.841773
4083 0.83704
4084 0.850897
4085 0.845627
4086 0.841638
4087 0.838185
4088 0.849718
4089 0.84968
4090 0.841518
4091 0.83761
4092 0.849975
4093 0.849683
4094 0.840985
4095 0.839377
4096 0.85157
4097 0.851202
4098 0.843973
4099 0.838625
4100 0.849925
4101 0.851638
4102 0.843585
4103 0.838592
4104 0.851113
4105 0.851097
4106 0.843087
4107 0.83856
4108 0.850605
4109 0.850712
4110 0.842978
4111 0.83885
4112 0.851252
4113 0.851145
4114 0.844128
4115 0.83555
4116 0.850993
4117 0.851165
4118 0.842202
4119 0.83532
4120 0.852788
4121 0.8536
4122 0.83604
4123 0.839753
4124 0.85256
4125 0.85395
4126 0.844035
4127 0.83899
4128 0.850328
4129 0.852792
4130 0.840495
4131 0.840368
4132 0.850132
4133 0.868433
4134 0.83972
4135 0.840158
4136 0.852243
4137 0.852113
4138 0.841248
4139 0.839775
4140 0.8513
4141 0.851275
4142 0.843812
4143 0.839575
4144 0.85138
4145 0.857343
4146 0.850982
4147 0.840553
4148 0.851705
4149 0.850935
4150 0.842955
4151 0.83914
4152 0.849668
4153 0.850895
4154 0.842135
4155 0.837335
4156 0.848333
4157 0.84828
4158 0.839342
4159 0.836372
4160 0.847618
4161 0.847673
4162 0.83917
4163 0.835145
4164 0.848198
4165 0.848145
4166 0.840063
4167 0.83474
4168 0.849167
4169 0.848067
4170 0.841342
4171 0.834695
4172 0.84984
4173 0.850498
4174 0.839915
4175 0.83426
4176 0.849683
4177 0.851753
4178 0.840285
4179 0.835573
4180 0.852355
4181 0.852855
4182 0.84179
4183 0.836285
4184 0.854115
4185 0.854372
4186 0.84383
4187 0.838718
4188 0.854695
4189 0.859407
4190 0.847622
4191 0.842712
4192 0.863317
4193 0.864375
4194 0.85024
4195 0.842352
4196 0.850993
4197 0.865657
4198 0.84727
4199 0.840082
4200 0.864815
4201 0.874507
4202 0.846028
4203 0.843595
4204 0.863923
4205 0.86411
4206 0.84643
4207 0.846002
4208 0.866143
4209 0.881355
4210 0.850537
4211 0.851765
4212 0.86653
4213 0.915072
4214 0.855363
4215 0.857167
4216 0.865657
4217 0.873058
4218 0.857932
4219 0.86794
4220 0.87458
4221 0.875258
4222 0.873777
4223 0.874698
4224 0.879262
4225 0.880345
4226 0.89249
4227 0.875145
4228 0.867193
4229 0.885337
4230 0.880812
4231 0.876365
4232 0.887515
4233 0.892027
4234 0.884892
4235 0.87953
4236 0.898495
4237 0.90168
4238 0.851387
4239 0.882925
4240 0.902388
4241 0.899975
4242 0.88505
4243 0.875015
4244 0.89421
4245 0.89265
4246 0.883487
4247 0.861788
4248 0.851753
4249 0.887825
4250 0.869123
4251 0.860507
4252 0.881535
4253 0.86543
4254 0.877857
4255 0.847705
4256 0.880888
4257 0.880565
4258 0.829492
4259 0.848975
4260 0.885838
4261 0.883323
4262 0.842355
4263 0.847653
4264 0.887413
4265 0.904325
4266 0.862997
4267 0.858295
4268 0.894347
4269 0.899805
4270 0.857213
4271 0.85419
4272 0.905425
4273 0.906868
4274 0.872387
4275 0.87018
4276 0.908925
4277 0.909415
4278 0.87952
4279 0.879238
4280 0.913258
4281 0.912552
4282 0.88567
4283 0.88977
4284 0.879055
4285 0.818207
4286 0.897315
4287 0.890872
4288 0.907077
4289 0.920042
4290 0.892748
4291 0.88077
4292 0.894525
4293 0.78485
4294 0.78061
4295 0.8645
4296 0.900598
4297 0.74128
4298 0.828395
4299 0.82401
4300 0.891308
4301 0.894045
4302 0.827135
4303 0.875918
4304 0.89518
4305 0.840307
4306 0.817667
4307 0.803245
4308 0.891942
4309 0.889405
4310 0.809068
4311 0.833708
4312 0.885593
4313 0.72693
4314 0.820085
4315 0.84363
4316 0.88172
4317 0.881365
4318 0.851315
4319 0.768142
4320 0.86574
4321 0.86533
4322 0.78902
4323 0.800825
4324 0.844633
4325 0.836065
4326 0.759432
4327 0.79035
4328 0.859662
4329 0.569462
4330 0.720058
4331 0.768142
4332 0.783188
4333 0.779347
4334 0.70488
4335 0.823952
4336 0.74711
4337 0.767822
4338 0.701133
4339 0.73685
4340 0.767633
4341 0.755095
4342 0.70925
4343 0.703705
4344 0.771502
4345 0.74383
4346 0.688538
4347 0.687745
4348 0.748592
4349 0.733088
4350 0.692087
4351 0.69788
4352 0.750765
4353 0.730143
4354 0.693425
4355 0.686242
4356 0.74575
4357 0.742305
4358 0.684878
4359 0.801473
4360 0.735055
4361 0.73173
4362 0.673955
4363 0.682307
4364 0.828125
4365 0.727267
4366 0.62563
4367 0.650922
4368 0.725097
4369 0.723248
4370 0.615825
4371 0.641972
4372 0.71867
4373 0.720585
4374 0.477187
4375 0.638435
4376 0.72193
4377 0.72443
4378 0.62601
4379 0.629012
4380 0.69303
4381 0.700457
4382 0.64317
4383 0.637907
4384 0.694627
4385 0.738173
4386 0.64337
4387 0.64543
4388 0.676785
4389 0.674937
4390 0.633768
4391 0.61096
4392 0.66436
4393 0.734237
4394 0.592128
4395 0.569608
4396 0.620835
4397 0.614947
4398 0.540935
4399 0.53163
4400 0.596715
4401 0.799658
4402 0.598017
4403 0.505158
4404 0.57533
4405 0.567345
4406 0.504195
4407 0.482658
4408 0.560538
4409 0.532735
4410 0.477187
4411 0.49854
4412 0.522378
4413 0.519663
4414 0.495472
4415 0.49641
4416 0.534955
4417 0.55677
4418 0.527705
4419 0.52682
4420 0.61688
4421 0.591512
4422 0.582032
4423 0.537512
4424 0.608568
4425 0.61346
4426 0.564272
4427 0.54096
4428 0.61711
4429 0.61874
4430 0.55502
4431 0.52925
4432 0.608158
4433 0.708442
4434 0.538755
4435 0.50969
4436 0.607433
4437 0.624005
4438 0.51993
4439 0.513493
4440 0.502605
4441 0.634255
4442 0.537798
4443 0.532537
4444 0.605688
4445 0.602235
4446 0.554175
4447 0.554987
4448 0.580363
4449 0.77241
4450 0.578292
4451 0.571897
4452 0.669133
4453 0.622138
4454 0.601448
4455 0.574333
4456 0.620138
4457 0.629153
4458 0.582032
4459 0.580608
4460 0.646138
4461 0.62328
4462 0.581725
4463 0.587738
4464 0.574943
4465 0.771408
4466 0.589708
4467 0.491947
4468 0.594058
4469 0.652045
4470 0.60566
4471 0.617452
4472 0.667053
4473 0.673785
4474 0.642253
4475 0.656292
4476 0.68439
4477 0.68474
4478 0.653778
4479 0.539795
4480 0.616797
4481 0.84769
4482 0.630672
4483 0.59278
4484 0.628452
4485 0.626602
4486 0.601553
4487 0.563373
4488 0.593368
4489 0.594685
4490 0.570843
4491 0.620452
4492 0.598685
4493 0.725158
4494 0.77372
4495 0.556342
4496 0.601782
4497 0.604885
4498 0.58001
4499 0.574963
4500 0.633565
4501 0.84888
4502 0.594893
4503 0.588978
4504 0.666782
4505 0.81981
4506 0.63317
4507 0.638053
4508 0.712418
4509 0.715445
4510 0.679532
4511 0.538795
4512 0.76286
4513 0.783232
4514 0.712553
4515 0.696195
4516 0.823967
4517 0.835862
4518 0.751842
4519 0.75333
4520 0.859938
4521 0.863027
4522 0.774575
4523 0.759702
4524 0.870548
4525 0.883343
4526 0.80237
4527 0.801063
4528 0.8967
4529 0.90594
4530 0.840067
4531 0.848395
4532 0.894737
4533 0.916225
4534 0.865555
4535 0.72585
4536 0.922567
4537 0.923552
4538 0.870387
4539 0.7976
4540 0.92549
4541 0.719657
4542 0.865485
4543 0.863622
4544 0.928245
4545 0.92979
4546 0.650158
4547 0.85569
4548 0.920473
4549 0.86056
4550 0.861768
4551 0.853422
4552 0.908605
4553 0.780435
4554 0.594893
4555 0.601908
4556 0.811805
4557 0.896735
4558 0.801458
4559 0.81772
4560 0.871143
4561 0.863202
4562 0.66456
4563 0.606557
4564 0.853445
4565 0.811805
4566 0.700155
4567 0.811017
4568 0.809787
4569 0.805952
4570 0.692685
4571 0.635328
4572 0.748018
4573 0.74547
4574 0.626953
4575 0.631872
4576 0.725158
4577 0.720113
4578 0.61603
4579 0.81848
4580 0.634415
4581 0.70018
4582 0.59206
4583 0.585295
4584 0.867067
4585 0.692913
4586 0.586222
4587 0.536133
4588 0.697318
4589 0.697307
4590 0.803373
4591 0.584485
4592 0.725295
4593 0.734535
4594 0.639475
4595 0.64414
4596 0.75633
4597 0.761482
4598 0.581043
4599 0.757435
4600 0.761525
4601 0.76176
4602 0.66423
4603 0.65585
4604 0.713873
4605 0.753663
4606 0.519532
4607 0.654748
4608 0.691272
4609 0.4755
4610 0.664708
4611 0.660493
4612 0.778155
4613 0.75299
4614 0.58115
4615 0.63808
4616 0.758968
4617 0.7454
4618 0.6329
4619 0.607522
4620 0.7103
4621 0.707198
4622 0.591858
4623 0.56935
4624 0.609675
4625 0.60119
4626 0.498408
4627 0.474545
4628 0.57919
4629 0.572747
4630 0.5012
4631 0.451408
4632 0.581852
4633 0.581472
4634 0.47057
4635 0.4576
4636 0.59416
4637 0.596368
4638 0.460895
4639 0.656208
4640 0.67993
4641 0.574665
4642 0.51747
4643 0.523635
4644 0.698695
4645 0.53339
4646 0.53009
4647 0.53267
4648 0.725823
4649 0.726485
4650 0.54309
4651 0.560667
4652 0.727407
4653 0.493613
4654 0.45858
4655 0.573422
4656 0.73722
4657 0.73396
4658 0.573442
4659 0.451685
4660 0.69395
4661 0.688532
4662 0.553077
4663 0.547443
4664 0.67238
4665 0.66591
4666 0.562277
4667 0.544922
4668 0.663885
4669 0.655317
4670 0.546822
4671 0.526733
4672 0.635475
4673 0.53986
4674 0.527485
4675 0.539118
4676 0.567268
4677 0.562582
4678 0.6109
4679 0.514362
4680 0.502645
4681 0.482315
4682 0.384725
4683 0.586082
4684 0.448447
4685 0.285915
4686 0.49174
4687 0.317393
4688 0.377965
4689 0.37601
4690 0.372132
4691 0.3233
4692 0.37414
4693 0.374333
4694 0.358967
4695 0.333873
4696 0.370575
4697 0.152482
4698 0.346417
4699 0.44786
4700 0.381425
4701 0.178622
4702 0.387153
4703 0.353892
4704 0.386037
4705 0.00205
4706 0.358438
4707 0.61528
4708 0.37064
4709 0.39544
4710 0.370752
4711 0.36337
4712 0.431808
4713 0.437252
4714 0.407388
4715 0.441327
4716 0.492785
4717 0.510695
4718 0.462875
4719 0.45735
4720 0.470037
4721 0.579365
4722 0.411813
4723 0.49474
4724 0.583465
4725 0.58955
4726 0.512132
4727 0.499475
4728 0.5057
4729 0.585885
4730 0.524265
4731 0.480828
4732 0.543445
4733 0.54335
4734 0.48285
4735 0.45245
4736 0.52754
4737 0.511138
4738 0.44419
4739 0.401527
4740 0.495928
4741 0.483708
4742 0.384415
4743 0.41563
4744 0.46324
4745 0.446572
4746 0.358113
4747 0.5413
4748 0.39324
4749 0.392348
4750 0.34602
4751 0.335653
4752 0.344288
4753 0.331087
4754 0.275675
4755 0.316767
4756 0.317165
4757 0.002675
4758 0.308123
4759 0.288197
4760 0.257893
4761 0.246487
4762 0.26854
4763 0.403495
4764 0.22239
4765 0.210423
4766 0.23161
4767 0.363837
4768 0.178622
4769 0.0025125
4770 0.203125
4771 0.18543
4772 0.147567
4773 0.002675
4774 0.181877
4775 0.16197
4776 0.121703
4777 0.109725
4778 0.152833
4779 0.306907
4780 0.13171
4781 0.0791025
4782 0.13502
4783 0.114565
4784 0.00453
4785 0.0620425
4786 0.116655
4787 0.10039
4788 0.0445625
4789 0.0035175
4790 0.0972925
4791 0.091215
4792 0.021035
4793 0.0168975
4794 0.09001
4795 0.0814375
4796 0.217555
4797 0.007225
4798 0.0794
4799 0.07176
4800 0.000965
4801 0.00072
4802 0.0751825
4803 0.0708225
4804 0.0003075
4805 0.000505
4806 0.07495
4807 0.070335
4808 0.0004775
4809 0.000415
4810 0.07487
4811 0.0704325
4812 0.000295
4813 0.000285
4814 0.075155
4815 0.071265
4816 0.0003425
4817 0.00024
4818 0.0757175
4819 0.0717475
4820 0.000395
4821 0.0013325
4822 0.0770975
4823 0.073115
4824 0.00028
4825 0.0002675
4826 0.077135
4827 0.261085
4828 0.00028
4829 0.0001925
4830 0.0770525
4831 0.073065
4832 0.0002025
4833 0.0001825
4834 0.0786025
4835 0.230653
4836 0.002035
4837 0.0020475
4838 0.0786325
4839 0.074435
4840 0.0022125
4841 0.0025075
4842 0.0790375
4843 0.074995
4844 0.002675
4845 0.032245
4846 0.0795975
4847 0.0753625
4848 0.0028725
4849 0.0030225
4850 0.079595
4851 0.075325
4852 0.0030925
4853 0.133313
4854 0.0796625
4855 0.07587
4856 0.0035325
4857 0.127387
4858 0.0801075
4859 0.07633
4860 0.0034025
4861 0.0033775
4862 0.0802875
4863 0.07626
4864 0.0023725
4865 0.003
4866 0.0794425
4867 0.0755075
4868 0.002505
4869 0.121805
4870 0.0794575
4871 0.0753125
4872 0.0023725
4873 0.0021625
4874 0.07498
4875 0.07496
4876 0.001905
4877 0.0019475
4878 0.078835
4879 0.074755
4880 0.001745
4881 0.0015525
4882 0.07869
4883 0.0745775
4884 0.0017625
4885 0.014325
4886 0.078475
4887 0.0746475
4888 0.000295
4889 0.001825
4890 0.078315
4891 0.074725
4892 0.0017275
4893 0.001745
4894 0.0785325
4895 0.07441
4896 0.0013325
4897 0.001105
4898 0.0776975
4899 0.0736975
4900 0.0016325
4901 0.00049
4902 0.077325
4903 0.0735175
4904 0.00026
4905 0.00024
4906 0.0772125
4907 0.074705
4908 0.0001825
4909 0.112535
4910 0.0786575
4911 0.07346
4912 0.0001325
4913 0.000125
4914 0.0774025
4915 0.073445
4916 0.0014475
4917 0.000115
4918 0.083925
4919 0.10292
4920 0.051015
4921 0.00011
4922 0.0773175
4923 0.117803
4924 0.0254775
4925 0.0517125
4926 0.133827
4927 0.142415
4928 0.0800975
4929 0.0840575
4930 0.13337
4931 0.1799
4932 0.115125
4933 0.117633
4934 0.193172
4935 0.185358
4936 0.12373
4937 0.049025
4938 0.18899
4939 0.184897
4940 0.13318
4941 0.133313
4942 0.192623
4943 0.18757
4944 0.132937
4945 0.13318
4946 0.183545
4947 0.170985
4948 0.134313
4949 0.0218825
4950 0.15144
4951 0.216032
4952 0.11889
4953 0.114475
4954 0.0983425
4955 0.0836225
4956 0.0986975
4957 0.094825
4958 0.0986525
4959 0.092825
4960 0.104795
4961 0.0854725
4962 0.112385
4963 0.101458
4964 0.0748225
4965 0.067145
4966 0.112592
4967 0.117178
4968 0.0710975
4969 0.08018
4970 0.142388
4971 0.12121
4972 0.0913675
4973 0.0953225
4974 0.185633
4975 0.177245
4976 0.0648575
4977 0.122417
4978 0.173703
4979 0.0819975
4980 0.11584
4981 0.11325
4982 0.185633
4983 0.183655
4984 0.11171
4985 0.196057
4986 0.15383
4987 0.181035
4988 0.11307
4989 0.188405
4990 0.182347
4991 0.174583
4992 0.110567
4993 0.233283
4994 0.171818
4995 0.160318
4996 0.132903
4997 0.10655
4998 0.15085
4999 0.22981
5000 0.108065
5001 0.104728
5002 0.117655
5003 0.108565
5004 0.0940775
5005 0.254337
5006 0.11894
5007 0.109715
5008 0.086885
5009 0.08553
5010 0.123332
5011 0.11207
5012 0.073725
5013 0.0658825
5014 0.11577
5015 0.09751
5016 0.050385
5017 0.07304
5018 0.101655
5019 0.0950025
5020 0.0315775
5021 0.025045
5022 0.100047
5023 0.098305
5024 0.0289175
5025 0.0269025
5026 0.133655
5027 0.0920125
5028 0.020455
5029 0.018215
5030 0.0908975
5031 0.087245
5032 0.0163075
5033 0.0164325
5034 0.0922525
5035 0.08856
5036 0.0176225
5037 0.0930325
5038 0.0926625
5039 0.184897
5040 0.022715
5041 0.01819
5042 0.0939925
5043 0.088405
5044 0.10733
5045 0.0002225
5046 0.09363
5047 0.0910425
5048 0.0218825
5049 0.0253925
5050 0.152422
5051 0.10384
5052 0.149345
5053 0.0003125
5054 0.12322
5055 0.120563
5056 0.0627825
5057 0.066775
5058 0.146535
5059 0.07729
5060 0.0944875
5061 0.103445
5062 0.176067
5063 0.179143
5064 0.135352
5065 0.0067175
5066 0.216805
5067 0.22471
5068 0.18258
5069 0.188405
5070 0.17874
5071 0.275933
5072 0.22556
5073 0.238022
5074 0.213932
5075 0.30332
5076 0.26214
5077 0.267578
5078 0.322535
5079 0.241795
5080 0.26908
5081 0.268535
5082 0.14019
5083 0.257437
5084 0.259622
5085 0.254337
5086 0.270313
5087 0.260435
5088 0.23194
5089 0.213732
5090 0.134797
5091 0.273725
5092 0.187505
5093 0.184152
5094 0.205705
5095 0.196848
5096 0.174402
5097 0.175212
5098 0.193385
5099 0.187238
5100 0.158985
5101 0.15089
5102 0.138377
5103 0.165513
5104 0.12908
5105 0.000165
5106 0.130062
5107 0.14805
5108 0.107783
5109 0.10068
5110 0.0916325
5111 0.108255
5112 0.0930325
5113 0.0911425
5114 0.140247
5115 0.134708
5116 0.082285
5117 0.0808225
5118 0.0787925
5119 0.12045
5120 0.0734325
5121 0.05059
5122 0.109122
5123 0.10014
5124 0.000375
5125 0.01777
5126 0.0885275
5127 0.0780425
5128 0.00357
5129 0.001655
5130 0.077405
5131 0.07326
5132 0.0003925
5133 0.0003575
5134 0.078855
5135 0.0751125
5136 0.000375
5137 0.000375
5138 0.0787175
5139 0.0751525
5140 0.0253925
5141 0.000175
5142 0.07858
5143 0.0743325
5144 0.00032
5145 0.0003025
5146 0.0788175
5147 0.0745275
5148 0.000265
5149 0.0002525
5150 0.0787825
5151 0.0745925
5152 0.00022
5153 0.0002225
5154 0.07858
5155 0.075015
5156 0.00024
5157 0.0002425
5158 0.0785675
5159 0.0805225
5160 0.15519
5161 0.0004175
5162 0.0786075
5163 0.0829875
5164 0.0209775
5165 0.00021
5166 0.0787025
5167 0.09299
5168 0.26214
5169 0.000185
5170 0.07883
5171 0.0748775
5172 0.0003175
5173 0.000195
5174 0.07877
5175 0.074915
5176 0.0001725
5177 0.00018
5178 0.230793
5179 0.07489
5180 0.0001725
5181 0.0001675
5182 0.078675
5183 0.0748525
5184 4.5e-05
5185 4e-05
5186 0.0884525
5187 0.0752875
5188 3.25e-05
5189 2.25e-05
5190 0.078765
5191 0.075555
5192 0
5193 0
5194 0.0913575
5195 0.138682
5196 0.000275
5197 0.0002625
5198 0.078305
5199 0.0748625
5200 0.0002075
5201 0.0002025
5202 0.07837
5203 0.074575
5204 0.0001825
5205 0.0001525
5206 0.0782575
5207 0.0745425
5208 0.0001425
5209 0.000135
5210 0.13707
5211 0.117523
5212 0.0001525
5213 0.00014
5214 0.0783475
5215 0.074615
5216 0.0001675
5217 0.000165
5218 0.0784125
5219 0.074675
5220 0.00041
5221 0.00029
5222 0.0785475
5223 0.0749125
5224 0.000345
5225 0.223252
5226 0.078305
5227 0.0745725
5228 0.0084625
5229 0.0432225
5230 0.07844
5231 0.07442
5232 0.0001775
5233 0.085635
5234 0.0781125
5235 0.0742725
5236 0.000175
5237 0.0001775
5238 0.0781275
5239 0.07431
5240 0.0001725
5241 0.0001725
5242 0.07816
5243 0.0742475
5244 0.0001375
5245 0.00033
5246 0.0785675
5247 0.0746775
5248 0.000255
5249 0.22366
5250 0.0785425
5251 0.0747075
5252 0.0002925
5253 0.0002875
5254 0.07862
5255 0.0748125
5256 0.073525
5257 0.004505
5258 0.0786625
5259 0.074345
5260 0.02468
5261 0.0413025
5262 0.124442
5263 0.127092
5264 0.0201625
5265 0.296385
5266 0.14054
5267 0.077485
5268 0.000205
5269 0.07151
5270 0.14547
5271 0.141385
5272 0.00043
5273 0.074715
5274 0.147982
5275 0.14285
5276 0.0759625
5277 0.0759475
5278 0.148075
5279 0.143343
5280 0.0758975
5281 0.07632
5282 0.148675
5283 0.143838
5284 0.07705
5285 0.076855
5286 0.14858
5287 0.143223
5288 0.0780275
5289 0.082495
5290 0.162015
5291 0.166285
5292 0.109507
5293 0.12188
5294 0.07758
5295 0.0862375
5296 0.0003025
5297 0.154585
5298 0.211558
5299 0.12347
5300 0.165013
5301 0.16694
5302 0.221037
5303 0.077835
5304 0.186257
5305 0.191785
5306 0.188455
5307 0.224697
5308 0.194623
5309 0.19642
5310 0.233912
5311 0.22297
5312 0.195557
5313 0.370132
5314 0.228222
5315 0.2184
5316 0.192598
5317 0.192057
5318 0.22385
5319 0.214955
5320 0.23531
5321 0.24735
5322 0.221197
5323 0.209985
5324 0.186855
5325 0.184715
5326 0.21688
5327 0.208083
5328 0.00029
5329 0.41356
5330 0.221385
5331 0.22748
5332 0.173442
5333 0.212787
5334 0.241895
5335 0.247337
5336 0.22764
5337 0.448223
5338 0.24442
5339 0.253155
5340 0.227282
5341 0.22772
5342 0.262865
5343 0.254895
5344 0.312588
5345 0.461178
5346 0.26342
5347 0.256022
5348 0.227085
5349 0.226302
5350 0.266958
5351 0.262813
5352 0.0701
5353 0.245253
5354 0.266078
5355 0.26799
5356 0.27573
5357 0.454527
5358 0.313628
5359 0.318103
5360 0.298183
5361 0.313607
5362 0.34546
5363 0.327593
5364 0.30707
5365 0.304105
5366 0.354857
5367 0.323848
5368 0.298445
5369 0.297052
5370 0.332012
5371 0.308928
5372 0.29408
5373 0.294245
5374 0.315742
5375 0.307727
5376 0.296385
5377 0.5152
5378 0.315267
5379 0.360938
5380 0.296385
5381 0.2952
5382 0.312355
5383 0.304217
5384 0.294035
5385 0.294193
5386 0.305522
5387 0.312585
5388 0.304862
5389 0.336725
5390 0.304847
5391 0.322715
5392 0.317555
5393 0.32165
5394 0.321003
5395 0.315302
5396 0.330302
5397 0.332172
5398 0.32964
5399 0.337848
5400 0.332585
5401 0.65382
5402 0.344488
5403 0.358925
5404 0.336282
5405 0.33389
5406 0.346913
5407 0.342548
5408 0.337817
5409 0.338402
5410 0.184463
5411 0.386045
5412 0.31598
5413 0.569945
5414 0.351268
5415 0.306217
5416 0.34119
5417 0.785332
5418 0.36458
5419 0.364975
5420 0.358683
5421 0.37307
5422 0.386937
5423 0.35062
5424 0.386228
5425 0.749785
5426 0.400877
5427 0.395
5428 0.394902
5429 0.540898
5430 0.409678
5431 0.42376
5432 0.398622
5433 0.399445
5434 0.409805
5435 0.407643
5436 0.389823
5437 0.40641
5438 0.421295
5439 0.414328
5440 0.414322
5441 0.417363
5442 0.456455
5443 0.42859
5444 0.42763
5445 0.42782
5446 0.441412
5447 0.40546
5448 0.444215
5449 0.826775
5450 0.455745
5451 0.45137
5452 0.433688
5453 0.453213
5454 0.46111
5455 0.419002
5456 0.457298
5457 0.457863
5458 0.460722
5459 0.45358
5460 0.455137
5461 0.833862
5462 0.460732
5463 0.29719
5464 0.461945
5465 0.835472
5466 0.46055
5467 0.451915
5468 0.459755
5469 0.45975
5470 0.45813
5471 0.453172
5472 0.457285
5473 0.81907
5474 0.454228
5475 0.44745
5476 0.451157
5477 0.45024
5478 0.454392
5479 0.44672
5480 0.453555
5481 0.454035
5482 0.463518
5483 0.447767
5484 0.46035
5485 0.463543
5486 0.460427
5487 0.463735
5488 0.516445
5489 0.4769
5490 0.482495
5491 0.478218
5492 0.502223
5493 0.488355
5494 0.495273
5495 0.499262
5496 0.50559
5497 0.508862
5498 0.518147
5499 0.509613
5500 0.52294
5501 0.529475
5502 0.53511
5503 0.535168
5504 0.48945
5505 0.55659
5506 0.549798
5507 0.48314
5508 0.582135
5509 0.59032
5510 0.57264
5511 0.569442
5512 0.614953
5513 0.766075
5514 0.381245
5515 0.579002
5516 0.629633
5517 0.650892
5518 0.58708
5519 0.570615
5520 0.410797
5521 0.875545
5522 0.553955
5523 0.588673
5524 0.693545
5525 0.781462
5526 0.62341
5527 0.641663
5528 0.714113
5529 0.7235
5530 0.666335
5531 0.686148
5532 0.453885
5533 0.876055
5534 0.70082
5535 0.716
5536 0.798535
5537 0.878095
5538 0.72475
5539 0.665245
5540 0.81088
5541 0.796732
5542 0.746557
5543 0.660382
5544 0.813952
5545 0.846158
5546 0.4565
5547 0.777012
5548 0.84682
5549 0.846782
5550 0.666335
5551 0.784623
5552 0.8464
5553 0.87565
5554 0.7817
5555 0.789942
5556 0.82593
5557 0.842923
5558 0.78473
5559 0.794033
5560 0.84207
5561 0.840858
5562 0.78669
5563 0.578035
5564 0.83779
5565 0.82864
5566 0.787135
5567 0.793053
5568 0.835777
5569 0.834438
5570 0.784145
5571 0.79093
5572 0.83916
5573 0.82842
5574 0.783722
5575 0.791315
5576 0.837403
5577 0.830145
5578 0.784395
5579 0.788992
5580 0.79613
5581 0.83004
5582 0.782415
5583 0.790127
5584 0.831692
5585 0.831855
5586 0.61779
5587 0.790485
5588 0.84857
5589 0.852175
5590 0.793185
5591 0.799148
5592 0.86572
5593 0.867138
5594 0.797072
5595 0.822008
5596 0.879238
5597 0.878445
5598 0.81981
5599 0.821385
5600 0.878068
5601 0.87852
5602 0.825475
5603 0.823955
5604 0.878443
5605 0.878285
5606 0.827165
5607 0.825965
5608 0.877437
5609 0.870657
5610 0.510748
5611 0.825887
5612 0.874865
5613 0.87513
5614 0.824703
5615 0.82446
5616 0.87369
5617 0.86953
5618 0.830512
5619 0.826195
5620 0.87505
5621 0.874988
5622 0.843675
5623 0.837902
5624 0.874825
5625 0.875195
5626 0.843213
5627 0.837745
5628 0.875015
5629 0.875205
5630 0.838832
5631 0.837418
5632 0.8758
5633 0.875275
5634 0.617777
5635 0.836682
5636 0.875202
5637 0.87589
5638 0.845445
5639 0.749537
5640 0.876055
5641 0.876528
5642 0.84964
5643 0.84832
5644 0.878095
5645 0.877138
5646 0.86329
5647 0.859003
5648 0.88068
5649 0.87761
5650 0.863088
5651 0.861463
5652 0.877178
5653 0.876618
5654 0.862085
5655 0.783805
5656 0.875382
5657 0.875055
5658 0.86064
5659 0.85871
5660 0.875005
5661 0.874905
5662 0.861705
5663 0.7924
5664 0.876745
5665 0.874848
5666 0.863105
5667 0.861108
5668 0.875777
5669 0.876247
5670 0.862448
5671 0.866155
5672 0.87498
5673 0.875672
5674 0.863923
5675 0.862365
5676 0.876267
5677 0.87649
5678 0.861975
5679 0.865223
5680 0.876763
5681 0.877125
5682 0.86143
5683 0.863182
5684 0.875025
5685 0.876258
5686 0.86298
5687 0.86211
5688 0.875467
5689 0.875585
5690 0.862455
5691 0.861145
5692 0.883813
5693 0.876543
5694 0.862407
5695 0.799148
5696 0.87588
5697 0.87606
5698 0.863193
5699 0.861535
5700 0.87668
5701 0.876117
5702 0.865117
5703 0.864282
5704 0.875212
5705 0.875103
5706 0.864923
5707 0.865025
5708 0.87497
5709 0.875175
5710 0.86618
5711 0.865437
5712 0.871812
5713 0.870382
5714 0.866365
5715 0.864225
5716 0.86846
5717 0.868213
5718 0.862587
5719 0.86355
5720 0.863903
5721 0.863785
5722 0.862008
5723 0.84963
5724 0.86332
5725 0.863343
5726 0.86176
5727 0.861747
5728 0.8634
5729 0.863402
5730 0.861903
5731 0.861163
5732 0.862865
5733 0.862842
5734 0.860642
5735 0.860563
5736 0.862035
5737 0.862665
