1 0.0753275
2 0.0727675
3 0.0743825
4 0.0783975
5 0.0834575
6 0.0868925
7 0.0920475
8 0.0997875
9 0.102415
10 0.105085
11 0.106937
12 0.107735
13 0.10911
14 0.111235
15 0.111585
16 0.113003
17 0.114267
18 0.114382
19 0.114837
20 0.115537
21 0.115975
22 0.11601
23 0.11648
24 0.116923
25 0.119815
26 0.123193
27 0.124078
28 0.12716
29 0.13039
30 0.130188
31 0.130315
32 0.130955
33 0.131298
34 0.130947
35 0.13055
36 0.1313
37 0.13078
38 0.130903
39 0.131233
40 0.131683
41 0.1317
42 0.132245
43 0.13295
44 0.133355
45 0.136398
46 0.135395
47 0.135505
48 0.135483
49 0.135585
50 0.135383
51 0.135947
52 0.135798
53 0.135442
54 0.13514
55 0.134662
56 0.134112
57 0.133685
58 0.13324
59 0.132755
60 0.132667
61 0.132617
62 0.132203
63 0.132107
64 0.132553
65 0.13284
66 0.133353
67 0.133785
68 0.133742
69 0.133972
70 0.134353
71 0.134882
72 0.135697
73 0.137292
74 0.138887
75 0.139462
76 0.140363
77 0.140698
78 0.141385
79 0.142322
80 0.144745
81 0.146218
82 0.148865
83 0.1538
84 0.157778
85 0.165417
86 0.172122
87 0.175705
88 0.18268
89 0.18947
90 0.191943
91 0.19918
92 0.20263
93 0.202622
94 0.20292
95 0.203965
96 0.204852
97 0.205058
98 0.205902
99 0.206425
100 0.20732
101 0.207965
102 0.207618
103 0.208058
104 0.207578
105 0.20693
106 0.205405
107 0.208445
108 0.209662
109 0.212612
110 0.217145
111 0.219403
112 0.224348
113 0.228222
114 0.229383
115 0.23391
116 0.237792
117 0.239255
118 0.24075
119 0.240553
120 0.238865
121 0.238325
122 0.238165
123 0.23784
124 0.238015
125 0.238205
126 0.237665
127 0.238588
128 0.2397
129 0.240708
130 0.24146
131 0.243913
132 0.244455
133 0.248548
134 0.249752
135 0.25052
136 0.252243
137 0.253945
138 0.255362
139 0.25573
140 0.256383
141 0.256537
142 0.254397
143 0.253885
144 0.252875
145 0.25263
146 0.25105
147 0.250908
148 0.248567
149 0.247205
150 0.246402
151 0.24493
152 0.24355
153 0.24329
154 0.242083
155 0.240773
156 0.239932
157 0.237505
158 0.236075
159 0.235247
160 0.23393
161 0.2333
162 0.232408
163 0.231067
164 0.22981
165 0.229513
166 0.229123
167 0.228618
168 0.22873
169 0.227838
170 0.229438
171 0.229085
172 0.2282
173 0.227135
174 0.226648
175 0.226603
176 0.22602
177 0.225518
178 0.224762
179 0.224843
180 0.224947
181 0.225015
182 0.224455
183 0.224365
184 0.22419
185 0.223413
186 0.22307
187 0.221643
188 0.221078
189 0.221293
190 0.22163
191 0.221755
192 0.221603
193 0.221223
194 0.221335
195 0.222115
196 0.222043
197 0.222165
198 0.222313
199 0.222063
200 0.222255
201 0.222563
202 0.22275
203 0.222978
204 0.223193
205 0.22349
206 0.222993
207 0.222673
208 0.222405
209 0.222328
210 0.222235
211 0.222648
212 0.222668
213 0.22246
214 0.222037
215 0.222105
216 0.221892
217 0.22156
218 0.221637
219 0.221865
220 0.222048
221 0.221905
222 0.221412
223 0.22134
224 0.221078
225 0.220892
226 0.22095
227 0.22087
228 0.220942
229 0.220652
230 0.22053
231 0.220545
232 0.220435
233 0.22088
234 0.220925
235 0.221205
236 0.221302
237 0.22105
238 0.220837
239 0.220307
240 0.21966
241 0.219872
242 0.220895
243 0.220975
244 0.221535
245 0.221173
246 0.22104
247 0.22121
248 0.221015
249 0.22073
250 0.220402
251 0.220095
252 0.219775
253 0.219257
254 0.21904
255 0.219017
256 0.219045
257 0.219248
258 0.219105
259 0.219408
260 0.219283
261 0.219112
262 0.218713
263 0.219105
264 0.218977
265 0.218797
266 0.2187
267 0.218427
268 0.218335
269 0.218305
270 0.218587
271 0.218565
272 0.218287
273 0.218118
274 0.218273
275 0.218632
276 0.218353
277 0.217585
278 0.217023
279 0.216587
280 0.216585
281 0.216595
282 0.216853
283 0.21681
284 0.21754
285 0.21736
286 0.217615
287 0.216817
288 0.216398
289 0.21582
290 0.214995
291 0.214777
292 0.21439
293 0.214173
294 0.214285
295 0.21514
296 0.215358
297 0.215215
298 0.21508
299 0.214953
300 0.214803
301 0.214753
302 0.21487
303 0.214647
304 0.214843
305 0.21474
306 0.214698
307 0.214745
308 0.214998
309 0.2149
310 0.21567
311 0.215987
312 0.21609
313 0.215957
314 0.21772
315 0.21789
316 0.218047
317 0.217883
318 0.217628
319 0.217527
320 0.21933
321 0.219245
322 0.218895
323 0.218842
324 0.218828
325 0.219427
326 0.219773
327 0.21956
328 0.21962
329 0.219605
330 0.219433
331 0.219218
332 0.21901
333 0.218982
334 0.219223
335 0.219118
336 0.21919
337 0.2192
338 0.219275
339 0.219618
340 0.219975
341 0.221913
342 0.22334
343 0.225513
344 0.227797
345 0.228685
346 0.231205
347 0.232562
348 0.232997
349 0.23302
350 0.233095
351 0.23281
352 0.23263
353 0.232428
354 0.23218
355 0.231877
356 0.231565
357 0.23173
358 0.2316
359 0.231783
360 0.23155
361 0.231495
362 0.231527
363 0.231293
364 0.230935
365 0.23086
366 0.230577
367 0.23047
368 0.23
369 0.229827
370 0.229112
371 0.228743
372 0.228883
373 0.228428
374 0.228225
375 0.22802
376 0.227422
377 0.227368
378 0.227128
379 0.226687
380 0.226645
381 0.226297
382 0.226385
383 0.226277
384 0.226615
385 0.227802
386 0.229345
387 0.23037
388 0.232153
389 0.235238
390 0.236627
391 0.237835
392 0.238932
393 0.238965
394 0.23954
395 0.242388
396 0.243055
397 0.243222
398 0.24384
399 0.244407
400 0.244938
401 0.245898
402 0.246075
403 0.247112
404 0.248438
405 0.248615
406 0.250152
407 0.252358
408 0.252875
409 0.255305
410 0.256935
411 0.258625
412 0.261437
413 0.26627
414 0.268515
415 0.27281
416 0.277008
417 0.27874
418 0.283307
419 0.286527
420 0.289355
421 0.29185
422 0.296995
423 0.299013
424 0.303925
425 0.309682
426 0.31189
427 0.317042
428 0.321467
429 0.323447
430 0.329488
431 0.334035
432 0.336305
433 0.342108
434 0.347755
435 0.350733
436 0.35511
437 0.35951
438 0.360315
439 0.36366
440 0.366632
441 0.367225
442 0.37105
443 0.372845
444 0.37399
445 0.38291
446 0.38458
447 0.385145
448 0.386632
449 0.38922
450 0.390105
451 0.392732
452 0.394775
453 0.395915
454 0.398408
455 0.400435
456 0.400743
457 0.402475
458 0.404652
459 0.40543
460 0.406235
461 0.408358
462 0.408578
463 0.410558
464 0.411538
465 0.4118
466 0.411848
467 0.412282
468 0.411693
469 0.41258
470 0.41786
471 0.418037
472 0.418178
473 0.4182
474 0.418285
475 0.418238
476 0.417455
477 0.416492
478 0.41677
479 0.41611
480 0.416138
481 0.416673
482 0.415917
483 0.415737
484 0.41654
485 0.416513
486 0.41634
487 0.416332
488 0.416227
489 0.41569
490 0.41516
491 0.415482
492 0.41541
493 0.41588
494 0.415755
495 0.416578
496 0.41647
497 0.416705
498 0.416255
499 0.418885
500 0.423805
501 0.426268
502 0.432507
503 0.440085
504 0.44494
505 0.452537
506 0.457962
507 0.460715
508 0.465533
509 0.470035
510 0.472222
511 0.474145
512 0.474638
513 0.475017
514 0.477787
515 0.479805
516 0.481017
517 0.486025
518 0.4907
519 0.493185
520 0.50714
521 0.51068
522 0.51261
523 0.517173
524 0.52128
525 0.523092
526 0.52624
527 0.52843
528 0.530475
529 0.531045
530 0.532475
531 0.532193
532 0.532253
533 0.53206
534 0.532582
535 0.534833
536 0.53504
537 0.534678
538 0.534892
539 0.53486
540 0.534533
541 0.532988
542 0.53371
543 0.533215
544 0.53304
545 0.533373
546 0.53256
547 0.53186
548 0.531605
549 0.531247
550 0.529637
551 0.52847
552 0.5278
553 0.52735
554 0.525967
555 0.525887
556 0.524672
557 0.523542
558 0.523325
559 0.522585
560 0.522323
561 0.521813
562 0.520737
563 0.520463
564 0.518925
565 0.51832
566 0.517408
567 0.517325
568 0.516535
569 0.519207
570 0.515983
571 0.518717
572 0.52058
573 0.52124
574 0.52509
575 0.528485
576 0.53078
577 0.534343
578 0.538775
579 0.54054
580 0.545372
581 0.550072
582 0.55241
583 0.55757
584 0.562682
585 0.565825
586 0.571008
587 0.575817
588 0.578835
589 0.583685
590 0.58862
591 0.590893
592 0.594867
593 0.60382
594 0.605755
595 0.622132
596 0.630313
597 0.634107
598 0.63883
599 0.64427
600 0.646478
601 0.65052
602 0.65487
603 0.655277
604 0.657317
605 0.660907
606 0.662907
607 0.671782
608 0.678185
609 0.680765
610 0.685785
611 0.68979
612 0.691535
613 0.693402
614 0.695553
615 0.696025
616 0.696155
617 0.69675
618 0.696578
619 0.69692
620 0.706932
621 0.707412
622 0.707772
623 0.707782
624 0.707302
625 0.707757
626 0.707305
627 0.706592
628 0.706498
629 0.706913
630 0.708865
631 0.71003
632 0.712703
633 0.713095
634 0.713952
635 0.71466
636 0.716742
637 0.717
638 0.71786
639 0.718618
640 0.7195
641 0.71969
642 0.720282
643 0.72015
644 0.72081
645 0.74003
646 0.740443
647 0.741418
648 0.742398
649 0.743455
650 0.744435
651 0.745375
652 0.746015
653 0.746493
654 0.747075
655 0.747688
656 0.748107
657 0.748765
658 0.748417
659 0.748788
660 0.748493
661 0.748132
662 0.748238
663 0.748923
664 0.748995
665 0.74909
666 0.748788
667 0.747935
668 0.747555
669 0.74721
670 0.74707
671 0.746868
672 0.746377
673 0.746315
674 0.745603
675 0.745775
676 0.745562
677 0.744945
678 0.74536
679 0.74509
680 0.745478
681 0.746302
682 0.746403
683 0.745622
684 0.74581
685 0.745392
686 0.744862
687 0.744752
688 0.744393
689 0.744852
690 0.744657
691 0.744105
692 0.743753
693 0.743762
694 0.743548
695 0.74979
696 0.749348
697 0.749132
698 0.74877
699 0.7486
700 0.748228
701 0.74822
702 0.747767
703 0.747883
704 0.74803
705 0.74841
706 0.750372
707 0.750705
708 0.75153
709 0.75267
710 0.75457
711 0.756342
712 0.75733
713 0.757693
714 0.7586
715 0.75842
716 0.760903
717 0.764543
718 0.769418
719 0.775523
720 0.816707
721 0.816095
722 0.816238
723 0.816107
724 0.816853
725 0.817163
726 0.817485
727 0.817172
728 0.816585
729 0.817108
730 0.817047
731 0.818568
732 0.81923
733 0.819268
734 0.821948
735 0.823867
736 0.826472
737 0.829445
738 0.831422
739 0.8315
740 0.834975
741 0.834765
742 0.836773
743 0.83751
744 0.837638
745 0.8538
746 0.855325
747 0.855038
748 0.855567
749 0.855938
750 0.857075
751 0.861152
752 0.86185
753 0.861875
754 0.86169
755 0.861533
756 0.862275
757 0.862632
758 0.864067
759 0.863038
760 0.862918
761 0.86309
762 0.864258
763 0.867675
764 0.868448
765 0.869212
766 0.869785
767 0.870783
768 0.871173
769 0.872585
770 0.885195
771 0.88535
772 0.88551
773 0.885865
774 0.886105
775 0.885942
776 0.88592
777 0.885677
778 0.88535
779 0.88553
780 0.885585
781 0.885188
782 0.885155
783 0.885062
784 0.88445
785 0.884175
786 0.88388
787 0.884135
788 0.884073
789 0.883647
790 0.883038
791 0.88307
792 0.88278
793 0.882135
794 0.881233
795 0.877505
796 0.87786
797 0.877603
798 0.876755
799 0.875885
800 0.87517
801 0.874453
802 0.872455
803 0.870555
804 0.870358
805 0.869487
806 0.86853
807 0.868407
808 0.867343
809 0.868025
810 0.867857
811 0.869897
812 0.871385
813 0.873715
814 0.878823
815 0.879352
816 0.880555
817 0.881233
818 0.882395
819 0.882417
820 0.884525
821 0.883995
822 0.884232
823 0.884813
824 0.885105
825 0.88534
826 0.885938
827 0.88601
828 0.886137
829 0.886115
830 0.886162
831 0.886683
832 0.887252
833 0.887332
834 0.887267
835 0.887007
836 0.887498
837 0.887305
838 0.88745
839 0.887798
840 0.88787
841 0.887927
842 0.88806
843 0.888095
844 0.888203
845 0.888877
846 0.888738
847 0.888705
848 0.88844
849 0.88843
850 0.8883
851 0.888562
852 0.888585
853 0.888505
854 0.88868
855 0.888497
856 0.888343
857 0.888245
858 0.888002
859 0.887958
860 0.888045
861 0.887927
862 0.887978
863 0.887985
864 0.88813
865 0.888355
866 0.888267
867 0.888305
868 0.888392
869 0.888543
870 0.887967
871 0.887768
872 0.888173
873 0.88823
874 0.888068
875 0.888117
876 0.888213
877 0.888378
878 0.888318
879 0.888425
880 0.888877
881 0.8887
882 0.88889
883 0.888273
884 0.888467
885 0.8884
886 0.888498
887 0.888575
888 0.888667
889 0.888745
890 0.88884
891 0.888685
892 0.888582
893 0.888427
894 0.888335
895 0.88837
896 0.888467
897 0.888562
898 0.88853
899 0.888377
900 0.888432
901 0.888493
902 0.888548
903 0.88872
904 0.888715
905 0.88854
906 0.88877
907 0.889025
908 0.888962
909 0.888932
910 0.889323
911 0.88942
912 0.88926
913 0.889593
914 0.889698
915 0.889598
916 0.889665
917 0.889718
918 0.889607
919 0.88949
920 0.889258
921 0.889375
922 0.889425
923 0.889833
924 0.889885
925 0.889907
926 0.889695
927 0.889663
928 0.889733
929 0.88968
930 0.887487
931 0.88753
932 0.88765
933 0.887957
934 0.887955
935 0.888105
936 0.888232
937 0.888217
938 0.888453
939 0.888643
940 0.888645
941 0.88857
942 0.88829
943 0.888073
944 0.888092
945 0.887988
946 0.887702
947 0.887745
948 0.887887
949 0.887955
950 0.887873
951 0.887875
952 0.887832
953 0.887952
954 0.887937
955 0.889177
956 0.889118
957 0.889055
958 0.889168
959 0.889112
960 0.889147
961 0.888993
962 0.888988
963 0.888902
964 0.888885
965 0.888845
966 0.888842
967 0.88871
968 0.888837
969 0.88878
970 0.888618
971 0.888415
972 0.88845
973 0.888348
974 0.888387
975 0.888035
976 0.887603
977 0.88733
978 0.886972
979 0.88671
980 0.885765
981 0.88551
982 0.885682
983 0.88531
984 0.88579
985 0.88578
986 0.88602
987 0.88579
988 0.88607
989 0.886543
990 0.88642
991 0.887075
992 0.887315
993 0.887337
994 0.887713
995 0.887668
996 0.887517
997 0.88762
998 0.887742
999 0.88792
1000 0.888335
1001 0.888508
1002 0.888633
1003 0.88881
1004 0.88872
1005 0.888877
1006 0.888977
1007 0.88865
1008 0.888565
1009 0.889042
1010 0.889225
1011 0.885435
1012 0.88564
1013 0.885552
1014 0.88528
1015 0.885603
1016 0.885628
1017 0.885317
1018 0.88555
1019 0.88595
1020 0.886058
1021 0.8862
1022 0.886162
1023 0.885848
1024 0.885777
1025 0.885582
1026 0.885463
1027 0.885668
1028 0.88573
1029 0.88567
1030 0.8859
1031 0.88593
1032 0.885975
1033 0.885975
1034 0.886025
1035 0.885908
1036 0.886742
1037 0.886725
1038 0.886572
1039 0.88636
1040 0.886467
1041 0.886463
1042 0.886422
1043 0.886415
1044 0.88643
1045 0.886623
1046 0.886395
1047 0.886345
1048 0.88609
1049 0.885997
1050 0.88626
1051 0.886327
1052 0.886398
1053 0.88644
1054 0.886648
1055 0.8867
1056 0.886497
1057 0.886487
1058 0.88666
1059 0.886975
1060 0.887168
1061 0.886057
1062 0.886217
1063 0.886075
1064 0.885698
1065 0.88575
1066 0.88563
1067 0.885877
1068 0.885842
1069 0.885957
1070 0.885922
1071 0.885807
1072 0.885738
1073 0.885658
1074 0.885573
1075 0.885833
1076 0.885825
1077 0.88581
1078 0.885982
1079 0.885962
1080 0.885952
1081 0.886115
1082 0.886003
1083 0.885895
1084 0.88601
1085 0.885935
1086 0.884732
1087 0.884265
1088 0.8844
1089 0.884445
1090 0.884733
1091 0.884767
1092 0.884685
1093 0.884478
1094 0.884725
1095 0.884725
1096 0.884545
1097 0.88461
1098 0.88447
1099 0.884823
1100 0.884905
1101 0.88457
1102 0.884707
1103 0.884793
1104 0.88468
1105 0.884767
1106 0.884672
1107 0.88477
1108 0.884905
1109 0.884942
1110 0.885158
1111 0.884248
1112 0.883962
1113 0.884337
1114 0.884053
1115 0.88424
1116 0.884525
1117 0.884452
1118 0.88472
1119 0.884907
1120 0.885355
1121 0.88562
1122 0.885945
1123 0.885743
1124 0.885833
1125 0.885385
1126 0.885217
1127 0.884662
1128 0.884513
1129 0.88468
1130 0.884462
1131 0.88441
1132 0.88476
1133 0.884832
1134 0.884177
1135 0.884935
1136 0.885895
1137 0.885787
1138 0.88611
1139 0.886178
1140 0.886145
1141 0.88635
1142 0.88622
1143 0.885895
1144 0.885722
1145 0.885792
1146 0.886065
1147 0.88588
1148 0.886185
1149 0.886702
1150 0.8867
1151 0.886715
1152 0.887563
1153 0.887833
1154 0.88797
1155 0.88804
1156 0.88775
1157 0.887403
1158 0.887307
1159 0.887333
1160 0.887173
1161 0.885728
1162 0.885163
1163 0.885175
1164 0.884607
1165 0.8849
1166 0.885333
1167 0.88522
1168 0.885703
1169 0.885633
1170 0.886005
1171 0.886248
1172 0.886563
1173 0.88606
1174 0.886267
1175 0.886392
1176 0.886283
1177 0.886565
1178 0.88639
1179 0.886213
1180 0.886525
1181 0.886737
1182 0.886853
1183 0.886832
1184 0.88703
1185 0.88714
1186 0.8851
1187 0.885258
1188 0.885282
1189 0.885385
1190 0.885275
1191 0.885458
1192 0.885223
1193 0.885345
1194 0.88549
1195 0.885522
1196 0.885615
1197 0.88594
1198 0.88596
1199 0.886425
1200 0.886425
1201 0.886523
1202 0.886518
1203 0.886622
1204 0.88664
1205 0.886543
1206 0.88651
1207 0.886583
1208 0.886495
1209 0.88648
1210 0.886607
1211 0.888045
1212 0.887775
1213 0.887678
1214 0.88772
1215 0.88756
1216 0.887302
1217 0.887407
1218 0.887393
1219 0.887315
1220 0.887228
1221 0.887147
1222 0.887317
1223 0.887465
1224 0.88756
1225 0.887848
1226 0.887783
1227 0.887842
1228 0.88779
1229 0.888065
1230 0.888062
1231 0.887913
1232 0.887745
1233 0.887365
1234 0.887217
1235 0.887062
1236 0.887275
1237 0.88718
1238 0.886615
1239 0.88627
1240 0.886205
1241 0.886317
1242 0.886327
1243 0.88629
1244 0.886867
1245 0.886818
1246 0.88706
1247 0.887382
1248 0.887125
1249 0.88724
1250 0.88701
1251 0.886853
1252 0.886362
1253 0.886423
1254 0.886308
1255 0.88619
1256 0.886178
1257 0.886087
1258 0.886252
1259 0.88632
1260 0.88617
1261 0.884363
1262 0.884212
1263 0.884557
1264 0.88508
1265 0.88538
1266 0.8853
1267 0.885393
1268 0.88526
1269 0.884937
1270 0.884835
1271 0.885028
1272 0.885645
1273 0.885255
1274 0.885668
1275 0.885888
1276 0.886265
1277 0.88668
1278 0.88658
1279 0.887005
1280 0.886947
1281 0.88689
1282 0.886705
1283 0.887155
1284 0.887273
1285 0.886915
1286 0.886395
1287 0.885685
1288 0.886022
1289 0.88598
1290 0.885957
1291 0.886085
1292 0.886058
1293 0.885845
1294 0.885935
1295 0.886285
1296 0.886065
1297 0.886148
1298 0.886175
1299 0.886557
1300 0.88709
1301 0.887165
1302 0.887355
1303 0.88743
1304 0.887297
1305 0.8871
1306 0.887203
1307 0.88739
1308 0.887702
1309 0.887778
1310 0.887643
1311 0.887118
1312 0.886737
1313 0.886635
1314 0.88672
1315 0.886393
1316 0.88642
1317 0.886685
1318 0.887045
1319 0.887273
1320 0.887325
1321 0.88754
1322 0.887712
1323 0.887853
1324 0.887687
1325 0.887833
1326 0.88797
1327 0.887815
1328 0.88786
1329 0.887773
1330 0.88781
1331 0.88795
1332 0.887908
1333 0.887735
1334 0.887575
1335 0.887657
1336 0.887057
1337 0.887368
1338 0.886927
1339 0.887028
1340 0.88728
1341 0.887235
1342 0.887145
1343 0.887165
1344 0.886855
1345 0.886957
1346 0.886965
1347 0.886968
1348 0.88667
1349 0.886785
1350 0.886518
1351 0.886293
1352 0.88665
1353 0.886632
1354 0.88614
1355 0.886185
1356 0.886035
1357 0.886255
1358 0.886132
1359 0.885962
1360 0.886215
1361 0.88585
1362 0.885612
1363 0.88565
1364 0.885565
1365 0.885582
1366 0.88566
1367 0.88589
1368 0.886017
1369 0.885913
1370 0.886042
1371 0.886162
1372 0.887522
1373 0.88775
1374 0.88756
1375 0.887595
1376 0.887717
1377 0.88743
1378 0.88774
1379 0.887503
1380 0.887668
1381 0.887992
1382 0.88777
1383 0.88805
1384 0.887743
1385 0.88807
1386 0.888817
1387 0.888465
1388 0.888563
1389 0.888435
1390 0.88821
1391 0.8883
1392 0.888543
1393 0.88872
1394 0.888907
1395 0.889058
1396 0.889535
1397 0.889463
1398 0.889742
1399 0.889722
1400 0.890143
1401 0.890055
1402 0.890297
1403 0.89036
1404 0.890603
1405 0.890672
1406 0.890783
1407 0.890785
1408 0.890912
1409 0.8911
1410 0.891187
1411 0.890408
1412 0.890602
1413 0.890105
1414 0.88982
1415 0.889917
1416 0.889955
1417 0.890122
1418 0.890003
1419 0.88987
1420 0.889875
1421 0.88971
1422 0.89059
1423 0.89049
1424 0.890442
1425 0.889842
1426 0.88957
1427 0.889495
1428 0.88958
1429 0.88943
1430 0.8896
1431 0.889195
1432 0.8887
1433 0.888467
1434 0.888885
1435 0.8887
1436 0.890368
1437 0.890458
1438 0.889528
1439 0.888658
1440 0.888497
1441 0.888197
1442 0.887435
1443 0.887912
1444 0.888012
1445 0.887992
1446 0.888243
1447 0.888178
1448 0.887975
1449 0.88759
1450 0.888037
1451 0.888105
1452 0.88846
1453 0.888572
1454 0.88876
1455 0.888777
1456 0.888657
1457 0.888315
1458 0.889018
1459 0.888593
1460 0.888595
1461 0.889638
1462 0.890495
1463 0.890835
1464 0.891247
1465 0.892485
1466 0.89347
1467 0.893075
1468 0.893365
1469 0.89272
1470 0.892338
1471 0.89428
1472 0.895135
1473 0.89335
1474 0.893833
1475 0.89431
1476 0.89525
1477 0.893838
1478 0.894283
1479 0.893293
1480 0.893167
1481 0.89263
1482 0.89221
1483 0.89187
1484 0.89163
1485 0.891325
1486 0.891595
1487 0.892077
1488 0.89346
1489 0.893345
1490 0.893105
1491 0.894208
1492 0.895045
1493 0.894903
1494 0.895125
1495 0.89441
1496 0.895177
1497 0.895442
1498 0.894972
1499 0.89511
1500 0.89543
1501 0.896545
1502 0.89688
1503 0.897822
1504 0.897138
1505 0.897577
1506 0.897068
1507 0.897713
1508 0.896468
1509 0.89939
1510 0.900245
1511 0.90405
1512 0.90444
1513 0.90403
1514 0.9042
1515 0.904435
1516 0.903412
1517 0.903395
1518 0.903142
1519 0.9038
1520 0.903622
1521 0.903737
1522 0.901668
1523 0.90132
1524 0.90196
1525 0.90256
1526 0.902285
1527 0.903627
1528 0.904138
1529 0.904238
1530 0.903705
1531 0.904783
1532 0.903718
1533 0.902457
1534 0.901535
1535 0.90271
1536 0.89977
1537 0.900145
1538 0.89969
1539 0.899685
1540 0.898815
1541 0.898675
1542 0.89743
1543 0.89594
1544 0.896235
1545 0.897675
1546 0.898075
1547 0.89781
1548 0.898565
1549 0.896727
1550 0.89364
1551 0.89055
1552 0.887908
1553 0.885945
1554 0.883822
1555 0.881803
1556 0.88219
1557 0.880885
1558 0.883755
1559 0.88293
1560 0.88487
1561 0.885303
1562 0.886327
1563 0.88618
1564 0.88573
1565 0.886255
1566 0.886585
1567 0.88573
1568 0.885065
1569 0.885755
1570 0.88509
1571 0.884245
1572 0.883007
1573 0.884225
1574 0.88471
1575 0.888243
1576 0.889305
1577 0.890123
1578 0.891615
1579 0.894643
1580 0.897228
1581 0.8983
1582 0.89979
1583 0.89968
1584 0.899375
1585 0.899417
1586 0.902035
1587 0.89915
1588 0.8969
1589 0.89567
1590 0.894343
1591 0.893408
1592 0.893977
1593 0.892767
1594 0.889947
1595 0.89056
1596 0.89038
1597 0.891545
1598 0.891485
1599 0.891535
1600 0.888432
1601 0.889792
1602 0.890365
1603 0.890498
1604 0.889803
1605 0.889495
1606 0.887903
1607 0.88997
1608 0.891443
1609 0.893197
1610 0.892787
1611 0.895462
1612 0.89854
1613 0.899798
1614 0.900462
1615 0.899383
1616 0.899957
1617 0.901147
1618 0.898862
1619 0.89777
1620 0.896345
1621 0.898085
1622 0.898952
1623 0.90062
1624 0.901182
1625 0.902892
1626 0.903887
1627 0.9067
1628 0.908098
1629 0.9114
1630 0.9144
1631 0.914405
1632 0.915095
1633 0.917545
1634 0.91839
1635 0.918793
1636 0.91773
1637 0.917582
1638 0.91642
1639 0.915985
1640 0.91533
1641 0.914297
1642 0.91454
1643 0.9155
1644 0.913482
1645 0.91129
1646 0.912658
1647 0.914122
1648 0.911323
1649 0.911682
1650 0.909667
1651 0.910823
1652 0.909652
1653 0.908897
1654 0.908827
1655 0.908235
1656 0.905715
1657 0.903442
1658 0.902755
1659 0.902235
1660 0.90208
1661 0.90428
1662 0.903237
1663 0.899258
1664 0.899295
1665 0.898813
1666 0.89784
1667 0.898568
1668 0.900795
1669 0.901153
1670 0.903807
1671 0.90676
1672 0.907845
1673 0.909068
1674 0.909353
1675 0.908268
1676 0.908385
1677 0.905528
1678 0.903765
1679 0.901735
1680 0.897323
1681 0.8931
1682 0.891985
1683 0.887465
1684 0.88363
1685 0.88249
1686 0.874815
1687 0.87265
1688 0.871487
1689 0.870345
1690 0.867545
1691 0.86452
1692 0.867195
1693 0.869433
1694 0.8692
1695 0.868632
1696 0.86851
1697 0.868763
1698 0.86946
1699 0.866217
1700 0.86687
1701 0.86817
1702 0.866208
1703 0.864388
1704 0.865962
1705 0.86687
1706 0.867507
1707 0.863992
1708 0.858672
1709 0.85507
1710 0.848995
1711 0.838515
1712 0.83648
1713 0.83149
1714 0.8269
1715 0.826128
1716 0.822823
1717 0.821538
1718 0.821547
1719 0.81926
1720 0.818458
1721 0.819527
1722 0.81933
1723 0.81818
1724 0.817667
1725 0.815795
1726 0.813745
1727 0.8136
1728 0.811305
1729 0.809068
1730 0.80792
1731 0.801162
1732 0.791427
1733 0.78349
1734 0.746212
1735 0.731328
1736 0.686322
1737 0.676793
1738 0.652933
1739 0.646095
1740 0.638815
1741 0.605363
1742 0.60009
1743 0.592388
1744 0.565252
1745 0.561318
1746 0.55692
1747 0.55495
1748 0.515448
1749 0.508103
1750 0.50635
1751 0.50372
1752 0.504208
1753 0.48812
1754 0.486532
1755 0.48326
1756 0.479865
1757 0.476158
1758 0.476475
1759 0.471717
1760 0.471188
1761 0.465452
1762 0.463448
1763 0.464458
1764 0.45723
1765 0.45667
1766 0.45648
1767 0.470257
1768 0.47477
1769 0.475888
1770 0.477077
1771 0.47662
1772 0.487815
1773 0.490602
1774 0.490035
1775 0.488535
1776 0.49425
1777 0.491808
1778 0.489465
1779 0.482023
1780 0.474425
1781 0.472425
1782 0.465797
1783 0.45843
1784 0.457162
1785 0.449483
1786 0.44667
1787 0.444713
1788 0.433957
1789 0.425615
1790 0.422615
1791 0.415912
1792 0.408882
1793 0.406602
1794 0.400068
1795 0.39243
1796 0.389683
1797 0.38396
1798 0.382308
1799 0.386447
1800 0.381913
1801 0.387552
1802 0.3859
1803 0.38918
1804 0.389428
1805 0.39123
1806 0.393305
1807 0.391962
1808 0.394075
1809 0.39273
1810 0.397593
1811 0.38969
1812 0.389435
1813 0.387157
1814 0.383165
1815 0.380213
1816 0.373345
1817 0.37179
1818 0.368835
1819 0.37061
1820 0.36919
1821 0.372092
1822 0.37355
1823 0.374943
1824 0.372925
1825 0.368428
1826 0.366365
1827 0.36111
1828 0.356522
1829 0.35825
1830 0.34864
1831 0.344488
1832 0.341322
1833 0.335762
1834 0.331267
1835 0.327197
1836 0.32079
1837 0.31746
1838 0.315478
1839 0.307295
1840 0.303327
1841 0.30216
1842 0.291403
1843 0.28249
1844 0.279282
1845 0.271885
1846 0.266245
1847 0.263103
1848 0.256335
1849 0.248475
1850 0.24465
1851 0.235118
1852 0.22494
1853 0.221232
1854 0.214597
1855 0.214945
1856 0.215465
1857 0.216593
1858 0.22038
1859 0.21775
1860 0.21789
1861 0.213107
1862 0.21155
1863 0.205745
1864 0.19705
1865 0.19431
1866 0.187955
1867 0.189853
1868 0.19297
1869 0.202402
1870 0.210495
1871 0.21219
1872 0.220697
1873 0.223318
1874 0.223517
1875 0.224355
1876 0.2273
1877 0.227985
1878 0.230493
1879 0.236072
1880 0.238343
1881 0.245062
1882 0.25431
1883 0.253883
1884 0.262763
1885 0.27032
1886 0.277365
1887 0.284957
1888 0.296318
1889 0.300107
1890 0.309355
1891 0.31916
1892 0.322443
1893 0.331302
1894 0.338727
1895 0.339832
1896 0.338243
1897 0.340245
1898 0.34084
1899 0.347988
1900 0.359707
1901 0.365868
1902 0.391632
1903 0.419358
1904 0.42801
1905 0.445863
1906 0.472623
1907 0.475828
1908 0.48333
1909 0.488622
1910 0.487692
1911 0.473117
1912 0.466622
1913 0.46636
1914 0.458483
1915 0.452058
1916 0.448587
1917 0.441257
1918 0.436515
1919 0.4351
1920 0.427198
1921 0.423378
1922 0.418148
1923 0.416085
1924 0.412488
1925 0.386157
1926 0.381205
1927 0.377223
1928 0.36961
1929 0.360872
1930 0.353875
1931 0.350757
1932 0.342585
1933 0.314623
1934 0.3109
1935 0.302978
1936 0.295215
1937 0.292153
1938 0.290495
1939 0.283275
1940 0.283002
1941 0.278815
1942 0.271143
1943 0.278002
1944 0.272615
1945 0.265025
1946 0.26222
1947 0.24925
1948 0.24056
1949 0.235948
1950 0.224943
1951 0.216557
1952 0.208833
1953 0.19453
1954 0.1875
1955 0.183542
1956 0.174327
1957 0.164617
1958 0.159493
1959 0.15028
1960 0.140327
1961 0.128018
1962 0.122757
1963 0.115873
1964 0.113095
1965 0.10001
1966 0.09098
1967 0.08474
1968 0.0729125
1969 0.063595
1970 0.05901
1971 0.0474575
1972 0.033575
1973 0.0297675
1974 0.022845
1975 0.01816
1976 0.016235
1977 0.0119
1978 0.0088075
1979 0.0081675
1980 0.0081525
1981 0.0077625
1982 0.0075925
1983 0.0072575
1984 0.00697
1985 0.006635
1986 0.00608
1987 0.00551
1988 0.0052125
1989 0.004645
1990 0.0045525
1991 0.00463
1992 0.0047975
1993 0.004605
1994 0.00453
1995 0.0048025
1996 0.0043875
1997 0.0042425
1998 0.00403
1999 0.0040825
2000 0.0042925
2001 0.0078925
2002 0.0173875
2003 0.0231375
2004 0.0364475
2005 0.0505925
2006 0.05804
2007 0.0741325
2008 0.0905225
2009 0.0996775
2010 0.117852
2011 0.135135
2012 0.142325
2013 0.161967
2014 0.180065
2015 0.19364
2016 0.215335
2017 0.23601
2018 0.254358
2019 0.274745
2020 0.289722
2021 0.296068
2022 0.307828
2023 0.316395
2024 0.326555
2025 0.344268
2026 0.35998
2027 0.368818
2028 0.383378
2029 0.398545
2030 0.4045
2031 0.405722
2032 0.405155
2033 0.407867
2034 0.40044
2035 0.390732
2036 0.392233
2037 0.386273
2038 0.35571
2039 0.353285
2040 0.341995
2041 0.334685
2042 0.314113
2043 0.307185
2044 0.283627
2045 0.279122
2046 0.269
2047 0.260063
2048 0.25851
2049 0.247575
2050 0.238825
2051 0.236363
2052 0.231765
2053 0.21903
2054 0.217388
2055 0.207797
2056 0.197515
2057 0.1937
2058 0.17982
2059 0.173612
2060 0.168865
2061 0.148265
2062 0.13535
2063 0.131665
2064 0.12308
2065 0.110822
2066 0.104188
2067 0.0940625
2068 0.087335
2069 0.08647
2070 0.080975
2071 0.0785775
2072 0.0741425
2073 0.0649725
2074 0.0600975
2075 0.057855
2076 0.050915
2077 0.04247
2078 0.0394125
2079 0.03175
2080 0.026475
2081 0.02401
2082 0.019185
2083 0.0150175
2084 0.0144275
2085 0.014615
2086 0.01471
2087 0.014
2088 0.0137575
2089 0.01348
2090 0.0133475
2091 0.013075
2092 0.01288
2093 0.0129625
2094 0.012825
2095 0.012945
2096 0.01337
2097 0.01376
2098 0.013695
2099 0.0135625
2100 0.0148425
2101 0.01753
2102 0.0195025
2103 0.0240425
2104 0.0291875
2105 0.0322125
2106 0.038055
2107 0.0453875
2108 0.0497175
2109 0.0576575
2110 0.0685225
2111 0.0747
2112 0.0864275
2113 0.0972025
2114 0.102692
2115 0.116677
2116 0.1292
2117 0.138012
2118 0.15291
2119 0.17111
2120 0.179657
2121 0.197472
2122 0.214858
2123 0.231855
2124 0.25731
2125 0.27848
2126 0.285963
2127 0.324045
2128 0.362108
2129 0.376183
2130 0.403992
2131 0.433595
2132 0.44695
2133 0.46602
2134 0.47667
2135 0.480315
2136 0.509648
2137 0.511853
2138 0.512683
2139 0.512025
2140 0.512373
2141 0.512482
2142 0.51125
2143 0.503953
2144 0.50109
2145 0.493393
2146 0.490673
2147 0.487505
2148 0.480553
2149 0.47538
2150 0.470128
2151 0.464055
2152 0.39046
2153 0.38511
2154 0.338703
2155 0.337728
2156 0.341785
2157 0.323218
2158 0.326265
2159 0.327118
2160 0.324792
2161 0.31682
2162 0.31524
2163 0.31322
2164 0.311652
2165 0.309927
2166 0.304588
2167 0.298647
2168 0.297478
2169 0.28903
2170 0.283475
2171 0.28089
2172 0.270427
2173 0.268238
2174 0.267577
2175 0.256807
2176 0.23452
2177 0.228508
2178 0.21617
2179 0.20749
2180 0.19554
2181 0.181338
2182 0.167633
2183 0.163278
2184 0.15105
2185 0.133945
2186 0.123635
2187 0.11355
2188 0.10562
2189 0.0996825
2190 0.08725
2191 0.078625
2192 0.074635
2193 0.0643225
2194 0.0569625
2195 0.0538175
2196 0.04697
2197 0.0404575
2198 0.0385125
2199 0.0315825
2200 0.0267725
2201 0.024205
2202 0.0210075
2203 0.0181075
2204 0.0173275
2205 0.0159075
2206 0.01417
2207 0.0138
2208 0.0121325
2209 0.0106225
2210 0.009615
2211 0.0082575
2212 0.0054875
2213 0.004295
2214 0.002825
2215 0.00218
2216 0.0019475
2217 0.0023475
2218 0.002355
2219 0.0020975
2220 0.002195
2221 0.00211
2222 0.0024125
2223 0.0028825
2224 0.00249
2225 0.00305
2226 0.0026775
2227 0.0027225
2228 0.0028225
2229 0.003415
2230 0.003095
2231 0.0030075
2232 0.0032575
2233 0.00319
2234 0.0031125
2235 0.0032825
2236 0.0037925
2237 0.003665
2238 0.00392
2239 0.0035675
2240 0.0039775
2241 0.0040075
2242 0.0035425
2243 0.00384
2244 0.00281
2245 0.0034175
2246 0.003765
2247 0.00414
2248 0.0040375
2249 0.00417
2250 0.004595
2251 0.004745
2252 0.0050225
2253 0.0055925
2254 0.0060125
2255 0.0063975
2256 0.006275
2257 0.005755
2258 0.0064825
2259 0.0067125
2260 0.007095
2261 0.0074175
2262 0.0071925
2263 0.0081375
2264 0.00798
2265 0.00862
2266 0.011215
2267 0.013195
2268 0.0187775
2269 0.0266575
2270 0.030235
2271 0.039275
2272 0.048225
2273 0.05282
2274 0.0622775
2275 0.0708575
2276 0.073965
2277 0.0790625
2278 0.0826325
2279 0.0846575
2280 0.0883075
2281 0.0922675
2282 0.0936975
2283 0.0976925
2284 0.099645
2285 0.100687
2286 0.103335
2287 0.1045
2288 0.10499
2289 0.106173
2290 0.106233
2291 0.106317
2292 0.106028
2293 0.104158
2294 0.103232
2295 0.102723
2296 0.100947
2297 0.100385
2298 0.101235
2299 0.104932
2300 0.106908
2301 0.11147
2302 0.111323
2303 0.11083
2304 0.112367
2305 0.113138
2306 0.112245
2307 0.11139
2308 0.111047
2309 0.1106
2310 0.10817
2311 0.10811
2312 0.10862
2313 0.104857
2314 0.098355
2315 0.096865
2316 0.0920625
2317 0.0885225
2318 0.0868575
2319 0.0819575
2320 0.07776
2321 0.0762825
2322 0.072085
2323 0.070545
2324 0.069355
2325 0.06504
2326 0.0618225
2327 0.06093
2328 0.059865
2329 0.057865
2330 0.0560325
2331 0.053515
2332 0.0517525
2333 0.0498225
2334 0.046055
2335 0.0412025
2336 0.0413825
2337 0.03677
2338 0.033305
2339 0.0317975
2340 0.030215
2341 0.0289825
2342 0.027785
2343 0.0262
2344 0.0240625
2345 0.023885
2346 0.02229
2347 0.0198575
2348 0.01784
2349 0.0164475
2350 0.01726
2351 0.0194275
2352 0.0206975
2353 0.0206725
2354 0.020455
2355 0.019045
2356 0.0185475
2357 0.0184925
2358 0.0180525
2359 0.016965
2360 0.0161
2361 0.016125
2362 0.015955
2363 0.0160325
2364 0.0165175
2365 0.01639
2366 0.0161575
2367 0.016655
2368 0.0165175
2369 0.0166825
2370 0.0170325
2371 0.0168825
2372 0.0172925
2373 0.0177125
2374 0.017515
2375 0.017135
2376 0.01689
2377 0.016065
2378 0.0158475
2379 0.015795
2380 0.0149925
2381 0.01484
2382 0.013905
2383 0.01785
2384 0.0228775
2385 0.0356625
2386 0.05095
2387 0.0575725
2388 0.0694575
2389 0.0781725
2390 0.079035
2391 0.080585
2392 0.08454
2393 0.08531
2394 0.085345
2395 0.08967
2396 0.0892075
2397 0.0887425
2398 0.09006
2399 0.0898175
2400 0.0890675
2401 0.08864
2402 0.0885825
2403 0.08809
2404 0.08811
2405 0.0885125
2406 0.088285
2407 0.0877575
2408 0.08704
2409 0.086195
2410 0.08289
2411 0.0825375
2412 0.0845525
2413 0.0807075
2414 0.0737075
2415 0.06815
2416 0.0609725
2417 0.0607825
2418 0.057015
2419 0.05102
2420 0.0481475
2421 0.040625
2422 0.0355475
2423 0.0326625
2424 0.0269275
2425 0.022355
2426 0.02018
2427 0.0155525
2428 0.0105775
2429 0.00836
2430 0.004285
2431 0.001545
2432 0.0010375
2433 0.0114375
2434 0.024325
2435 0.0303175
2436 0.039645
2437 0.0451925
2438 0.047525
2439 0.04897
2440 0.0515975
2441 0.0524875
2442 0.0546475
2443 0.0556075
2444 0.05594
2445 0.0567775
2446 0.05633
2447 0.056475
2448 0.0577225
2449 0.0583125
2450 0.058325
2451 0.057515
2452 0.0565275
2453 0.0564675
2454 0.05657
2455 0.056705
2456 0.0557625
2457 0.0551675
2458 0.05565
2459 0.0566325
2460 0.0554425
2461 0.0568525
2462 0.0566025
2463 0.05306
2464 0.04827
2465 0.0452625
2466 0.04076
2467 0.034825
2468 0.032345
2469 0.02851
2470 0.024965
2471 0.023155
2472 0.02019
2473 0.017575
2474 0.0162675
2475 0.01413
2476 0.014845
2477 0.0167
2478 0.0183125
2479 0.0163825
2480 0.015845
2481 0.0156875
2482 0.017025
2483 0.01733
2484 0.0178425
2485 0.0180175
2486 0.0185075
2487 0.0189025
2488 0.019125
2489 0.01901
2490 0.019435
2491 0.0201475
2492 0.019865
2493 0.019925
2494 0.019755
2495 0.01961
2496 0.0199425
2497 0.02008
2498 0.02015
2499 0.02033
2500 0.0203975
2501 0.0201
2502 0.0199475
2503 0.02025
2504 0.0205125
2505 0.0205575
2506 0.020525
2507 0.02023
2508 0.02623
2509 0.03475
2510 0.039675
2511 0.0486575
2512 0.058075
2513 0.0624675
2514 0.072485
2515 0.075695
2516 0.0756225
2517 0.0759925
2518 0.0758325
2519 0.07644
2520 0.079745
2521 0.080045
2522 0.0809525
2523 0.08397
2524 0.085095
2525 0.0850925
2526 0.0868825
2527 0.0887425
2528 0.08969
2529 0.09186
2530 0.0921375
2531 0.091845
2532 0.0915775
2533 0.0913025
2534 0.0913175
2535 0.0912625
2536 0.09168
2537 0.0914275
2538 0.09233
2539 0.0926775
2540 0.0929275
2541 0.0908725
2542 0.0893825
2543 0.0882125
2544 0.0864125
2545 0.0883075
2546 0.0867325
2547 0.0837425
2548 0.0845775
2549 0.083725
2550 0.078205
2551 0.0731875
2552 0.07193
2553 0.0682525
2554 0.064855
2555 0.0625675
2556 0.0577725
2557 0.050785
2558 0.0486025
2559 0.0418575
2560 0.03608
2561 0.0337325
2562 0.0282675
2563 0.023405
2564 0.0206825
2565 0.0163875
2566 0.0120625
2567 0.0097125
2568 0.006265
2569 0.0041725
2570 0.003485
2571 0.00237
2572 0.001645
2573 0.0015275
2574 0.00163
2575 0.0017075
2576 0.00169
2577 0.001725
2578 0.0016775
2579 0.00171
2580 0.0016775
2581 0.0016175
2582 0.001645
2583 0.0015625
2584 0.00156
2585 0.001525
2586 0.00211
2587 0.002035
2588 0.00202
2589 0.00188
2590 0.0018425
2591 0.001835
2592 0.0018525
2593 0.0018725
2594 0.0018225
2595 0.00185
2596 0.0018225
2597 0.0017725
2598 0.0017875
2599 0.00172
2600 0.0017
2601 0.00169
2602 0.00173
2603 0.001735
2604 0.0017375
2605 0.00176
2606 0.0017775
2607 0.0018675
2608 0.0019075
2609 0.0019125
2610 0.0019025
2611 0.0019875
2612 0.0018975
2613 0.0017925
2614 0.0017025
2615 0.001645
2616 0.00177
2617 0.0017575
2618 0.00176
2619 0.0016325
2620 0.0016775
2621 0.001715
2622 0.00176
2623 0.001805
2624 0.0025625
2625 0.009455
2626 0.01896
2627 0.0245325
2628 0.033025
2629 0.03962
2630 0.043585
2631 0.046765
2632 0.048695
2633 0.04961
2634 0.052165
2635 0.0529575
2636 0.053675
2637 0.05936
2638 0.069995
2639 0.07501
2640 0.085485
2641 0.0965125
2642 0.101913
2643 0.116593
2644 0.131107
2645 0.137705
2646 0.154068
2647 0.162733
2648 0.16902
2649 0.18293
2650 0.191355
2651 0.194983
2652 0.208295
2653 0.211058
2654 0.211295
2655 0.21365
2656 0.21419
2657 0.214987
2658 0.2184
2659 0.219393
2660 0.218647
2661 0.221578
2662 0.219562
2663 0.218755
2664 0.213362
2665 0.209327
2666 0.20463
2667 0.19909
2668 0.197183
2669 0.198777
2670 0.197955
2671 0.198682
2672 0.198873
2673 0.19777
2674 0.20282
2675 0.21284
2676 0.207113
2677 0.20666
2678 0.205012
2679 0.20001
2680 0.193163
2681 0.183523
2682 0.176833
2683 0.171765
2684 0.168655
2685 0.163445
2686 0.155335
2687 0.153792
2688 0.15136
2689 0.145785
2690 0.146097
2691 0.13914
2692 0.134298
2693 0.13228
2694 0.12772
2695 0.121947
2696 0.11874
2697 0.112115
2698 0.106378
2699 0.103645
2700 0.099625
2701 0.0941925
2702 0.0906925
2703 0.084985
2704 0.07917
2705 0.0766275
2706 0.07195
2707 0.06793
2708 0.0662425
2709 0.06385
2710 0.06394
2711 0.06458
2712 0.0652675
2713 0.0655275
2714 0.0658125
2715 0.066415
2716 0.0667825
2717 0.066425
2718 0.0665275
2719 0.066075
2720 0.0628975
2721 0.0630325
2722 0.063215
2723 0.0634725
2724 0.0633075
2725 0.0640075
2726 0.0638775
2727 0.0663275
2728 0.0724775
2729 0.0760625
2730 0.0838225
2731 0.09088
2732 0.0943125
2733 0.100265
2734 0.104068
2735 0.104047
2736 0.10817
2737 0.1109
2738 0.111967
2739 0.11194
2740 0.113443
2741 0.11343
2742 0.11403
2743 0.114785
2744 0.115497
2745 0.11624
2746 0.117117
2747 0.118223
2748 0.11973
2749 0.122257
2750 0.123105
2751 0.12376
2752 0.123938
2753 0.124345
2754 0.124815
2755 0.126665
2756 0.126895
2757 0.12806
2758 0.127515
2759 0.127873
2760 0.128578
2761 0.129507
2762 0.130282
2763 0.13047
2764 0.130882
2765 0.131968
2766 0.13226
2767 0.132835
2768 0.133628
2769 0.133815
2770 0.133545
2771 0.133887
2772 0.133898
2773 0.13503
2774 0.135492
2775 0.135398
2776 0.135698
2777 0.13579
2778 0.13695
2779 0.138373
2780 0.13859
2781 0.13999
2782 0.141775
2783 0.14279
2784 0.141955
2785 0.14148
2786 0.142565
2787 0.141712
2788 0.140692
2789 0.141692
2790 0.142297
2791 0.14269
2792 0.143072
2793 0.14278
2794 0.142685
2795 0.142478
2796 0.142725
2797 0.142662
2798 0.142595
2799 0.14266
2800 0.142388
2801 0.142267
2802 0.14239
2803 0.142267
2804 0.142097
2805 0.142008
2806 0.142437
2807 0.142253
2808 0.142992
2809 0.14291
2810 0.142872
2811 0.142765
2812 0.142607
2813 0.143077
2814 0.14381
2815 0.143365
2816 0.143437
2817 0.143842
2818 0.143905
2819 0.14381
2820 0.144187
2821 0.14418
2822 0.14442
2823 0.144647
2824 0.144338
2825 0.144338
2826 0.14434
2827 0.143832
2828 0.143882
2829 0.14339
2830 0.143107
2831 0.143223
2832 0.142918
2833 0.14308
2834 0.14341
2835 0.143407
2836 0.146455
2837 0.146822
2838 0.146905
2839 0.146813
2840 0.14675
2841 0.146558
2842 0.145868
2843 0.145705
2844 0.144717
2845 0.14459
2846 0.144535
2847 0.14464
2848 0.14479
2849 0.144933
2850 0.145475
2851 0.145937
2852 0.145657
2853 0.145792
2854 0.14583
2855 0.146067
2856 0.14618
2857 0.146123
2858 0.146322
2859 0.146652
2860 0.146675
2861 0.145427
2862 0.14582
2863 0.145907
2864 0.14608
2865 0.146735
2866 0.146975
2867 0.147093
2868 0.147885
2869 0.148528
2870 0.149415
2871 0.149987
2872 0.150058
2873 0.150232
2874 0.14988
2875 0.14957
2876 0.149468
2877 0.148497
2878 0.14938
2879 0.150212
2880 0.15313
2881 0.155922
2882 0.157073
2883 0.158775
2884 0.159465
2885 0.159865
2886 0.161593
2887 0.16208
2888 0.162178
2889 0.162305
2890 0.163225
2891 0.163252
2892 0.162665
2893 0.161112
2894 0.160913
2895 0.158865
2896 0.158702
2897 0.15896
2898 0.158755
2899 0.158145
2900 0.15879
2901 0.157958
2902 0.158048
2903 0.157885
2904 0.15724
2905 0.156598
2906 0.156395
2907 0.156475
2908 0.156795
2909 0.15708
2910 0.156658
2911 0.155793
2912 0.155503
2913 0.15525
2914 0.155257
2915 0.15545
2916 0.155278
2917 0.154975
2918 0.154683
2919 0.153928
2920 0.153785
2921 0.15378
2922 0.154003
2923 0.1546
2924 0.154537
2925 0.154875
2926 0.154415
2927 0.154038
2928 0.154707
2929 0.155468
2930 0.155922
2931 0.15829
2932 0.159252
2933 0.160068
2934 0.161013
2935 0.161327
2936 0.162773
2937 0.162608
2938 0.163243
2939 0.163373
2940 0.164353
2941 0.165123
2942 0.165585
2943 0.165835
2944 0.16675
2945 0.167508
2946 0.169862
2947 0.173038
2948 0.17432
2949 0.177488
2950 0.18111
2951 0.18282
2952 0.187007
2953 0.189795
2954 0.190562
2955 0.194603
2956 0.19911
2957 0.201543
2958 0.207838
2959 0.213427
2960 0.219232
2961 0.233513
2962 0.238178
2963 0.240508
2964 0.248185
2965 0.254335
2966 0.257317
2967 0.26428
2968 0.27433
2969 0.28056
2970 0.289793
2971 0.297098
2972 0.300377
2973 0.31118
2974 0.32356
2975 0.329062
2976 0.334905
2977 0.34409
2978 0.347305
2979 0.353442
2980 0.357913
2981 0.361857
2982 0.375637
2983 0.387397
2984 0.396543
2985 0.40372
2986 0.446682
2987 0.44744
2988 0.4499
2989 0.453883
2990 0.46488
2991 0.48999
2992 0.511175
2993 0.524352
2994 0.54495
2995 0.560843
2996 0.568115
2997 0.581207
2998 0.637088
2999 0.671533
3000 0.722517
3001 0.755238
3002 0.775238
3003 0.796165
3004 0.81074
3005 0.820477
3006 0.833807
3007 0.83794
3008 0.84123
3009 0.843073
3010 0.84281
3011 0.89278
3012 0.889512
3013 0.887877
3014 0.887927
3015 0.88729
3016 0.891067
3017 0.89612
3018 0.897422
3019 0.899968
3020 0.90404
3021 0.90454
3022 0.90454
3023 0.905277
3024 0.906087
3025 0.906015
3026 0.905207
3027 0.905865
3028 0.906592
3029 0.90713
3030 0.908383
3031 0.909102
3032 0.910033
3033 0.908998
3034 0.909525
3035 0.90938
3036 0.91247
3037 0.912595
3038 0.912768
3039 0.912855
3040 0.91216
3041 0.911225
3042 0.910845
3043 0.910385
3044 0.90996
3045 0.909675
3046 0.909793
3047 0.909728
3048 0.908992
3049 0.908502
3050 0.908055
3051 0.908382
3052 0.908195
3053 0.90795
3054 0.907772
3055 0.907752
3056 0.907805
3057 0.906785
3058 0.906725
3059 0.906422
3060 0.90494
3061 0.903427
3062 0.9038
3063 0.903185
3064 0.901105
3065 0.9007
3066 0.899437
3067 0.898225
3068 0.897913
3069 0.897663
3070 0.897627
3071 0.897255
3072 0.896715
3073 0.895365
3074 0.895598
3075 0.894047
3076 0.892865
3077 0.893107
3078 0.891992
3079 0.892247
3080 0.891798
3081 0.891685
3082 0.891282
3083 0.891518
3084 0.8908
3085 0.890527
3086 0.889698
3087 0.887598
3088 0.886862
3089 0.886258
3090 0.88505
3091 0.884975
3092 0.884718
3093 0.883587
3094 0.88103
3095 0.880197
3096 0.88048
3097 0.87983
3098 0.878725
3099 0.878437
3100 0.877405
3101 0.877575
3102 0.878695
3103 0.879155
3104 0.879023
3105 0.880085
3106 0.880507
3107 0.880152
3108 0.880358
3109 0.880872
3110 0.881162
3111 0.88285
3112 0.882482
3113 0.88231
3114 0.88088
3115 0.880713
3116 0.879508
3117 0.878308
3118 0.877175
3119 0.876865
3120 0.876588
3121 0.87634
3122 0.876618
3123 0.87747
3124 0.876592
3125 0.875683
3126 0.875018
3127 0.875475
3128 0.875233
3129 0.874465
3130 0.874088
3131 0.873615
3132 0.871883
3133 0.870563
3134 0.869988
3135 0.86845
3136 0.86662
3137 0.866748
3138 0.866358
3139 0.865007
3140 0.863885
3141 0.86413
3142 0.863328
3143 0.862492
3144 0.861285
3145 0.859815
3146 0.858872
3147 0.858448
3148 0.858095
3149 0.858178
3150 0.858028
3151 0.85733
3152 0.857187
3153 0.857285
3154 0.85739
3155 0.85744
3156 0.857147
3157 0.857295
3158 0.857
3159 0.857222
3160 0.857045
3161 0.856778
3162 0.856855
3163 0.857255
3164 0.857425
3165 0.857548
3166 0.857795
3167 0.857935
3168 0.857533
3169 0.857353
3170 0.857275
3171 0.85737
3172 0.85765
3173 0.857262
3174 0.857432
3175 0.857365
3176 0.85726
3177 0.856642
3178 0.856402
3179 0.856358
3180 0.85473
3181 0.852965
3182 0.852427
3183 0.851535
3184 0.85172
3185 0.851367
3186 0.851868
3187 0.851147
3188 0.850475
3189 0.849855
3190 0.848818
3191 0.848137
3192 0.846895
3193 0.846475
3194 0.845817
3195 0.84546
3196 0.845625
3197 0.845697
3198 0.84561
3199 0.845455
3200 0.845557
3201 0.845117
3202 0.845168
3203 0.845222
3204 0.845215
3205 0.84509
3206 0.845145
3207 0.845017
3208 0.845047
3209 0.845025
3210 0.844977
3211 0.843357
3212 0.843473
3213 0.843475
3214 0.84377
3215 0.843838
3216 0.843185
3217 0.843058
3218 0.842875
3219 0.842885
3220 0.843272
3221 0.843065
3222 0.843107
3223 0.84305
3224 0.843132
3225 0.842807
3226 0.842495
3227 0.842232
3228 0.841873
3229 0.84143
3230 0.841363
3231 0.841395
3232 0.841435
3233 0.841315
3234 0.840987
3235 0.841008
3236 0.84068
3237 0.84075
3238 0.840978
3239 0.84119
3240 0.841045
3241 0.840998
3242 0.8411
3243 0.840965
3244 0.84109
3245 0.84093
3246 0.84084
3247 0.84078
3248 0.841007
3249 0.840795
3250 0.840832
3251 0.840842
3252 0.841382
3253 0.841935
3254 0.84171
3255 0.84153
3256 0.841765
3257 0.841735
3258 0.841862
3259 0.841467
3260 0.84139
3261 0.84198
3262 0.841775
3263 0.84152
3264 0.841843
3265 0.842047
3266 0.842035
3267 0.84256
3268 0.84228
3269 0.842187
3270 0.842125
3271 0.841978
3272 0.841945
3273 0.841955
3274 0.841847
3275 0.8418
3276 0.84167
3277 0.841882
3278 0.841858
3279 0.841815
3280 0.8416
3281 0.841988
3282 0.842202
3283 0.842348
3284 0.842275
3285 0.84232
3286 0.842395
3287 0.8425
3288 0.842527
3289 0.842842
3290 0.842642
3291 0.842645
3292 0.84268
3293 0.84284
3294 0.842562
3295 0.84236
3296 0.841695
3297 0.842472
3298 0.84175
3299 0.84198
3300 0.84179
3301 0.842065
3302 0.842195
3303 0.842137
3304 0.84224
3305 0.842295
3306 0.84186
3307 0.841893
3308 0.84193
3309 0.842178
3310 0.842322
3311 0.843715
3312 0.843455
3313 0.842587
3314 0.842163
3315 0.842215
3316 0.841452
3317 0.841615
3318 0.841402
3319 0.84159
3320 0.841045
3321 0.842052
3322 0.842075
3323 0.84215
3324 0.842153
3325 0.842172
3326 0.842225
3327 0.842358
3328 0.842415
3329 0.842637
3330 0.84266
3331 0.842905
3332 0.842712
3333 0.842998
3334 0.842665
3335 0.84249
3336 0.840637
3337 0.84062
3338 0.84022
3339 0.840763
3340 0.840597
3341 0.840793
3342 0.84058
3343 0.840417
3344 0.839718
3345 0.839722
3346 0.839548
3347 0.838993
3348 0.83886
3349 0.838388
3350 0.838448
3351 0.838145
3352 0.83837
3353 0.83847
3354 0.83915
3355 0.839527
3356 0.839398
3357 0.839745
3358 0.840015
3359 0.84013
3360 0.840405
3361 0.842903
3362 0.8432
3363 0.843538
3364 0.843715
3365 0.84377
3366 0.84423
3367 0.84429
3368 0.844235
3369 0.844625
3370 0.844727
3371 0.844673
3372 0.845193
3373 0.845135
3374 0.844928
3375 0.844882
3376 0.84482
3377 0.844855
3378 0.84497
3379 0.845107
3380 0.84513
3381 0.845007
3382 0.844915
3383 0.844735
3384 0.844737
3385 0.844707
3386 0.843688
3387 0.843615
3388 0.8436
3389 0.843403
3390 0.843337
3391 0.84294
3392 0.843138
3393 0.843142
3394 0.843065
3395 0.842905
3396 0.842728
3397 0.842588
3398 0.842548
3399 0.842425
3400 0.84273
3401 0.842702
3402 0.84276
3403 0.842755
3404 0.842888
3405 0.842853
3406 0.84299
3407 0.842865
3408 0.842805
3409 0.842652
3410 0.842715
3411 0.844157
3412 0.844237
3413 0.844222
3414 0.843538
3415 0.843617
3416 0.843543
3417 0.84338
3418 0.843268
3419 0.843285
3420 0.843382
3421 0.843193
3422 0.843527
3423 0.843622
3424 0.843652
3425 0.843885
3426 0.843683
3427 0.843738
3428 0.84377
3429 0.844155
3430 0.844267
3431 0.84433
3432 0.844213
3433 0.844087
3434 0.844143
3435 0.843988
3436 0.84568
3437 0.845553
3438 0.845225
3439 0.84503
3440 0.845158
3441 0.845413
3442 0.845562
3443 0.84543
3444 0.84532
3445 0.84518
3446 0.845305
3447 0.845395
3448 0.84536
3449 0.84534
3450 0.845352
3451 0.84567
3452 0.845768
3453 0.846205
3454 0.84642
3455 0.846415
3456 0.84663
3457 0.84661
3458 0.84658
3459 0.846765
3460 0.846725
3461 0.847097
3462 0.847482
3463 0.847243
3464 0.846993
3465 0.847118
3466 0.8471
3467 0.84731
3468 0.84728
3469 0.847398
3470 0.847588
3471 0.847365
3472 0.847435
3473 0.84738
3474 0.847268
3475 0.847405
3476 0.847573
3477 0.847575
3478 0.847422
3479 0.847337
3480 0.847408
3481 0.847435
3482 0.84725
3483 0.847333
3484 0.847305
3485 0.84731
3486 0.847878
3487 0.84786
3488 0.847685
3489 0.847468
3490 0.847463
3491 0.847577
3492 0.847677
3493 0.847637
3494 0.847573
3495 0.847627
3496 0.847503
3497 0.847428
3498 0.847555
3499 0.8474
3500 0.847515
3501 0.847632
3502 0.847465
3503 0.8475
3504 0.847457
3505 0.84758
3506 0.847468
3507 0.847383
3508 0.847335
3509 0.84723
3510 0.847347
3511 0.846787
3512 0.846483
3513 0.84643
3514 0.846635
3515 0.846653
3516 0.84664
3517 0.846638
3518 0.8468
3519 0.84688
3520 0.84683
3521 0.847028
3522 0.846895
3523 0.847077
3524 0.847197
3525 0.847355
3526 0.847233
3527 0.84705
3528 0.846945
3529 0.846735
3530 0.847005
3531 0.847112
3532 0.84719
3533 0.847067
3534 0.847152
3535 0.847145
3536 0.84843
3537 0.84828
3538 0.848588
3539 0.848222
3540 0.848348
3541 0.848127
3542 0.848145
3543 0.848275
3544 0.847927
3545 0.848005
3546 0.84793
3547 0.847907
3548 0.847775
3549 0.847847
3550 0.847957
3551 0.84785
3552 0.84784
3553 0.84771
3554 0.847778
3555 0.8477
3556 0.84773
3557 0.84771
3558 0.847508
3559 0.847605
3560 0.847692
3561 0.847738
3562 0.847488
3563 0.847425
3564 0.8475
3565 0.84762
3566 0.84777
3567 0.847685
3568 0.847683
3569 0.847743
3570 0.84704
3571 0.846797
3572 0.847023
3573 0.847015
3574 0.8471
3575 0.846865
3576 0.84679
3577 0.846797
3578 0.846635
3579 0.84678
3580 0.846917
3581 0.84702
3582 0.84693
3583 0.84693
3584 0.84688
3585 0.84687
3586 0.846882
3587 0.84682
3588 0.847185
3589 0.847275
3590 0.847068
3591 0.847112
3592 0.847203
3593 0.847515
3594 0.847437
3595 0.846677
3596 0.846835
3597 0.84694
3598 0.846858
3599 0.846837
3600 0.846752
3601 0.847117
3602 0.84721
3603 0.847075
3604 0.84717
3605 0.847278
3606 0.847413
3607 0.847487
3608 0.84738
3609 0.847295
3610 0.847167
3611 0.847128
3612 0.847055
3613 0.847145
3614 0.84685
3615 0.846772
3616 0.846875
3617 0.846925
3618 0.84671
3619 0.846572
3620 0.846863
3621 0.846515
3622 0.846733
3623 0.84667
3624 0.846423
3625 0.846358
3626 0.846195
3627 0.84611
3628 0.846425
3629 0.84618
3630 0.846043
3631 0.846148
3632 0.84597
3633 0.84604
3634 0.8463
3635 0.846535
3636 0.84636
3637 0.84618
3638 0.846015
3639 0.845773
3640 0.845675
3641 0.845612
3642 0.845678
3643 0.845715
3644 0.845845
3645 0.845618
3646 0.845335
3647 0.845533
3648 0.845245
3649 0.844843
3650 0.84451
3651 0.844345
3652 0.844122
3653 0.844398
3654 0.844423
3655 0.844455
3656 0.844777
3657 0.844903
3658 0.845095
3659 0.845277
3660 0.84523
3661 0.845195
3662 0.845085
3663 0.845033
3664 0.845122
3665 0.845078
3666 0.845142
3667 0.84507
3668 0.845187
3669 0.845255
3670 0.84615
3671 0.846625
3672 0.84634
3673 0.846232
3674 0.845957
3675 0.846013
3676 0.84635
3677 0.846205
3678 0.846307
3679 0.846305
3680 0.84669
3681 0.847228
3682 0.847025
3683 0.84728
3684 0.847495
3685 0.847413
3686 0.84747
3687 0.847542
3688 0.847612
3689 0.847457
3690 0.847428
3691 0.847442
3692 0.847335
3693 0.847357
3694 0.847343
3695 0.846963
3696 0.847042
3697 0.847147
3698 0.84716
3699 0.847195
3700 0.84701
3701 0.84694
3702 0.84714
3703 0.847042
3704 0.846977
3705 0.847187
3706 0.847123
3707 0.846938
3708 0.847025
3709 0.847093
3710 0.846828
3711 0.8471
3712 0.847225
3713 0.84695
3714 0.847058
3715 0.847068
3716 0.84712
3717 0.846842
3718 0.84719
3719 0.846893
3720 0.847345
3721 0.847517
3722 0.84751
3723 0.847825
3724 0.84804
3725 0.848272
3726 0.848
3727 0.848155
3728 0.847653
3729 0.8473
3730 0.84734
3731 0.847368
3732 0.847535
3733 0.84739
3734 0.847525
3735 0.847732
3736 0.847738
3737 0.847778
3738 0.848192
3739 0.848067
3740 0.848208
3741 0.848618
3742 0.848698
3743 0.849022
3744 0.848858
3745 0.849275
3746 0.849307
3747 0.84914
3748 0.849215
3749 0.849422
3750 0.8491
3751 0.84911
3752 0.84925
3753 0.84906
3754 0.849317
3755 0.849058
3756 0.84916
3757 0.849128
3758 0.84889
3759 0.84898
3760 0.848915
3761 0.84862
3762 0.848307
3763 0.847993
3764 0.848332
3765 0.84773
3766 0.84793
3767 0.847463
3768 0.846723
3769 0.84622
3770 0.846597
3771 0.846985
3772 0.84692
3773 0.847363
3774 0.847912
3775 0.848125
3776 0.848335
3777 0.848683
3778 0.848893
3779 0.848773
3780 0.849038
3781 0.849335
3782 0.84921
3783 0.849008
3784 0.849023
3785 0.849023
3786 0.848973
3787 0.84882
3788 0.848805
3789 0.848768
3790 0.848568
3791 0.848475
3792 0.848387
3793 0.848288
3794 0.848235
3795 0.848423
3796 0.84833
3797 0.848167
3798 0.847932
3799 0.847768
3800 0.846837
3801 0.845962
3802 0.845572
3803 0.844865
3804 0.843855
3805 0.84361
3806 0.843128
3807 0.842632
3808 0.842228
3809 0.84226
3810 0.842643
3811 0.84304
3812 0.843177
3813 0.843312
3814 0.843435
3815 0.843522
3816 0.84323
3817 0.84327
3818 0.843562
3819 0.844108
3820 0.84887
3821 0.84911
3822 0.848833
3823 0.848833
3824 0.84887
3825 0.848845
3826 0.848715
3827 0.848653
3828 0.848688
3829 0.848847
3830 0.848835
3831 0.849123
3832 0.849085
3833 0.849058
3834 0.849085
3835 0.848937
3836 0.84913
3837 0.848993
3838 0.848807
3839 0.848625
3840 0.848527
3841 0.848513
3842 0.848415
3843 0.84839
3844 0.848497
3845 0.847415
3846 0.847335
3847 0.847325
3848 0.84753
3849 0.847227
3850 0.84713
3851 0.847275
3852 0.847348
3853 0.847232
3854 0.84736
3855 0.847287
3856 0.847347
3857 0.847395
3858 0.847002
3859 0.846828
3860 0.846933
3861 0.84723
3862 0.847132
3863 0.847285
3864 0.847173
3865 0.847215
3866 0.847355
3867 0.84718
3868 0.84723
3869 0.847133
3870 0.848278
3871 0.84826
3872 0.84836
3873 0.84811
3874 0.848118
3875 0.84825
3876 0.84854
3877 0.84864
3878 0.848625
3879 0.848677
3880 0.848842
3881 0.849045
3882 0.848665
3883 0.848133
3884 0.848102
3885 0.848183
3886 0.84839
3887 0.847943
3888 0.847838
3889 0.847757
3890 0.848157
3891 0.847858
3892 0.847842
3893 0.847923
3894 0.847832
3895 0.848577
3896 0.848837
3897 0.849438
3898 0.849612
3899 0.849478
3900 0.84994
3901 0.84981
3902 0.849352
3903 0.849598
3904 0.849513
3905 0.849123
3906 0.849345
3907 0.849143
3908 0.849028
3909 0.84889
3910 0.84891
3911 0.848993
3912 0.848528
3913 0.84852
3914 0.84843
3915 0.848275
3916 0.848165
3917 0.84809
3918 0.84825
3919 0.84836
3920 0.848828
3921 0.849052
3922 0.84905
3923 0.848625
3924 0.848847
3925 0.848832
3926 0.848633
3927 0.848635
3928 0.84869
3929 0.84853
3930 0.848275
3931 0.84832
3932 0.848158
3933 0.84864
3934 0.848592
3935 0.848448
3936 0.848612
3937 0.848442
3938 0.848675
3939 0.848565
3940 0.848422
3941 0.848558
3942 0.848407
3943 0.84834
3944 0.84831
3945 0.85007
3946 0.850062
3947 0.849685
3948 0.849665
3949 0.84948
3950 0.849515
3951 0.849375
3952 0.849445
3953 0.849225
3954 0.849263
3955 0.84911
3956 0.849133
3957 0.849252
3958 0.849185
3959 0.849595
3960 0.84975
3961 0.849895
3962 0.849643
3963 0.84972
3964 0.849357
3965 0.849238
3966 0.849392
3967 0.849415
3968 0.849208
3969 0.84927
3970 0.85081
3971 0.850745
3972 0.850425
3973 0.850383
3974 0.84996
3975 0.84978
3976 0.849707
3977 0.84964
3978 0.84944
3979 0.849485
3980 0.849413
3981 0.848905
3982 0.848932
3983 0.847973
3984 0.848635
3985 0.848037
3986 0.84775
3987 0.84784
3988 0.84752
3989 0.848302
3990 0.848573
3991 0.84891
3992 0.84908
3993 0.848815
3994 0.848735
3995 0.850727
3996 0.850605
3997 0.850492
3998 0.850205
3999 0.850132
4000 0.85013
4001 0.850495
4002 0.850225
4003 0.850162
4004 0.849917
4005 0.849685
4006 0.84959
4007 0.849472
4008 0.849515
4009 0.849345
4010 0.849147
4011 0.849067
4012 0.8492
4013 0.849282
4014 0.849263
4015 0.849228
4016 0.849208
4017 0.849013
4018 0.848833
4019 0.848818
4020 0.84983
4021 0.850087
4022 0.850008
4023 0.85
4024 0.850185
4025 0.849973
4026 0.850272
4027 0.849935
4028 0.84986
4029 0.849562
4030 0.849445
4031 0.849523
4032 0.849638
4033 0.849442
4034 0.84943
4035 0.849598
4036 0.849422
4037 0.849268
4038 0.8492
4039 0.849222
4040 0.849152
4041 0.849352
4042 0.849267
4043 0.849335
4044 0.84945
4045 0.849793
4046 0.849813
4047 0.849808
4048 0.850065
4049 0.84969
4050 0.849608
4051 0.849687
4052 0.84968
4053 0.84944
4054 0.84965
4055 0.849578
4056 0.849552
4057 0.849398
4058 0.849345
4059 0.849233
4060 0.84934
4061 0.849243
4062 0.849128
4063 0.848972
4064 0.849187
4065 0.849375
4066 0.849505
4067 0.849805
4068 0.85003
4069 0.850265
4070 0.849187
4071 0.849422
4072 0.8492
4073 0.848788
4074 0.84847
4075 0.848692
4076 0.848625
4077 0.84884
4078 0.848745
4079 0.848795
4080 0.848858
4081 0.848672
4082 0.848712
4083 0.848685
4084 0.84863
4085 0.848757
4086 0.848772
4087 0.8489
4088 0.84891
4089 0.848873
4090 0.849082
4091 0.84925
4092 0.84929
4093 0.848875
4094 0.848707
4095 0.850805
4096 0.850763
4097 0.850395
4098 0.850425
4099 0.850623
4100 0.850558
4101 0.850825
4102 0.850798
4103 0.850505
4104 0.850303
4105 0.850288
4106 0.849915
4107 0.84982
4108 0.849795
4109 0.849903
4110 0.850115
4111 0.850405
4112 0.850442
4113 0.850335
4114 0.850052
4115 0.850053
4116 0.850183
4117 0.850355
4118 0.85058
4119 0.850745
4120 0.851983
4121 0.851855
4122 0.851535
4123 0.851527
4124 0.851755
4125 0.85173
4126 0.85165
4127 0.85148
4128 0.85154
4129 0.85173
4130 0.851782
4131 0.851668
4132 0.85156
4133 0.851563
4134 0.85156
4135 0.851542
4136 0.85144
4137 0.85131
4138 0.850895
4139 0.850965
4140 0.850665
4141 0.850473
4142 0.85064
4143 0.850853
4144 0.850577
4145 0.851602
4146 0.851007
4147 0.85121
4148 0.850903
4149 0.850132
4150 0.849495
4151 0.849145
4152 0.848808
4153 0.848513
4154 0.84786
4155 0.847508
4156 0.847533
4157 0.84748
4158 0.84723
4159 0.846847
4160 0.846818
4161 0.846872
4162 0.847105
4163 0.847363
4164 0.847398
4165 0.847345
4166 0.847288
4167 0.84767
4168 0.848367
4169 0.847268
4170 0.848905
4171 0.848685
4172 0.849045
4173 0.8497
4174 0.849647
4175 0.849915
4176 0.850315
4177 0.850957
4178 0.8515
4179 0.85152
4180 0.851557
4181 0.852057
4182 0.852992
4183 0.852762
4184 0.85316
4185 0.853573
4186 0.854553
4187 0.856623
4188 0.85668
4189 0.858607
4190 0.860225
4191 0.86153
4192 0.862517
4193 0.863342
4194 0.863805
4195 0.864888
4196 0.86359
4197 0.86487
4198 0.86474
4199 0.864003
4200 0.864027
4201 0.863985
4202 0.862953
4203 0.862783
4204 0.86313
4205 0.86332
4206 0.86416
4207 0.865743
4208 0.865355
4209 0.866358
4210 0.867203
4211 0.866512
4212 0.867298
4213 0.86808
4214 0.869335
4215 0.869775
4216 0.871152
4217 0.87227
4218 0.873422
4219 0.873897
4220 0.873787
4221 0.874462
4222 0.876795
4223 0.878258
4224 0.878465
4225 0.879545
4226 0.880452
4227 0.880985
4228 0.88284
4229 0.88454
4230 0.886718
4231 0.889072
4232 0.889587
4233 0.891232
4234 0.894588
4235 0.89639
4236 0.897707
4237 0.900883
4238 0.902273
4239 0.90214
4240 0.901585
4241 0.89918
4242 0.898297
4243 0.895857
4244 0.89339
4245 0.89182
4246 0.889413
4247 0.889405
4248 0.889655
4249 0.887072
4250 0.8832
4251 0.881657
4252 0.880635
4253 0.880858
4254 0.88054
4255 0.8819
4256 0.87999
4257 0.879725
4258 0.881035
4259 0.882203
4260 0.882175
4261 0.88233
4262 0.882905
4263 0.882537
4264 0.88643
4265 0.889927
4266 0.89084
4267 0.894842
4268 0.898483
4269 0.898875
4270 0.90077
4271 0.90261
4272 0.90449
4273 0.905908
4274 0.907225
4275 0.908685
4276 0.90797
4277 0.90846
4278 0.90917
4279 0.909848
4280 0.912277
4281 0.911595
4282 0.91252
4283 0.912905
4284 0.912282
4285 0.914115
4286 0.91606
4287 0.916488
4288 0.91809
4289 0.919188
4290 0.919475
4291 0.917837
4292 0.918685
4293 0.91433
4294 0.910068
4295 0.900392
4296 0.900092
4297 0.89634
4298 0.895343
4299 0.89471
4300 0.89311
4301 0.893325
4302 0.8941
4303 0.894345
4304 0.894405
4305 0.894893
4306 0.893505
4307 0.892188
4308 0.891288
4309 0.888683
4310 0.887945
4311 0.887
4312 0.884885
4313 0.88286
4314 0.88372
4315 0.883197
4316 0.881098
4317 0.88078
4318 0.871748
4319 0.866903
4320 0.865208
4321 0.864697
4322 0.864833
4323 0.857498
4324 0.844083
4325 0.835542
4326 0.83655
4327 0.829697
4328 0.805755
4329 0.797965
4330 0.786698
4331 0.783807
4332 0.782697
4333 0.779
4334 0.773492
4335 0.772505
4336 0.769305
4337 0.767458
4338 0.767972
4339 0.767003
4340 0.767218
4341 0.767292
4342 0.76751
4343 0.770468
4344 0.770907
4345 0.743247
4346 0.74448
4347 0.74646
4348 0.747955
4349 0.750377
4350 0.750455
4351 0.75196
4352 0.75042
4353 0.749027
4354 0.749165
4355 0.747018
4356 0.745573
4357 0.742232
4358 0.7384
4359 0.73801
4360 0.734948
4361 0.731612
4362 0.730293
4363 0.728737
4364 0.727845
4365 0.727043
4366 0.727865
4367 0.725705
4368 0.724855
4369 0.722835
4370 0.717548
4371 0.718903
4372 0.72308
4373 0.720285
4374 0.72113
4375 0.71911
4376 0.721583
4377 0.724147
4378 0.726545
4379 0.694717
4380 0.69267
4381 0.700072
4382 0.699817
4383 0.699685
4384 0.69443
4385 0.690045
4386 0.688795
4387 0.685227
4388 0.676783
4389 0.674937
4390 0.670558
4391 0.664227
4392 0.66436
4393 0.657167
4394 0.627715
4395 0.62388
4396 0.620835
4397 0.614947
4398 0.611055
4399 0.603762
4400 0.596715
4401 0.594318
4402 0.586565
4403 0.578745
4404 0.575132
4405 0.567078
4406 0.55975
4407 0.55515
4408 0.549142
4409 0.532417
4410 0.531707
4411 0.529463
4412 0.52221
4413 0.519338
4414 0.53371
4415 0.537345
4416 0.53758
4417 0.556418
4418 0.563765
4419 0.565298
4420 0.565827
4421 0.591363
4422 0.59459
4423 0.595287
4424 0.608372
4425 0.613278
4426 0.61761
4427 0.614938
4428 0.61687
4429 0.618522
4430 0.61724
4431 0.61662
4432 0.615365
4433 0.618193
4434 0.616905
4435 0.612928
4436 0.607035
4437 0.606
4438 0.60231
4439 0.597415
4440 0.59528
4441 0.59723
4442 0.602465
4443 0.604278
4444 0.605028
4445 0.601415
4446 0.60734
4447 0.615727
4448 0.620513
4449 0.626205
4450 0.629023
4451 0.629005
4452 0.627358
4453 0.621515
4454 0.62156
4455 0.619855
4456 0.61935
4457 0.61668
4458 0.619945
4459 0.620792
4460 0.620437
4461 0.622413
4462 0.62592
4463 0.628245
4464 0.627575
4465 0.63263
4466 0.63279
4467 0.63734
4468 0.645215
4469 0.651077
4470 0.648543
4471 0.659375
4472 0.666127
4473 0.672855
4474 0.687458
4475 0.695135
4476 0.683668
4477 0.68405
4478 0.686615
4479 0.662663
4480 0.660752
4481 0.664495
4482 0.66554
4483 0.628192
4484 0.628297
4485 0.626448
4486 0.624057
4487 0.59482
4488 0.593193
4489 0.59426
4490 0.594355
4491 0.594495
4492 0.598213
4493 0.598535
4494 0.597265
4495 0.593865
4496 0.601152
4497 0.60424
4498 0.609513
4499 0.615207
4500 0.619152
4501 0.628015
4502 0.633472
4503 0.637508
4504 0.663938
4505 0.679863
4506 0.681462
4507 0.70345
4508 0.711912
4509 0.71492
4510 0.743285
4511 0.752612
4512 0.75682
4513 0.777575
4514 0.788773
4515 0.796403
4516 0.82342
4517 0.835348
4518 0.839995
4519 0.847548
4520 0.85926
4521 0.862208
4522 0.866613
4523 0.868932
4524 0.869725
4525 0.882508
4526 0.887302
4527 0.889787
4528 0.89586
4529 0.905088
4530 0.908165
4531 0.91139
4532 0.914213
4533 0.915377
4534 0.917315
4535 0.920107
4536 0.921705
4537 0.92269
4538 0.924335
4539 0.92487
4540 0.924638
4541 0.925857
4542 0.926185
4543 0.927165
4544 0.927358
4545 0.928967
4546 0.927237
4547 0.922532
4548 0.919665
4549 0.918242
4550 0.915805
4551 0.91288
4552 0.907878
4553 0.90636
4554 0.903485
4555 0.9
4556 0.89751
4557 0.895933
4558 0.883603
4559 0.873335
4560 0.870337
4561 0.86242
4562 0.857173
4563 0.855285
4564 0.852702
4565 0.811098
4566 0.809573
4567 0.805045
4568 0.8091
4569 0.808408
4570 0.804808
4571 0.748163
4572 0.7475
4573 0.744995
4574 0.734777
4575 0.730538
4576 0.724685
4577 0.719812
4578 0.71353
4579 0.707632
4580 0.701438
4581 0.699738
4582 0.693653
4583 0.694087
4584 0.692325
4585 0.692275
4586 0.691655
4587 0.6936
4588 0.696905
4589 0.696875
4590 0.698993
4591 0.702185
4592 0.72449
4593 0.733885
4594 0.74692
4595 0.752502
4596 0.75688
4597 0.760912
4598 0.760563
4599 0.759187
4600 0.760992
4601 0.761125
4602 0.760167
4603 0.75587
4604 0.755928
4605 0.753095
4606 0.754223
4607 0.753602
4608 0.752415
4609 0.751653
4610 0.751452
4611 0.74928
4612 0.753565
4613 0.752592
4614 0.752393
4615 0.749545
4616 0.74816
4617 0.745152
4618 0.742425
4619 0.741452
4620 0.710222
4621 0.706843
4622 0.70332
4623 0.70291
4624 0.609455
4625 0.600912
4626 0.595462
4627 0.58713
4628 0.578715
4629 0.572225
4630 0.572667
4631 0.577682
4632 0.581248
4633 0.58078
4634 0.590097
4635 0.593738
4636 0.593598
4637 0.595865
4638 0.59974
4639 0.630562
4640 0.653917
4641 0.6629
4642 0.67748
4643 0.692207
4644 0.69792
4645 0.710085
4646 0.71868
4647 0.7218
4648 0.725045
4649 0.72573
4650 0.726067
4651 0.726417
4652 0.728677
4653 0.73084
4654 0.735038
4655 0.734538
4656 0.73664
4657 0.733407
4658 0.73378
4659 0.731982
4660 0.69381
4661 0.68842
4662 0.681617
4663 0.67426
4664 0.672335
4665 0.665872
4666 0.66026
4667 0.657587
4668 0.657122
4669 0.655093
4670 0.625717
4671 0.63073
4672 0.635212
4673 0.634265
4674 0.632528
4675 0.631285
4676 0.566865
4677 0.5622
4678 0.559003
4679 0.55645
4680 0.502548
4681 0.48227
4682 0.469555
4683 0.46141
4684 0.450188
4685 0.400025
4686 0.39528
4687 0.380812
4688 0.377817
4689 0.375872
4690 0.373007
4691 0.372005
4692 0.373953
4693 0.374137
4694 0.371258
4695 0.371165
4696 0.37056
4697 0.366875
4698 0.371932
4699 0.374172
4700 0.381168
4701 0.379713
4702 0.381708
4703 0.386003
4704 0.385883
4705 0.390618
4706 0.394125
4707 0.395713
4708 0.393788
4709 0.395212
4710 0.393562
4711 0.413197
4712 0.431443
4713 0.43682
4714 0.47405
4715 0.486922
4716 0.49215
4717 0.51009
4718 0.53893
4719 0.550575
4720 0.575665
4721 0.579355
4722 0.583782
4723 0.581762
4724 0.583465
4725 0.58955
4726 0.582963
4727 0.58789
4728 0.591342
4729 0.585885
4730 0.555488
4731 0.55158
4732 0.543445
4733 0.54335
4734 0.540652
4735 0.53339
4736 0.52754
4737 0.52013
4738 0.512238
4739 0.49753
4740 0.495928
4741 0.483707
4742 0.47267
4743 0.469405
4744 0.463025
4745 0.446503
4746 0.41495
4747 0.40594
4748 0.397117
4749 0.392348
4750 0.36003
4751 0.348735
4752 0.344287
4753 0.331087
4754 0.306785
4755 0.302377
4756 0.29026
4757 0.280882
4758 0.278543
4759 0.26727
4760 0.25264
4761 0.246487
4762 0.23639
4763 0.227148
4764 0.22239
4765 0.210423
4766 0.1973
4767 0.19037
4768 0.178622
4769 0.1718
4770 0.167415
4771 0.15642
4772 0.147568
4773 0.14355
4774 0.13551
4775 0.126807
4776 0.121703
4777 0.109725
4778 0.09915
4779 0.095645
4780 0.0871875
4781 0.0791025
4782 0.0767775
4783 0.071815
4784 0.0656925
4785 0.0620425
4786 0.05378
4787 0.0475575
4788 0.0445625
4789 0.03809
4790 0.0302775
4791 0.0270875
4792 0.0210325
4793 0.0169
4794 0.0155475
4795 0.0121375
4796 0.0086275
4797 0.007225
4798 0.004505
4799 0.00205
4800 0.000965
4801 0.00072
4802 0.000625
4803 0.0005675
4804 0.0005175
4805 0.000505
4806 0.0004975
4807 0.0004875
4808 0.0004775
4809 0.000415
4810 0.0003725
4811 0.0002975
4812 0.000295
4813 0.000285
4814 0.000265
4815 0.0002975
4816 0.0003425
4817 0.000365
4818 0.0003575
4819 0.0003075
4820 0.000395
4821 0.0004025
4822 0.000355
4823 0.0003025
4824 0.00028
4825 0.0002675
4826 0.00028
4827 0.00024
4828 0.0002175
4829 0.0001925
4830 0.000195
4831 0.00019
4832 0.0002025
4833 0.0001825
4834 0.00224
4835 0.0022775
4836 0.002035
4837 0.0020475
4838 0.002135
4839 0.00221
4840 0.0025125
4841 0.0025075
4842 0.0024975
4843 0.0025775
4844 0.002675
4845 0.00301
4846 0.00294
4847 0.0029025
4848 0.0028725
4849 0.0030225
4850 0.00298
4851 0.0030525
4852 0.0031275
4853 0.00315
4854 0.0030925
4855 0.003475
4856 0.0035325
4857 0.003445
4858 0.00345
4859 0.0035175
4860 0.0034025
4861 0.0033775
4862 0.00343
4863 0.00333
4864 0.0030125
4865 0.003
4866 0.00265
4867 0.002625
4868 0.002505
4869 0.00252
4870 0.002675
4871 0.002435
4872 0.0023725
4873 0.0021625
4874 0.002135
4875 0.0019825
4876 0.001905
4877 0.0019475
4878 0.0018125
4879 0.0017775
4880 0.001745
4881 0.0015525
4882 0.00165
4883 0.001655
4884 0.0017625
4885 0.001965
4886 0.00184
4887 0.0020225
4888 0.00199
4889 0.001825
4890 0.0017475
4891 0.00178
4892 0.0017275
4893 0.001745
4894 0.0016325
4895 0.0014475
4896 0.0013325
4897 0.001105
4898 0.00088
4899 0.0006175
4900 0.0004975
4901 0.00049
4902 0.0003975
4903 0.00034
4904 0.00026
4905 0.00024
4906 0.0002275
4907 0.00023
4908 0.0001825
4909 0.00014
4910 0.000135
4911 0.0001325
4912 0.0001325
4913 0.000125
4914 0.00012
4915 0.0001175
4916 0.001255
4917 0.012315
4918 0.02476
4919 0.0307
4920 0.0396825
4921 0.044585
4922 0.046015
4923 0.04803
4924 0.050855
4925 0.0517125
4926 0.06002
4927 0.0725225
4928 0.0798
4929 0.0921875
4930 0.10359
4931 0.108378
4932 0.115125
4933 0.117633
4934 0.118825
4935 0.12004
4936 0.12373
4937 0.1246
4938 0.12455
4939 0.132895
4940 0.13314
4941 0.133313
4942 0.13222
4943 0.132335
4944 0.132938
4945 0.13318
4946 0.131667
4947 0.132623
4948 0.134315
4949 0.132642
4950 0.1276
4951 0.121805
4952 0.11889
4953 0.114475
4954 0.109232
4955 0.10733
4956 0.0986975
4957 0.094825
4958 0.093
4959 0.090165
4960 0.0867375
4961 0.0854725
4962 0.083205
4963 0.0783475
4964 0.0748225
4965 0.067145
4966 0.06461
4967 0.0665625
4968 0.0708
4969 0.07701
4970 0.08061
4971 0.0865
4972 0.0910725
4973 0.0950075
4974 0.102557
4975 0.109693
4976 0.113138
4977 0.11781
4978 0.118385
4979 0.118072
4980 0.11584
4981 0.11325
4982 0.113288
4983 0.11227
4984 0.11171
4985 0.113165
4986 0.113895
4987 0.112535
4988 0.11307
4989 0.111077
4990 0.110805
4991 0.110313
4992 0.110567
4993 0.109158
4994 0.109405
4995 0.108065
4996 0.107577
4997 0.10655
4998 0.108505
4999 0.109232
5000 0.108065
5001 0.104728
5002 0.09968
5003 0.097675
5004 0.0940775
5005 0.091095
5006 0.0892925
5007 0.08773
5008 0.086885
5009 0.08553
5010 0.081035
5011 0.0771025
5012 0.073725
5013 0.0658825
5014 0.0594725
5015 0.0563425
5016 0.050385
5017 0.0445
5018 0.0408625
5019 0.033125
5020 0.0314925
5021 0.0310525
5022 0.032255
5023 0.0298625
5024 0.0289175
5025 0.0269025
5026 0.024395
5027 0.023355
5028 0.020455
5029 0.018215
5030 0.016945
5031 0.01633
5032 0.0163075
5033 0.0164325
5034 0.0168975
5035 0.0171525
5036 0.0176075
5037 0.017665
5038 0.017935
5039 0.018155
5040 0.01843
5041 0.01819
5042 0.018385
5043 0.0185025
5044 0.0187525
5045 0.0184875
5046 0.0189
5047 0.02045
5048 0.021815
5049 0.025295
5050 0.02841
5051 0.0313025
5052 0.0374775
5053 0.044505
5054 0.0481625
5055 0.0549625
5056 0.0625475
5057 0.0665225
5058 0.0746475
5059 0.089315
5060 0.094215
5061 0.103185
5062 0.112613
5063 0.122165
5064 0.135095
5065 0.149095
5066 0.154463
5067 0.165755
5068 0.182252
5069 0.188065
5070 0.203357
5071 0.219183
5072 0.22523
5073 0.237882
5074 0.24922
5075 0.2534
5076 0.26214
5077 0.267578
5078 0.267623
5079 0.268515
5080 0.26908
5081 0.268535
5082 0.265238
5083 0.262392
5084 0.259622
5085 0.254337
5086 0.23733
5087 0.237632
5088 0.23194
5089 0.213733
5090 0.210737
5091 0.20467
5092 0.187505
5093 0.184153
5094 0.17881
5095 0.17498
5096 0.174402
5097 0.175213
5098 0.167667
5099 0.164765
5100 0.158985
5101 0.15089
5102 0.14639
5103 0.139065
5104 0.12908
5105 0.125638
5106 0.117515
5107 0.112625
5108 0.107783
5109 0.10068
5110 0.096795
5111 0.0960575
5112 0.0930325
5113 0.0911425
5114 0.0912425
5115 0.08453
5116 0.082285
5117 0.0808225
5118 0.0737275
5119 0.063035
5120 0.0608225
5121 0.05059
5122 0.04079
5123 0.0354075
5124 0.0264025
5125 0.01777
5126 0.0148125
5127 0.0084625
5128 0.00357
5129 0.001655
5130 0.00051
5131 0.0004175
5132 0.0003925
5133 0.0003575
5134 0.0005225
5135 0.00046
5136 0.000375
5137 0.0003725
5138 0.000365
5139 0.0003325
5140 0.0003275
5141 0.0003175
5142 0.0003175
5143 0.0003125
5144 0.00032
5145 0.0003025
5146 0.0003025
5147 0.0002575
5148 0.000265
5149 0.0002525
5150 0.0002375
5151 0.000225
5152 0.00022
5153 0.0002225
5154 0.0002325
5155 0.000235
5156 0.00024
5157 0.0002425
5158 0.00024
5159 0.000515
5160 0.000475
5161 0.0004175
5162 0.000295
5163 0.0002975
5164 0.000285
5165 0.00021
5166 0.000205
5167 0.0002025
5168 0.0002
5169 0.000185
5170 0.0001825
5171 0.000185
5172 0.0002
5173 0.000195
5174 0.000185
5175 0.000185
5176 0.0001725
5177 0.00018
5178 0.0001925
5179 0.000195
5180 0.0001725
5181 0.0001675
5182 0.000165
5183 0.000165
5184 4.5e-05
5185 4e-05
5186 4e-05
5187 4e-05
5188 3.25e-05
5189 2.25e-05
5190 2e-05
5191 2e-05
5192 0
5193 0
5194 0
5195 0.0003025
5196 0.000275
5197 0.0002625
5198 0.0002525
5199 0.000225
5200 0.0002075
5201 0.0002025
5202 0.0002175
5203 0.00019
5204 0.0001825
5205 0.0001525
5206 0.00014
5207 0.00014
5208 0.0001425
5209 0.000135
5210 0.000155
5211 0.0001575
5212 0.0001525
5213 0.00014
5214 0.0001525
5215 0.000165
5216 0.0001675
5217 0.000165
5218 0.000165
5219 0.0001675
5220 0.00041
5221 0.00029
5222 0.0002825
5223 0.000255
5224 0.00024
5225 0.00024
5226 0.0002375
5227 0.0002225
5228 0.00022
5229 0.00021
5230 0.0002025
5231 0.0001725
5232 0.0001775
5233 0.0001775
5234 0.0001775
5235 0.0001775
5236 0.0001775
5237 0.0001775
5238 0.0001675
5239 0.00017
5240 0.0001725
5241 0.0001725
5242 0.0001525
5243 0.0001375
5244 0.0001375
5245 0.00033
5246 0.000265
5247 0.0002575
5248 0.000255
5249 0.000255
5250 0.0002575
5251 0.000285
5252 0.0002925
5253 0.0002875
5254 0.0002675
5255 0.0002475
5256 0.000195
5257 0.0042075
5258 0.01447
5259 0.01986
5260 0.03094
5261 0.04104
5262 0.045585
5263 0.053305
5264 0.0606075
5265 0.0618
5266 0.0639975
5267 0.066945
5268 0.06783
5269 0.07151
5270 0.073155
5271 0.0737025
5272 0.074965
5273 0.074715
5274 0.075485
5275 0.075395
5276 0.0759625
5277 0.0759475
5278 0.07613
5279 0.0763125
5280 0.0758975
5281 0.07632
5282 0.0767875
5283 0.0771225
5284 0.07705
5285 0.076855
5286 0.0768425
5287 0.0769225
5288 0.0778375
5289 0.0822175
5290 0.09074
5291 0.101938
5292 0.108992
5293 0.12139
5294 0.13055
5295 0.135055
5296 0.143745
5297 0.154502
5298 0.156645
5299 0.16171
5300 0.164938
5301 0.166865
5302 0.16914
5303 0.184248
5304 0.186175
5305 0.191695
5306 0.193333
5307 0.193615
5308 0.194522
5309 0.196313
5310 0.196798
5311 0.196425
5312 0.195462
5313 0.195378
5314 0.194395
5315 0.192945
5316 0.192513
5317 0.19204
5318 0.191502
5319 0.189535
5320 0.19503
5321 0.192208
5322 0.19246
5323 0.188778
5324 0.186855
5325 0.184715
5326 0.182365
5327 0.180368
5328 0.182195
5329 0.18742
5330 0.195532
5331 0.199783
5332 0.206122
5333 0.21251
5334 0.215875
5335 0.222982
5336 0.227603
5337 0.22766
5338 0.22868
5339 0.22738
5340 0.227282
5341 0.22772
5342 0.228243
5343 0.227655
5344 0.228298
5345 0.227733
5346 0.228077
5347 0.227165
5348 0.227085
5349 0.226303
5350 0.226578
5351 0.231673
5352 0.23438
5353 0.244792
5354 0.257615
5355 0.263057
5356 0.275223
5357 0.286647
5358 0.292583
5359 0.3042
5360 0.31121
5361 0.313523
5362 0.317
5363 0.307785
5364 0.307067
5365 0.304105
5366 0.304835
5367 0.304875
5368 0.298445
5369 0.297053
5370 0.2935
5371 0.29425
5372 0.29408
5373 0.294245
5374 0.29454
5375 0.295423
5376 0.295965
5377 0.295208
5378 0.296397
5379 0.295992
5380 0.296385
5381 0.2952
5382 0.295035
5383 0.29525
5384 0.294035
5385 0.293973
5386 0.298582
5387 0.30287
5388 0.30457
5389 0.308363
5390 0.312082
5391 0.313285
5392 0.31726
5393 0.321362
5394 0.323335
5395 0.326992
5396 0.330078
5397 0.33201
5398 0.332423
5399 0.332778
5400 0.332585
5401 0.332485
5402 0.332992
5403 0.3328
5404 0.332535
5405 0.33389
5406 0.33456
5407 0.336282
5408 0.337817
5409 0.338402
5410 0.338332
5411 0.338688
5412 0.337703
5413 0.33781
5414 0.338475
5415 0.3375
5416 0.34099
5417 0.348645
5418 0.352843
5419 0.360287
5420 0.369885
5421 0.372993
5422 0.37683
5423 0.38306
5424 0.386118
5425 0.390003
5426 0.39328
5427 0.393675
5428 0.394902
5429 0.396153
5430 0.39507
5431 0.396827
5432 0.398552
5433 0.39936
5434 0.400328
5435 0.4039
5436 0.404617
5437 0.4062
5438 0.40834
5439 0.4095
5440 0.414098
5441 0.417115
5442 0.419135
5443 0.42395
5444 0.427403
5445 0.427577
5446 0.43073
5447 0.43506
5448 0.437007
5449 0.44195
5450 0.446478
5451 0.44719
5452 0.451105
5453 0.453002
5454 0.453948
5455 0.455615
5456 0.457298
5457 0.457862
5458 0.456565
5459 0.455538
5460 0.455137
5461 0.454733
5462 0.459138
5463 0.459585
5464 0.459693
5465 0.460592
5466 0.461178
5467 0.460242
5468 0.459755
5469 0.45975
5470 0.459467
5471 0.45836
5472 0.457285
5473 0.45531
5474 0.45335
5475 0.45301
5476 0.451157
5477 0.450195
5478 0.450843
5479 0.451178
5480 0.45338
5481 0.45388
5482 0.45639
5483 0.459698
5484 0.460168
5485 0.463303
5486 0.467325
5487 0.46944
5488 0.473063
5489 0.476612
5490 0.478402
5491 0.481945
5492 0.484583
5493 0.488042
5494 0.491707
5495 0.504493
5496 0.505228
5497 0.508515
5498 0.511305
5499 0.517185
5500 0.522572
5501 0.529068
5502 0.539215
5503 0.549055
5504 0.552455
5505 0.556148
5506 0.560423
5507 0.57845
5508 0.58167
5509 0.589843
5510 0.60185
5511 0.607603
5512 0.614455
5513 0.619652
5514 0.621977
5515 0.62592
5516 0.62909
5517 0.63062
5518 0.632222
5519 0.638355
5520 0.679863
5521 0.683902
5522 0.6878
5523 0.688538
5524 0.6926
5525 0.69767
5526 0.699863
5527 0.704245
5528 0.713137
5529 0.722555
5530 0.740965
5531 0.75895
5532 0.767145
5533 0.774535
5534 0.784343
5535 0.791543
5536 0.79759
5537 0.8013
5538 0.806262
5539 0.806515
5540 0.809915
5541 0.811142
5542 0.811125
5543 0.812617
5544 0.812978
5545 0.845197
5546 0.845398
5547 0.84801
5548 0.845865
5549 0.845827
5550 0.845635
5551 0.844085
5552 0.84544
5553 0.844132
5554 0.84219
5555 0.840128
5556 0.84012
5557 0.841762
5558 0.842912
5559 0.84171
5560 0.841102
5561 0.839885
5562 0.839897
5563 0.837715
5564 0.836815
5565 0.836197
5566 0.838985
5567 0.836795
5568 0.834935
5569 0.83348
5570 0.83471
5571 0.83514
5572 0.834058
5573 0.834535
5574 0.832873
5575 0.835395
5576 0.836405
5577 0.83492
5578 0.832515
5579 0.831207
5580 0.831418
5581 0.829045
5582 0.830573
5583 0.830105
5584 0.830698
5585 0.830863
5586 0.83249
5587 0.83818
5588 0.847578
5589 0.851182
5590 0.85911
5591 0.861355
5592 0.864727
5593 0.866145
5594 0.866425
5595 0.877935
5596 0.878248
5597 0.87745
5598 0.877595
5599 0.877565
5600 0.877072
5601 0.87758
5602 0.877055
5603 0.877242
5604 0.877447
5605 0.87729
5606 0.876775
5607 0.876425
5608 0.876443
5609 0.875998
5610 0.875568
5611 0.874718
5612 0.873872
5613 0.87414
5614 0.873755
5615 0.87306
5616 0.872825
5617 0.872745
5618 0.872395
5619 0.87211
5620 0.874055
5621 0.873992
5622 0.874045
5623 0.873515
5624 0.87383
5625 0.8742
5626 0.874467
5627 0.874293
5628 0.87402
5629 0.87421
5630 0.87465
5631 0.874788
5632 0.874217
5633 0.874278
5634 0.874402
5635 0.87451
5636 0.875012
5637 0.874905
5638 0.874775
5639 0.874722
5640 0.875062
5641 0.875537
5642 0.875927
5643 0.877065
5644 0.877185
5645 0.876463
5646 0.876035
5647 0.875778
5648 0.87582
5649 0.876657
5650 0.876555
5651 0.876808
5652 0.876208
5653 0.875628
5654 0.87487
5655 0.874707
5656 0.874395
5657 0.87407
5658 0.873592
5659 0.87372
5660 0.87402
5661 0.873918
5662 0.874018
5663 0.87377
5664 0.873957
5665 0.873903
5666 0.874195
5667 0.874273
5668 0.874837
5669 0.875307
5670 0.873887
5671 0.873812
5672 0.874027
5673 0.874705
5674 0.875135
5675 0.87505
5676 0.87528
5677 0.8755
5678 0.87549
5679 0.875855
5680 0.875775
5681 0.87614
5682 0.876285
5683 0.875995
5684 0.875355
5685 0.87527
5686 0.87502
5687 0.875045
5688 0.874732
5689 0.874595
5690 0.874783
5691 0.875142
5692 0.875198
5693 0.87555
5694 0.87563
5695 0.874432
5696 0.87489
5697 0.87507
5698 0.875552
5699 0.875968
5700 0.875672
5701 0.875135
5702 0.875007
5703 0.87473
5704 0.874225
5705 0.874115
5706 0.873615
5707 0.873802
5708 0.87398
5709 0.874185
5710 0.87393
5711 0.873107
5712 0.870825
5713 0.869395
5714 0.868928
5715 0.867762
5716 0.867475
5717 0.867228
5718 0.867152
5719 0.866925
5720 0.86291
5721 0.862795
5722 0.86276
5723 0.862328
5724 0.862328
5725 0.86235
5726 0.86252
5727 0.86239
5728 0.862407
5729 0.86241
5730 0.862517
5731 0.862253
5732 0.861863
5733 0.86185
5734 0.86168
5735 0.861633
5736 0.86165
5737 0.861672
