1 0.0753275
2 0.0721875
3 0.0737625
4 0.0777075
5 0.0826875
6 0.086215
7 0.0915425
8 0.0992525
9 0.102285
10 0.105085
11 0.106937
12 0.107735
13 0.10911
14 0.111235
15 0.111585
16 0.113003
17 0.114268
18 0.114382
19 0.114838
20 0.115537
21 0.115975
22 0.11601
23 0.11638
24 0.116698
25 0.119425
26 0.122753
27 0.12369
28 0.12676
29 0.130378
30 0.130188
31 0.130315
32 0.130955
33 0.131297
34 0.130947
35 0.13055
36 0.1313
37 0.13078
38 0.130903
39 0.131233
40 0.131683
41 0.1317
42 0.132245
43 0.13295
44 0.133355
45 0.136398
46 0.135395
47 0.135505
48 0.135482
49 0.135585
50 0.135383
51 0.135948
52 0.135798
53 0.135442
54 0.13514
55 0.134662
56 0.134112
57 0.133685
58 0.13324
59 0.132755
60 0.132667
61 0.132617
62 0.132203
63 0.132107
64 0.132552
65 0.13284
66 0.133353
67 0.133785
68 0.133742
69 0.133972
70 0.134352
71 0.134882
72 0.135697
73 0.137293
74 0.138887
75 0.139462
76 0.140362
77 0.140698
78 0.141355
79 0.14222
80 0.144537
81 0.14596
82 0.148602
83 0.153005
84 0.156888
85 0.16461
86 0.171365
87 0.174863
88 0.181812
89 0.18879
90 0.191142
91 0.198433
92 0.202323
93 0.202593
94 0.20292
95 0.203965
96 0.204852
97 0.205058
98 0.205903
99 0.206425
100 0.20732
101 0.207965
102 0.207617
103 0.208057
104 0.207577
105 0.20693
106 0.205405
107 0.207772
108 0.209038
109 0.211945
110 0.21645
111 0.218693
112 0.223615
113 0.227697
114 0.229002
115 0.233165
116 0.237162
117 0.23873
118 0.240738
119 0.240553
120 0.238865
121 0.238325
122 0.238165
123 0.23784
124 0.238015
125 0.238205
126 0.237665
127 0.238588
128 0.2397
129 0.240708
130 0.24146
131 0.243912
132 0.244455
133 0.248548
134 0.249752
135 0.25052
136 0.252242
137 0.253945
138 0.255362
139 0.25573
140 0.256382
141 0.256538
142 0.254398
143 0.253885
144 0.252875
145 0.25263
146 0.25105
147 0.250908
148 0.248568
149 0.247205
150 0.246402
151 0.24493
152 0.24355
153 0.24329
154 0.242083
155 0.240773
156 0.239932
157 0.237505
158 0.236075
159 0.235247
160 0.23393
161 0.2333
162 0.232407
163 0.231067
164 0.22981
165 0.229513
166 0.229123
167 0.228618
168 0.22873
169 0.227838
170 0.229438
171 0.229085
172 0.2282
173 0.227135
174 0.226647
175 0.226603
176 0.22602
177 0.225517
178 0.224763
179 0.224843
180 0.224947
181 0.225015
182 0.224455
183 0.224365
184 0.22419
185 0.223413
186 0.22307
187 0.221643
188 0.221078
189 0.221293
190 0.22163
191 0.221755
192 0.221602
193 0.221222
194 0.221335
195 0.222115
196 0.222043
197 0.222165
198 0.222312
199 0.222062
200 0.222255
201 0.222562
202 0.22275
203 0.222977
204 0.223192
205 0.22349
206 0.222992
207 0.222672
208 0.222405
209 0.222328
210 0.222235
211 0.222647
212 0.222668
213 0.22246
214 0.222037
215 0.222105
216 0.221893
217 0.22156
218 0.221638
219 0.221865
220 0.222048
221 0.221905
222 0.221412
223 0.22134
224 0.221077
225 0.220892
226 0.22095
227 0.22087
228 0.220942
229 0.220653
230 0.22053
231 0.220545
232 0.220435
233 0.22088
234 0.220925
235 0.221205
236 0.221303
237 0.22105
238 0.220837
239 0.220307
240 0.21966
241 0.219873
242 0.220895
243 0.220975
244 0.221535
245 0.221172
246 0.22104
247 0.22121
248 0.221015
249 0.22073
250 0.220403
251 0.220095
252 0.219775
253 0.219257
254 0.21904
255 0.219017
256 0.219045
257 0.219248
258 0.219105
259 0.219408
260 0.219282
261 0.219112
262 0.218713
263 0.219105
264 0.218977
265 0.218797
266 0.2187
267 0.218427
268 0.218335
269 0.218305
270 0.218587
271 0.218565
272 0.218287
273 0.218117
274 0.218273
275 0.218633
276 0.218353
277 0.217585
278 0.216935
279 0.21648
280 0.216468
281 0.216475
282 0.216733
283 0.216695
284 0.217435
285 0.217245
286 0.217512
287 0.216817
288 0.216397
289 0.21582
290 0.214995
291 0.214778
292 0.21439
293 0.214173
294 0.214285
295 0.21514
296 0.215357
297 0.215215
298 0.21508
299 0.214952
300 0.214802
301 0.214752
302 0.21487
303 0.214647
304 0.214842
305 0.21474
306 0.214697
307 0.214745
308 0.214998
309 0.2149
310 0.21567
311 0.215987
312 0.21609
313 0.215957
314 0.21772
315 0.21789
316 0.218048
317 0.217883
318 0.217628
319 0.217527
320 0.21933
321 0.219245
322 0.218895
323 0.218843
324 0.218828
325 0.219427
326 0.219773
327 0.21956
328 0.21962
329 0.219605
330 0.219433
331 0.219218
332 0.21901
333 0.218982
334 0.219222
335 0.219117
336 0.21919
337 0.2192
338 0.219275
339 0.219617
340 0.219967
341 0.221562
342 0.222988
343 0.22522
344 0.227462
345 0.228397
346 0.230835
347 0.23255
348 0.232998
349 0.23302
350 0.233095
351 0.23281
352 0.23263
353 0.232428
354 0.23218
355 0.231878
356 0.231565
357 0.23173
358 0.2316
359 0.231783
360 0.23155
361 0.231495
362 0.231527
363 0.231292
364 0.230935
365 0.23086
366 0.230577
367 0.23047
368 0.23
369 0.229827
370 0.229113
371 0.228743
372 0.228883
373 0.228428
374 0.228225
375 0.22802
376 0.227422
377 0.227368
378 0.227127
379 0.226687
380 0.226645
381 0.226297
382 0.226377
383 0.226195
384 0.22648
385 0.227593
386 0.229057
387 0.230105
388 0.231795
389 0.234772
390 0.23623
391 0.237818
392 0.23893
393 0.238963
394 0.23954
395 0.242387
396 0.243055
397 0.243222
398 0.24384
399 0.244408
400 0.244938
401 0.245897
402 0.246075
403 0.247113
404 0.248438
405 0.248607
406 0.249995
407 0.25219
408 0.252713
409 0.255125
410 0.256697
411 0.25832
412 0.261018
413 0.265655
414 0.267845
415 0.27223
416 0.276297
417 0.278135
418 0.28267
419 0.285883
420 0.288728
421 0.291247
422 0.296295
423 0.298295
424 0.303205
425 0.30904
426 0.311205
427 0.316338
428 0.320855
429 0.322873
430 0.328825
431 0.333355
432 0.33569
433 0.341435
434 0.34694
435 0.349938
436 0.354322
437 0.358845
438 0.359577
439 0.36307
440 0.366117
441 0.366623
442 0.370382
443 0.372245
444 0.37337
445 0.382325
446 0.384047
447 0.384618
448 0.386097
449 0.388547
450 0.389512
451 0.39184
452 0.393883
453 0.395025
454 0.397532
455 0.399595
456 0.399902
457 0.401668
458 0.403865
459 0.404665
460 0.40549
461 0.407668
462 0.4079
463 0.41001
464 0.411128
465 0.411435
466 0.41169
467 0.412175
468 0.411602
469 0.412513
470 0.417847
471 0.418035
472 0.418175
473 0.418198
474 0.418285
475 0.418238
476 0.417455
477 0.416493
478 0.41677
479 0.41611
480 0.416137
481 0.416672
482 0.415917
483 0.415737
484 0.41654
485 0.416513
486 0.41634
487 0.416332
488 0.416227
489 0.41569
490 0.41516
491 0.415482
492 0.41541
493 0.41588
494 0.415755
495 0.416578
496 0.41647
497 0.416705
498 0.416255
499 0.418173
500 0.422887
501 0.42546
502 0.431565
503 0.43912
504 0.443893
505 0.45162
506 0.45675
507 0.459512
508 0.4643
509 0.468838
510 0.471093
511 0.473672
512 0.474205
513 0.474588
514 0.477332
515 0.479378
516 0.480598
517 0.485532
518 0.490217
519 0.492702
520 0.50663
521 0.510125
522 0.51205
523 0.516593
524 0.520695
525 0.522502
526 0.525678
527 0.527853
528 0.52988
529 0.530447
530 0.531843
531 0.531545
532 0.531613
533 0.531388
534 0.531897
535 0.53411
536 0.534308
537 0.533907
538 0.534122
539 0.534093
540 0.533765
541 0.53222
542 0.532945
543 0.532445
544 0.53224
545 0.532505
546 0.531693
547 0.530995
548 0.53074
549 0.530385
550 0.52878
551 0.527613
552 0.526942
553 0.526493
554 0.52511
555 0.52503
556 0.523813
557 0.522685
558 0.522467
559 0.521725
560 0.521462
561 0.520953
562 0.519877
563 0.519603
564 0.51807
565 0.517467
566 0.516555
567 0.516472
568 0.515637
569 0.517595
570 0.514253
571 0.51701
572 0.518865
573 0.519502
574 0.523182
575 0.526525
576 0.528803
577 0.532283
578 0.5367
579 0.538432
580 0.54318
581 0.548007
582 0.550195
583 0.555335
584 0.560513
585 0.563597
586 0.56881
587 0.573637
588 0.576638
589 0.58145
590 0.586392
591 0.588668
592 0.592695
593 0.601623
594 0.60341
595 0.619742
596 0.628165
597 0.631938
598 0.636515
599 0.642022
600 0.644275
601 0.648197
602 0.652595
603 0.65307
604 0.655153
605 0.6588
606 0.660838
607 0.669735
608 0.676142
609 0.678768
610 0.683767
611 0.687775
612 0.689738
613 0.691938
614 0.693922
615 0.694405
616 0.694263
617 0.694873
618 0.694773
619 0.695017
620 0.705005
621 0.70548
622 0.705912
623 0.706063
624 0.70542
625 0.705848
626 0.70538
627 0.70468
628 0.704595
629 0.705005
630 0.706958
631 0.708102
632 0.710775
633 0.711167
634 0.712008
635 0.712702
636 0.714785
637 0.715043
638 0.715893
639 0.716625
640 0.71742
641 0.717625
642 0.718185
643 0.71799
644 0.718202
645 0.737242
646 0.737572
647 0.73851
648 0.739472
649 0.740495
650 0.74146
651 0.742435
652 0.743425
653 0.743953
654 0.744568
655 0.74516
656 0.745528
657 0.746205
658 0.745897
659 0.74615
660 0.745795
661 0.745575
662 0.745695
663 0.74611
664 0.746245
665 0.746408
666 0.746132
667 0.745273
668 0.744855
669 0.744478
670 0.744312
671 0.744105
672 0.743642
673 0.743563
674 0.74284
675 0.743007
676 0.74281
677 0.742375
678 0.742668
679 0.742363
680 0.742757
681 0.743568
682 0.74368
683 0.74289
684 0.743123
685 0.742915
686 0.74236
687 0.742213
688 0.741837
689 0.74221
690 0.741967
691 0.74146
692 0.741135
693 0.74113
694 0.740943
695 0.74721
696 0.74682
697 0.74659
698 0.746142
699 0.74592
700 0.74551
701 0.745522
702 0.745075
703 0.745147
704 0.745255
705 0.745657
706 0.747652
707 0.748025
708 0.74885
709 0.749982
710 0.751877
711 0.753655
712 0.754642
713 0.755
714 0.7559
715 0.755725
716 0.7582
717 0.76184
718 0.766712
719 0.772812
720 0.813975
721 0.81336
722 0.81351
723 0.81338
724 0.81413
725 0.814443
726 0.814767
727 0.81446
728 0.813872
729 0.814395
730 0.814332
731 0.815853
732 0.816513
733 0.816547
734 0.819228
735 0.821147
736 0.823755
737 0.826728
738 0.828695
739 0.828773
740 0.83225
741 0.83204
742 0.834048
743 0.834785
744 0.834912
745 0.85109
746 0.85261
747 0.852325
748 0.852847
749 0.853215
750 0.854355
751 0.858433
752 0.85913
753 0.859155
754 0.85897
755 0.858812
756 0.859555
757 0.859913
758 0.861348
759 0.860317
760 0.860198
761 0.860367
762 0.86154
763 0.864947
764 0.86572
765 0.866483
766 0.867055
767 0.86805
768 0.86844
769 0.869855
770 0.882435
771 0.88259
772 0.88275
773 0.883097
774 0.883337
775 0.883175
776 0.883152
777 0.88291
778 0.882582
779 0.882767
780 0.882823
781 0.88243
782 0.882402
783 0.882313
784 0.8817
785 0.881488
786 0.88116
787 0.881417
788 0.881532
789 0.881053
790 0.88033
791 0.880393
792 0.880108
793 0.879425
794 0.87851
795 0.874797
796 0.875158
797 0.874907
798 0.874075
799 0.873207
800 0.872692
801 0.87222
802 0.870345
803 0.86815
804 0.867883
805 0.866803
806 0.866055
807 0.865773
808 0.864623
809 0.865332
810 0.865197
811 0.867255
812 0.868825
813 0.87111
814 0.876265
815 0.876723
816 0.87788
817 0.87849
818 0.87965
819 0.879685
820 0.881768
821 0.881235
822 0.88147
823 0.882055
824 0.882333
825 0.882557
826 0.883158
827 0.88322
828 0.88336
829 0.88333
830 0.88338
831 0.883888
832 0.884463
833 0.884543
834 0.884478
835 0.884215
836 0.884705
837 0.88451
838 0.884655
839 0.885007
840 0.88508
841 0.885137
842 0.885265
843 0.8853
844 0.885408
845 0.886058
846 0.885927
847 0.885893
848 0.88563
849 0.88562
850 0.885493
851 0.88576
852 0.885783
853 0.885702
854 0.885877
855 0.885695
856 0.885535
857 0.88544
858 0.885203
859 0.885157
860 0.885245
861 0.88513
862 0.885177
863 0.885188
864 0.885333
865 0.885557
866 0.88547
867 0.88551
868 0.885598
869 0.885748
870 0.88517
871 0.88497
872 0.88538
873 0.885437
874 0.885273
875 0.885315
876 0.88541
877 0.885575
878 0.885515
879 0.885623
880 0.886093
881 0.88592
882 0.886103
883 0.885485
884 0.88568
885 0.885613
886 0.885707
887 0.885785
888 0.885885
889 0.88596
890 0.886057
891 0.885903
892 0.885798
893 0.88564
894 0.885547
895 0.88559
896 0.885685
897 0.88578
898 0.885745
899 0.885595
900 0.885642
901 0.885695
902 0.88575
903 0.885925
904 0.88592
905 0.885765
906 0.885995
907 0.88625
908 0.886188
909 0.886155
910 0.88654
911 0.886635
912 0.886475
913 0.886807
914 0.886913
915 0.886813
916 0.88688
917 0.886933
918 0.88682
919 0.88671
920 0.886478
921 0.886597
922 0.886648
923 0.887055
924 0.887107
925 0.88713
926 0.886918
927 0.886885
928 0.886958
929 0.886905
930 0.884698
931 0.884733
932 0.884858
933 0.885158
934 0.885153
935 0.8853
936 0.88543
937 0.885417
938 0.885663
939 0.885855
940 0.885857
941 0.885782
942 0.885503
943 0.885287
944 0.885302
945 0.8852
946 0.884913
947 0.884955
948 0.885097
949 0.885162
950 0.885088
951 0.885085
952 0.885042
953 0.885165
954 0.88515
955 0.886392
956 0.886342
957 0.88627
958 0.886382
959 0.886332
960 0.886362
961 0.88623
962 0.886258
963 0.886185
964 0.886187
965 0.886128
966 0.886113
967 0.88596
968 0.886088
969 0.88603
970 0.885862
971 0.885657
972 0.885692
973 0.8856
974 0.88564
975 0.885288
976 0.884858
977 0.88458
978 0.884223
979 0.883957
980 0.88302
981 0.882763
982 0.882937
983 0.882568
984 0.883047
985 0.88304
986 0.883282
987 0.883052
988 0.883333
989 0.883803
990 0.88368
991 0.884337
992 0.884578
993 0.884597
994 0.88497
995 0.884925
996 0.884775
997 0.884877
998 0.885
999 0.885178
1000 0.885592
1001 0.88577
1002 0.885898
1003 0.886075
1004 0.885985
1005 0.886147
1006 0.886255
1007 0.885925
1008 0.88584
1009 0.886315
1010 0.886487
1011 0.8827
1012 0.882902
1013 0.882818
1014 0.882545
1015 0.88287
1016 0.882892
1017 0.88258
1018 0.882812
1019 0.88321
1020 0.883317
1021 0.883458
1022 0.88342
1023 0.883105
1024 0.88303
1025 0.882837
1026 0.882718
1027 0.882922
1028 0.882985
1029 0.882925
1030 0.883155
1031 0.883185
1032 0.88323
1033 0.88323
1034 0.88328
1035 0.883162
1036 0.884023
1037 0.884005
1038 0.883837
1039 0.883623
1040 0.883727
1041 0.883717
1042 0.883673
1043 0.883665
1044 0.88368
1045 0.883873
1046 0.883645
1047 0.883593
1048 0.883335
1049 0.88324
1050 0.883502
1051 0.88357
1052 0.88364
1053 0.883685
1054 0.883895
1055 0.88395
1056 0.883748
1057 0.88374
1058 0.883913
1059 0.884227
1060 0.88442
1061 0.883352
1062 0.883512
1063 0.883373
1064 0.882985
1065 0.88304
1066 0.882913
1067 0.88316
1068 0.883113
1069 0.883228
1070 0.883195
1071 0.883075
1072 0.883008
1073 0.882925
1074 0.88284
1075 0.883095
1076 0.883088
1077 0.88307
1078 0.883242
1079 0.88322
1080 0.883207
1081 0.88337
1082 0.88326
1083 0.883153
1084 0.88327
1085 0.883192
1086 0.881997
1087 0.88152
1088 0.88166
1089 0.881705
1090 0.881992
1091 0.882027
1092 0.881945
1093 0.881742
1094 0.88199
1095 0.88199
1096 0.88181
1097 0.881875
1098 0.881737
1099 0.882092
1100 0.882175
1101 0.88184
1102 0.881977
1103 0.882062
1104 0.881945
1105 0.88203
1106 0.881935
1107 0.882032
1108 0.882165
1109 0.882202
1110 0.882417
1111 0.881538
1112 0.881243
1113 0.88163
1114 0.881342
1115 0.881523
1116 0.881802
1117 0.881725
1118 0.881985
1119 0.88218
1120 0.882622
1121 0.88289
1122 0.883217
1123 0.88301
1124 0.883095
1125 0.88265
1126 0.882485
1127 0.881935
1128 0.881788
1129 0.881958
1130 0.881735
1131 0.88168
1132 0.882032
1133 0.882103
1134 0.881445
1135 0.882205
1136 0.88318
1137 0.883068
1138 0.883387
1139 0.883455
1140 0.883417
1141 0.88362
1142 0.883488
1143 0.883165
1144 0.882993
1145 0.883058
1146 0.88333
1147 0.883143
1148 0.883443
1149 0.883963
1150 0.88396
1151 0.883975
1152 0.884825
1153 0.885092
1154 0.88523
1155 0.885297
1156 0.88501
1157 0.88466
1158 0.884565
1159 0.88459
1160 0.88443
1161 0.883005
1162 0.882445
1163 0.88245
1164 0.881885
1165 0.882173
1166 0.882605
1167 0.882485
1168 0.882967
1169 0.882893
1170 0.883267
1171 0.883505
1172 0.883822
1173 0.883317
1174 0.883528
1175 0.88365
1176 0.88354
1177 0.883822
1178 0.883647
1179 0.883467
1180 0.88378
1181 0.88399
1182 0.8841
1183 0.88408
1184 0.884278
1185 0.88439
1186 0.882398
1187 0.882555
1188 0.882565
1189 0.882668
1190 0.882557
1191 0.882742
1192 0.8825
1193 0.882622
1194 0.882792
1195 0.88286
1196 0.882957
1197 0.883265
1198 0.883285
1199 0.883722
1200 0.883737
1201 0.883813
1202 0.8838
1203 0.883912
1204 0.88391
1205 0.883817
1206 0.883785
1207 0.883857
1208 0.88377
1209 0.883752
1210 0.883877
1211 0.885333
1212 0.885047
1213 0.884955
1214 0.884997
1215 0.884837
1216 0.884578
1217 0.884683
1218 0.884667
1219 0.884593
1220 0.884505
1221 0.884428
1222 0.884595
1223 0.884743
1224 0.88484
1225 0.885118
1226 0.885053
1227 0.885112
1228 0.885063
1229 0.885338
1230 0.885338
1231 0.885188
1232 0.88502
1233 0.88464
1234 0.884493
1235 0.884337
1236 0.88455
1237 0.88445
1238 0.883885
1239 0.88354
1240 0.883475
1241 0.883585
1242 0.883593
1243 0.883557
1244 0.884135
1245 0.884085
1246 0.884327
1247 0.88465
1248 0.884393
1249 0.88451
1250 0.88428
1251 0.88412
1252 0.883635
1253 0.883695
1254 0.88358
1255 0.883457
1256 0.883442
1257 0.883355
1258 0.883525
1259 0.88359
1260 0.88344
1261 0.881637
1262 0.881467
1263 0.881815
1264 0.88234
1265 0.882645
1266 0.88258
1267 0.882675
1268 0.882542
1269 0.88222
1270 0.882105
1271 0.882293
1272 0.88291
1273 0.88252
1274 0.88293
1275 0.88315
1276 0.883525
1277 0.88394
1278 0.88384
1279 0.884265
1280 0.884207
1281 0.884152
1282 0.88397
1283 0.884417
1284 0.884535
1285 0.884175
1286 0.883663
1287 0.882947
1288 0.883288
1289 0.883245
1290 0.883222
1291 0.88335
1292 0.88332
1293 0.88311
1294 0.883203
1295 0.883552
1296 0.883333
1297 0.883413
1298 0.883443
1299 0.883825
1300 0.884357
1301 0.88443
1302 0.88462
1303 0.884695
1304 0.88456
1305 0.884363
1306 0.884465
1307 0.884652
1308 0.884967
1309 0.885042
1310 0.884908
1311 0.884405
1312 0.884022
1313 0.883918
1314 0.884
1315 0.88367
1316 0.883695
1317 0.883957
1318 0.88432
1319 0.884547
1320 0.8846
1321 0.884818
1322 0.88499
1323 0.88513
1324 0.884965
1325 0.885102
1326 0.885248
1327 0.885093
1328 0.885137
1329 0.88505
1330 0.885088
1331 0.88523
1332 0.88519
1333 0.885015
1334 0.884855
1335 0.884937
1336 0.884333
1337 0.884648
1338 0.88421
1339 0.884305
1340 0.884558
1341 0.884513
1342 0.884428
1343 0.88445
1344 0.88414
1345 0.884235
1346 0.88424
1347 0.884242
1348 0.883942
1349 0.88405
1350 0.883787
1351 0.883563
1352 0.883917
1353 0.8839
1354 0.883407
1355 0.883455
1356 0.883305
1357 0.883525
1358 0.883403
1359 0.883232
1360 0.883485
1361 0.883125
1362 0.882885
1363 0.882923
1364 0.882835
1365 0.882858
1366 0.882935
1367 0.883167
1368 0.883298
1369 0.883188
1370 0.883317
1371 0.883438
1372 0.884785
1373 0.885012
1374 0.884823
1375 0.884858
1376 0.88498
1377 0.88469
1378 0.885
1379 0.884763
1380 0.88493
1381 0.885255
1382 0.885038
1383 0.885323
1384 0.885012
1385 0.88534
1386 0.886115
1387 0.88574
1388 0.885837
1389 0.88571
1390 0.88548
1391 0.88556
1392 0.885805
1393 0.88598
1394 0.88617
1395 0.886317
1396 0.886795
1397 0.886722
1398 0.887005
1399 0.886985
1400 0.887405
1401 0.887315
1402 0.88756
1403 0.887622
1404 0.88787
1405 0.887937
1406 0.888045
1407 0.88805
1408 0.888172
1409 0.888355
1410 0.888443
1411 0.887698
1412 0.887885
1413 0.887395
1414 0.887112
1415 0.88721
1416 0.88724
1417 0.8874
1418 0.887277
1419 0.887147
1420 0.88715
1421 0.886977
1422 0.887857
1423 0.88776
1424 0.887715
1425 0.887112
1426 0.88684
1427 0.886767
1428 0.886868
1429 0.886715
1430 0.88688
1431 0.886468
1432 0.885973
1433 0.88574
1434 0.886157
1435 0.885973
1436 0.887652
1437 0.887745
1438 0.886807
1439 0.885932
1440 0.88577
1441 0.885472
1442 0.88471
1443 0.885188
1444 0.885283
1445 0.885263
1446 0.885518
1447 0.885452
1448 0.885247
1449 0.884857
1450 0.885305
1451 0.885372
1452 0.885722
1453 0.88584
1454 0.886027
1455 0.886045
1456 0.88593
1457 0.885587
1458 0.886285
1459 0.88586
1460 0.885862
1461 0.886908
1462 0.88776
1463 0.8881
1464 0.888518
1465 0.88975
1466 0.89073
1467 0.890337
1468 0.890622
1469 0.88998
1470 0.889595
1471 0.89154
1472 0.89239
1473 0.890608
1474 0.891088
1475 0.891565
1476 0.892495
1477 0.891088
1478 0.891537
1479 0.890552
1480 0.890418
1481 0.88988
1482 0.889452
1483 0.889112
1484 0.888855
1485 0.888545
1486 0.88885
1487 0.889367
1488 0.890795
1489 0.890652
1490 0.890408
1491 0.891508
1492 0.892343
1493 0.892227
1494 0.89241
1495 0.89172
1496 0.892468
1497 0.892775
1498 0.892302
1499 0.892483
1500 0.892803
1501 0.893722
1502 0.893935
1503 0.894868
1504 0.89419
1505 0.894622
1506 0.894108
1507 0.894753
1508 0.8935
1509 0.89643
1510 0.89729
1511 0.901112
1512 0.901502
1513 0.901112
1514 0.90129
1515 0.901523
1516 0.900483
1517 0.900477
1518 0.900205
1519 0.900863
1520 0.9007
1521 0.900823
1522 0.898763
1523 0.898417
1524 0.899042
1525 0.899648
1526 0.899363
1527 0.900797
1528 0.90128
1529 0.90141
1530 0.90088
1531 0.90203
1532 0.901048
1533 0.899798
1534 0.898852
1535 0.90007
1536 0.897127
1537 0.897332
1538 0.89682
1539 0.896858
1540 0.89583
1541 0.895728
1542 0.894533
1543 0.893005
1544 0.893255
1545 0.894695
1546 0.895095
1547 0.894825
1548 0.895583
1549 0.893802
1550 0.890757
1551 0.887668
1552 0.885023
1553 0.883042
1554 0.880925
1555 0.878897
1556 0.879308
1557 0.878
1558 0.88088
1559 0.8801
1560 0.88199
1561 0.88247
1562 0.88352
1563 0.88338
1564 0.883012
1565 0.88355
1566 0.883877
1567 0.882835
1568 0.8822
1569 0.883328
1570 0.882805
1571 0.881525
1572 0.880348
1573 0.881345
1574 0.881798
1575 0.885342
1576 0.886475
1577 0.887193
1578 0.888698
1579 0.891717
1580 0.894325
1581 0.895482
1582 0.896998
1583 0.896818
1584 0.896773
1585 0.896965
1586 0.899528
1587 0.896517
1588 0.894285
1589 0.893095
1590 0.891902
1591 0.89105
1592 0.89166
1593 0.890572
1594 0.887655
1595 0.88822
1596 0.888
1597 0.889138
1598 0.88905
1599 0.88908
1600 0.885933
1601 0.887233
1602 0.887903
1603 0.887933
1604 0.887303
1605 0.886977
1606 0.885447
1607 0.88741
1608 0.888883
1609 0.890565
1610 0.89015
1611 0.892923
1612 0.896007
1613 0.89726
1614 0.897988
1615 0.896968
1616 0.897545
1617 0.898967
1618 0.896815
1619 0.895802
1620 0.894082
1621 0.89583
1622 0.896683
1623 0.898072
1624 0.898613
1625 0.90032
1626 0.901238
1627 0.903855
1628 0.90524
1629 0.908575
1630 0.911675
1631 0.911563
1632 0.912455
1633 0.914618
1634 0.915477
1635 0.915965
1636 0.914743
1637 0.914595
1638 0.913475
1639 0.913073
1640 0.912437
1641 0.911607
1642 0.911937
1643 0.912828
1644 0.91096
1645 0.908878
1646 0.910215
1647 0.91176
1648 0.90901
1649 0.909345
1650 0.907512
1651 0.908327
1652 0.907447
1653 0.906032
1654 0.906338
1655 0.906125
1656 0.90331
1657 0.900907
1658 0.900247
1659 0.89965
1660 0.89988
1661 0.901807
1662 0.90069
1663 0.897097
1664 0.89684
1665 0.896678
1666 0.895463
1667 0.89617
1668 0.898452
1669 0.898645
1670 0.901187
1671 0.904212
1672 0.905328
1673 0.906517
1674 0.90682
1675 0.905933
1676 0.906155
1677 0.903407
1678 0.901687
1679 0.899613
1680 0.895585
1681 0.89109
1682 0.889842
1683 0.885268
1684 0.88166
1685 0.880363
1686 0.872707
1687 0.870503
1688 0.869343
1689 0.867895
1690 0.865742
1691 0.86204
1692 0.86464
1693 0.866978
1694 0.86662
1695 0.865985
1696 0.865863
1697 0.866127
1698 0.866863
1699 0.863677
1700 0.864192
1701 0.865792
1702 0.864078
1703 0.861542
1704 0.863177
1705 0.864073
1706 0.864833
1707 0.861478
1708 0.856087
1709 0.852528
1710 0.84647
1711 0.83648
1712 0.834447
1713 0.829383
1714 0.824457
1715 0.8233
1716 0.820065
1717 0.81884
1718 0.818842
1719 0.816563
1720 0.815785
1721 0.816843
1722 0.816647
1723 0.815495
1724 0.814995
1725 0.813738
1726 0.81101
1727 0.811395
1728 0.809175
1729 0.806905
1730 0.805743
1731 0.7991
1732 0.789348
1733 0.78145
1734 0.743912
1735 0.729275
1736 0.684608
1737 0.675257
1738 0.651735
1739 0.645155
1740 0.638657
1741 0.605353
1742 0.600078
1743 0.592375
1744 0.565248
1745 0.561317
1746 0.55692
1747 0.55495
1748 0.515447
1749 0.507755
1750 0.505617
1751 0.503155
1752 0.503302
1753 0.487255
1754 0.485753
1755 0.482373
1756 0.479225
1757 0.47524
1758 0.47554
1759 0.470913
1760 0.47033
1761 0.46464
1762 0.462813
1763 0.464085
1764 0.456675
1765 0.456337
1766 0.45555
1767 0.469278
1768 0.47375
1769 0.474892
1770 0.476163
1771 0.475767
1772 0.487042
1773 0.48986
1774 0.489587
1775 0.488513
1776 0.494248
1777 0.491807
1778 0.489465
1779 0.482022
1780 0.474425
1781 0.472425
1782 0.465798
1783 0.45843
1784 0.457163
1785 0.449483
1786 0.44667
1787 0.444713
1788 0.433958
1789 0.425615
1790 0.422615
1791 0.415912
1792 0.408883
1793 0.406602
1794 0.400067
1795 0.39243
1796 0.389638
1797 0.383767
1798 0.3814
1799 0.385725
1800 0.38085
1801 0.386305
1802 0.38509
1803 0.388343
1804 0.388558
1805 0.390515
1806 0.392425
1807 0.391225
1808 0.393213
1809 0.391965
1810 0.397188
1811 0.38964
1812 0.389435
1813 0.387157
1814 0.383165
1815 0.380213
1816 0.373345
1817 0.37179
1818 0.368033
1819 0.369887
1820 0.368457
1821 0.3711
1822 0.37251
1823 0.373912
1824 0.371885
1825 0.367572
1826 0.365518
1827 0.360137
1828 0.35548
1829 0.357615
1830 0.347847
1831 0.344192
1832 0.341312
1833 0.335763
1834 0.331267
1835 0.327197
1836 0.32079
1837 0.31746
1838 0.315478
1839 0.307295
1840 0.303328
1841 0.30216
1842 0.291403
1843 0.28249
1844 0.279282
1845 0.271885
1846 0.266245
1847 0.263102
1848 0.256335
1849 0.248475
1850 0.24465
1851 0.235117
1852 0.22494
1853 0.221232
1854 0.214207
1855 0.21421
1856 0.214663
1857 0.21572
1858 0.220117
1859 0.217398
1860 0.217303
1861 0.213105
1862 0.21155
1863 0.205745
1864 0.19705
1865 0.19431
1866 0.187762
1867 0.189197
1868 0.192265
1869 0.201617
1870 0.209835
1871 0.211895
1872 0.220113
1873 0.223295
1874 0.223515
1875 0.224353
1876 0.2272
1877 0.227755
1878 0.23007
1879 0.23567
1880 0.237823
1881 0.244293
1882 0.25346
1883 0.25309
1884 0.261945
1885 0.26951
1886 0.276498
1887 0.284035
1888 0.295407
1889 0.2993
1890 0.30849
1891 0.318275
1892 0.321547
1893 0.330295
1894 0.33779
1895 0.339037
1896 0.33747
1897 0.338785
1898 0.339687
1899 0.346335
1900 0.3575
1901 0.36398
1902 0.389403
1903 0.417373
1904 0.426305
1905 0.44508
1906 0.472485
1907 0.47574
1908 0.483325
1909 0.48862
1910 0.48769
1911 0.473117
1912 0.466623
1913 0.46636
1914 0.458482
1915 0.452057
1916 0.448587
1917 0.441258
1918 0.436515
1919 0.4351
1920 0.427198
1921 0.423378
1922 0.418148
1923 0.416085
1924 0.412488
1925 0.386158
1926 0.381205
1927 0.377223
1928 0.36961
1929 0.360872
1930 0.353875
1931 0.350758
1932 0.342585
1933 0.314623
1934 0.3109
1935 0.302977
1936 0.295215
1937 0.292153
1938 0.290495
1939 0.283275
1940 0.283003
1941 0.278815
1942 0.271143
1943 0.278002
1944 0.272615
1945 0.265025
1946 0.26222
1947 0.24925
1948 0.24056
1949 0.235947
1950 0.224942
1951 0.216558
1952 0.208833
1953 0.19453
1954 0.1875
1955 0.183543
1956 0.174327
1957 0.164617
1958 0.159493
1959 0.15028
1960 0.140328
1961 0.128018
1962 0.122758
1963 0.115873
1964 0.113095
1965 0.10001
1966 0.09098
1967 0.08474
1968 0.0729125
1969 0.063595
1970 0.05901
1971 0.0474575
1972 0.033575
1973 0.0297675
1974 0.022845
1975 0.01816
1976 0.016235
1977 0.0119
1978 0.0088075
1979 0.0081675
1980 0.0081525
1981 0.0077625
1982 0.0075925
1983 0.0072575
1984 0.00697
1985 0.006635
1986 0.00608
1987 0.005505
1988 0.0052125
1989 0.004645
1990 0.0045525
1991 0.00463
1992 0.0047975
1993 0.004605
1994 0.00453
1995 0.0048025
1996 0.0043875
1997 0.0042425
1998 0.00403
1999 0.0040825
2000 0.0042925
2001 0.007435
2002 0.0168025
2003 0.0223325
2004 0.0356625
2005 0.0498625
2006 0.05719
2007 0.0730725
2008 0.089495
2009 0.0986325
2010 0.116833
2011 0.134045
2012 0.141168
2013 0.16079
2014 0.178907
2015 0.19239
2016 0.21412
2017 0.234832
2018 0.253028
2019 0.273497
2020 0.288615
2021 0.294935
2022 0.306998
2023 0.31502
2024 0.324958
2025 0.342925
2026 0.358913
2027 0.367845
2028 0.382862
2029 0.39851
2030 0.40447
2031 0.405712
2032 0.405147
2033 0.40786
2034 0.400435
2035 0.390732
2036 0.39223
2037 0.386273
2038 0.35571
2039 0.353285
2040 0.341995
2041 0.334685
2042 0.314112
2043 0.307185
2044 0.283628
2045 0.279122
2046 0.269
2047 0.260062
2048 0.25851
2049 0.247575
2050 0.238825
2051 0.236363
2052 0.231765
2053 0.21903
2054 0.217388
2055 0.207797
2056 0.197515
2057 0.1937
2058 0.17982
2059 0.173613
2060 0.168865
2061 0.148265
2062 0.13535
2063 0.131665
2064 0.12308
2065 0.110822
2066 0.104188
2067 0.0940625
2068 0.087335
2069 0.08647
2070 0.080975
2071 0.0785775
2072 0.0741425
2073 0.0649725
2074 0.0600975
2075 0.057855
2076 0.050915
2077 0.04247
2078 0.0394125
2079 0.03175
2080 0.026475
2081 0.02401
2082 0.019185
2083 0.0150175
2084 0.0144275
2085 0.014615
2086 0.01471
2087 0.014
2088 0.0137575
2089 0.01348
2090 0.0133475
2091 0.013075
2092 0.01288
2093 0.0129625
2094 0.012825
2095 0.012945
2096 0.01337
2097 0.01376
2098 0.013695
2099 0.0134725
2100 0.0145975
2101 0.0171625
2102 0.0191025
2103 0.0235575
2104 0.028515
2105 0.0315525
2106 0.0373825
2107 0.04462
2108 0.0489025
2109 0.056865
2110 0.0677025
2111 0.07388
2112 0.085625
2113 0.0963825
2114 0.101858
2115 0.115877
2116 0.12839
2117 0.137125
2118 0.152058
2119 0.17012
2120 0.178617
2121 0.196365
2122 0.213668
2123 0.230618
2124 0.25606
2125 0.277172
2126 0.284695
2127 0.32273
2128 0.360702
2129 0.374777
2130 0.402558
2131 0.43215
2132 0.445508
2133 0.46473
2134 0.475445
2135 0.479167
2136 0.508962
2137 0.511175
2138 0.512125
2139 0.511663
2140 0.512122
2141 0.512325
2142 0.511127
2143 0.503875
2144 0.50102
2145 0.49334
2146 0.49063
2147 0.487468
2148 0.48052
2149 0.475347
2150 0.470095
2151 0.464023
2152 0.390427
2153 0.384788
2154 0.337927
2155 0.33672
2156 0.340812
2157 0.322545
2158 0.325522
2159 0.326672
2160 0.324785
2161 0.31682
2162 0.31524
2163 0.31322
2164 0.311652
2165 0.309927
2166 0.304588
2167 0.298648
2168 0.297477
2169 0.28903
2170 0.283475
2171 0.28089
2172 0.270427
2173 0.268237
2174 0.267577
2175 0.256808
2176 0.23452
2177 0.228508
2178 0.21617
2179 0.20749
2180 0.19554
2181 0.181338
2182 0.167633
2183 0.163277
2184 0.15105
2185 0.133945
2186 0.123635
2187 0.11355
2188 0.10562
2189 0.0996825
2190 0.08725
2191 0.078625
2192 0.074635
2193 0.0643225
2194 0.0569625
2195 0.0538175
2196 0.04697
2197 0.0404575
2198 0.0385125
2199 0.0315825
2200 0.0267725
2201 0.024205
2202 0.0210075
2203 0.0181075
2204 0.0173275
2205 0.0159075
2206 0.01417
2207 0.0138
2208 0.0121325
2209 0.0106225
2210 0.009615
2211 0.0082575
2212 0.0054875
2213 0.004295
2214 0.002825
2215 0.00218
2216 0.0019475
2217 0.0023475
2218 0.002355
2219 0.0020975
2220 0.002195
2221 0.00211
2222 0.0024125
2223 0.0028825
2224 0.00249
2225 0.00305
2226 0.0026775
2227 0.0027225
2228 0.0028225
2229 0.003415
2230 0.003095
2231 0.0030075
2232 0.0032575
2233 0.00319
2234 0.0031125
2235 0.0032825
2236 0.0037925
2237 0.003665
2238 0.00392
2239 0.0035675
2240 0.0039775
2241 0.0040075
2242 0.0035425
2243 0.00384
2244 0.00281
2245 0.0034175
2246 0.003765
2247 0.00414
2248 0.0040375
2249 0.00417
2250 0.004595
2251 0.004745
2252 0.0050225
2253 0.0055925
2254 0.0060125
2255 0.0063975
2256 0.006275
2257 0.005755
2258 0.0064825
2259 0.0067125
2260 0.007095
2261 0.0074175
2262 0.0071925
2263 0.0081375
2264 0.00798
2265 0.008575
2266 0.011005
2267 0.012735
2268 0.01825
2269 0.0259025
2270 0.0294325
2271 0.0384225
2272 0.0476575
2273 0.052085
2274 0.061595
2275 0.0704925
2276 0.07379
2277 0.0790625
2278 0.0826325
2279 0.0846575
2280 0.0883075
2281 0.0922675
2282 0.0936975
2283 0.0976925
2284 0.099645
2285 0.100687
2286 0.103335
2287 0.1045
2288 0.10499
2289 0.106173
2290 0.106233
2291 0.106317
2292 0.106027
2293 0.104158
2294 0.103232
2295 0.102723
2296 0.100948
2297 0.100385
2298 0.100932
2299 0.104525
2300 0.106537
2301 0.111232
2302 0.111323
2303 0.11083
2304 0.112367
2305 0.113137
2306 0.112245
2307 0.11139
2308 0.111047
2309 0.1106
2310 0.107972
2311 0.107747
2312 0.108238
2313 0.104845
2314 0.098355
2315 0.096865
2316 0.0920625
2317 0.0885225
2318 0.0868575
2319 0.0819575
2320 0.07776
2321 0.0762825
2322 0.072085
2323 0.070545
2324 0.069355
2325 0.06504
2326 0.0618225
2327 0.06093
2328 0.059865
2329 0.057865
2330 0.0560325
2331 0.053515
2332 0.0517525
2333 0.0498225
2334 0.046055
2335 0.0412025
2336 0.0413825
2337 0.03677
2338 0.033305
2339 0.0317975
2340 0.030215
2341 0.0289825
2342 0.027785
2343 0.0262
2344 0.0240625
2345 0.023885
2346 0.02229
2347 0.0198575
2348 0.01784
2349 0.0161525
2350 0.01691
2351 0.0190575
2352 0.0206975
2353 0.0206725
2354 0.020455
2355 0.019045
2356 0.0185475
2357 0.0184925
2358 0.0180525
2359 0.016965
2360 0.0161
2361 0.016125
2362 0.015955
2363 0.0160325
2364 0.0165175
2365 0.01639
2366 0.0161575
2367 0.016655
2368 0.0165175
2369 0.0166825
2370 0.0170325
2371 0.0168825
2372 0.0172925
2373 0.0177125
2374 0.017515
2375 0.017135
2376 0.01689
2377 0.016065
2378 0.0158475
2379 0.015795
2380 0.0149925
2381 0.01484
2382 0.013905
2383 0.017355
2384 0.02194
2385 0.03478
2386 0.05001
2387 0.056845
2388 0.068625
2389 0.078115
2390 0.079035
2391 0.080585
2392 0.08454
2393 0.08531
2394 0.085345
2395 0.08967
2396 0.0892075
2397 0.0887425
2398 0.09006
2399 0.0898175
2400 0.0890675
2401 0.08864
2402 0.0885825
2403 0.08809
2404 0.08811
2405 0.0885125
2406 0.088285
2407 0.0877575
2408 0.08704
2409 0.086195
2410 0.08289
2411 0.0825375
2412 0.0845525
2413 0.0807075
2414 0.0737075
2415 0.06815
2416 0.0609725
2417 0.0607825
2418 0.057015
2419 0.05102
2420 0.0481475
2421 0.040625
2422 0.0355475
2423 0.0326625
2424 0.0269275
2425 0.022355
2426 0.02018
2427 0.0155525
2428 0.0105775
2429 0.00836
2430 0.004285
2431 0.001545
2432 0.0010325
2433 0.01071
2434 0.023565
2435 0.02957
2436 0.039015
2437 0.04519
2438 0.047525
2439 0.04897
2440 0.0515975
2441 0.0524875
2442 0.0546475
2443 0.0556075
2444 0.05594
2445 0.0567775
2446 0.05633
2447 0.056475
2448 0.0577225
2449 0.0583125
2450 0.058325
2451 0.057515
2452 0.0565275
2453 0.0564675
2454 0.05657
2455 0.056705
2456 0.0557625
2457 0.0551675
2458 0.05565
2459 0.0566325
2460 0.0554425
2461 0.0568525
2462 0.0566025
2463 0.05306
2464 0.04827
2465 0.0452625
2466 0.04076
2467 0.034825
2468 0.032345
2469 0.02851
2470 0.024965
2471 0.023155
2472 0.02019
2473 0.017575
2474 0.0162675
2475 0.01413
2476 0.014545
2477 0.01632
2478 0.01804
2479 0.0163825
2480 0.015845
2481 0.0156875
2482 0.017025
2483 0.01733
2484 0.0178425
2485 0.0180175
2486 0.0185075
2487 0.0189025
2488 0.019125
2489 0.01901
2490 0.019435
2491 0.0201475
2492 0.019865
2493 0.019925
2494 0.019755
2495 0.01961
2496 0.0199425
2497 0.02008
2498 0.02015
2499 0.02033
2500 0.0203975
2501 0.0201
2502 0.0199475
2503 0.02025
2504 0.0205125
2505 0.0205575
2506 0.020525
2507 0.02023
2508 0.0258075
2509 0.0337975
2510 0.03868
2511 0.0478725
2512 0.0570375
2513 0.06144
2514 0.0715425
2515 0.0756925
2516 0.0756225
2517 0.0759925
2518 0.0758325
2519 0.07644
2520 0.079745
2521 0.080045
2522 0.0809525
2523 0.08397
2524 0.085095
2525 0.0850925
2526 0.0868825
2527 0.0887425
2528 0.08969
2529 0.09186
2530 0.0921375
2531 0.091845
2532 0.0915775
2533 0.0913025
2534 0.0913175
2535 0.0912625
2536 0.09168
2537 0.0914275
2538 0.09233
2539 0.0926775
2540 0.0929275
2541 0.0908725
2542 0.08938
2543 0.08821
2544 0.08641
2545 0.088305
2546 0.08673
2547 0.08374
2548 0.0845775
2549 0.083725
2550 0.078205
2551 0.0731875
2552 0.07193
2553 0.0682525
2554 0.064855
2555 0.0625675
2556 0.0577725
2557 0.050785
2558 0.0486025
2559 0.0418575
2560 0.03608
2561 0.0337325
2562 0.0282675
2563 0.023405
2564 0.0206825
2565 0.0163875
2566 0.0120625
2567 0.0097125
2568 0.006265
2569 0.0041725
2570 0.003485
2571 0.00237
2572 0.001645
2573 0.0015275
2574 0.00163
2575 0.0017075
2576 0.00169
2577 0.001725
2578 0.0016775
2579 0.00171
2580 0.0016775
2581 0.0016175
2582 0.001645
2583 0.0015625
2584 0.00156
2585 0.001525
2586 0.00211
2587 0.002035
2588 0.00202
2589 0.00188
2590 0.0018425
2591 0.001835
2592 0.0018525
2593 0.0018725
2594 0.0018225
2595 0.00185
2596 0.0018225
2597 0.0017725
2598 0.0017875
2599 0.00172
2600 0.0017
2601 0.00169
2602 0.00173
2603 0.001735
2604 0.0017375
2605 0.00176
2606 0.0017775
2607 0.0018675
2608 0.0019075
2609 0.0019125
2610 0.0019025
2611 0.0019875
2612 0.0018975
2613 0.0017925
2614 0.0017025
2615 0.001645
2616 0.00177
2617 0.0017575
2618 0.00176
2619 0.0016325
2620 0.0016775
2621 0.001715
2622 0.00176
2623 0.001805
2624 0.00218
2625 0.0088175
2626 0.0181225
2627 0.0236525
2628 0.03281
2629 0.0389825
2630 0.0430975
2631 0.046765
2632 0.048695
2633 0.04961
2634 0.052165
2635 0.0529575
2636 0.053675
2637 0.0590725
2638 0.0692025
2639 0.0741575
2640 0.0846
2641 0.09564
2642 0.100963
2643 0.115448
2644 0.1302
2645 0.13675
2646 0.15314
2647 0.162078
2648 0.168425
2649 0.182163
2650 0.191355
2651 0.194983
2652 0.208295
2653 0.211057
2654 0.211295
2655 0.21365
2656 0.21419
2657 0.214987
2658 0.2184
2659 0.219392
2660 0.218647
2661 0.221577
2662 0.219562
2663 0.218755
2664 0.213363
2665 0.209327
2666 0.20463
2667 0.198455
2668 0.196453
2669 0.198095
2670 0.197003
2671 0.197595
2672 0.197707
2673 0.196645
2674 0.201712
2675 0.211638
2676 0.206365
2677 0.206487
2678 0.20501
2679 0.20001
2680 0.193163
2681 0.183523
2682 0.176833
2683 0.171765
2684 0.168655
2685 0.163445
2686 0.155335
2687 0.153793
2688 0.15136
2689 0.145785
2690 0.146095
2691 0.13914
2692 0.134298
2693 0.13228
2694 0.12772
2695 0.121948
2696 0.11874
2697 0.112115
2698 0.106377
2699 0.103645
2700 0.099625
2701 0.0941925
2702 0.0906925
2703 0.084985
2704 0.07917
2705 0.0766275
2706 0.07195
2707 0.06793
2708 0.0662425
2709 0.06385
2710 0.06394
2711 0.06458
2712 0.0652675
2713 0.0655275
2714 0.0658125
2715 0.066415
2716 0.0667825
2717 0.066425
2718 0.0665275
2719 0.066075
2720 0.0628975
2721 0.0630325
2722 0.063215
2723 0.0634725
2724 0.0633075
2725 0.0640075
2726 0.0638775
2727 0.06586
2728 0.07179
2729 0.0753175
2730 0.08304
2731 0.090025
2732 0.093605
2733 0.0999275
2734 0.103502
2735 0.103493
2736 0.107828
2737 0.1109
2738 0.111967
2739 0.11194
2740 0.113443
2741 0.11343
2742 0.11403
2743 0.114785
2744 0.115497
2745 0.11624
2746 0.117065
2747 0.118088
2748 0.119465
2749 0.122032
2750 0.1231
2751 0.12376
2752 0.123938
2753 0.124345
2754 0.124815
2755 0.126665
2756 0.126895
2757 0.12806
2758 0.127515
2759 0.127873
2760 0.128578
2761 0.129507
2762 0.130282
2763 0.13047
2764 0.130883
2765 0.131967
2766 0.13226
2767 0.132835
2768 0.133628
2769 0.133815
2770 0.133545
2771 0.133887
2772 0.133898
2773 0.13503
2774 0.135492
2775 0.135398
2776 0.135697
2777 0.13579
2778 0.13695
2779 0.138372
2780 0.13859
2781 0.13999
2782 0.141775
2783 0.14279
2784 0.141955
2785 0.14148
2786 0.142565
2787 0.141713
2788 0.140692
2789 0.141692
2790 0.142298
2791 0.14269
2792 0.143072
2793 0.14278
2794 0.142685
2795 0.142477
2796 0.142725
2797 0.142662
2798 0.142595
2799 0.14266
2800 0.142387
2801 0.142267
2802 0.14239
2803 0.142267
2804 0.142097
2805 0.142007
2806 0.142437
2807 0.142253
2808 0.142992
2809 0.14291
2810 0.142872
2811 0.142765
2812 0.142607
2813 0.143077
2814 0.14381
2815 0.143365
2816 0.143438
2817 0.143843
2818 0.143905
2819 0.14381
2820 0.144187
2821 0.14418
2822 0.14442
2823 0.144647
2824 0.144337
2825 0.144338
2826 0.14434
2827 0.143833
2828 0.143882
2829 0.14339
2830 0.143107
2831 0.143222
2832 0.142917
2833 0.14308
2834 0.14341
2835 0.143407
2836 0.146455
2837 0.146822
2838 0.146905
2839 0.146813
2840 0.14675
2841 0.146558
2842 0.145867
2843 0.145705
2844 0.144717
2845 0.14459
2846 0.144535
2847 0.14464
2848 0.14479
2849 0.144933
2850 0.145475
2851 0.145937
2852 0.145657
2853 0.145793
2854 0.14583
2855 0.146068
2856 0.14618
2857 0.146123
2858 0.146323
2859 0.146653
2860 0.146675
2861 0.145428
2862 0.14582
2863 0.145908
2864 0.14608
2865 0.146735
2866 0.146975
2867 0.147092
2868 0.147885
2869 0.148527
2870 0.149415
2871 0.149987
2872 0.150058
2873 0.150232
2874 0.14988
2875 0.14957
2876 0.149468
2877 0.148498
2878 0.149097
2879 0.149815
2880 0.152748
2881 0.15568
2882 0.15682
2883 0.158775
2884 0.159465
2885 0.159865
2886 0.161592
2887 0.16208
2888 0.162178
2889 0.162305
2890 0.163225
2891 0.163252
2892 0.162665
2893 0.161112
2894 0.160912
2895 0.158865
2896 0.158702
2897 0.15896
2898 0.158755
2899 0.158145
2900 0.15879
2901 0.157958
2902 0.158048
2903 0.157885
2904 0.15724
2905 0.156597
2906 0.156395
2907 0.156475
2908 0.156795
2909 0.15708
2910 0.156658
2911 0.155793
2912 0.155503
2913 0.15525
2914 0.155257
2915 0.15545
2916 0.155277
2917 0.154975
2918 0.154683
2919 0.153927
2920 0.153785
2921 0.15378
2922 0.154003
2923 0.1546
2924 0.154537
2925 0.154875
2926 0.154415
2927 0.154037
2928 0.154707
2929 0.155467
2930 0.155922
2931 0.15829
2932 0.159252
2933 0.160068
2934 0.161012
2935 0.161327
2936 0.162773
2937 0.162607
2938 0.163242
2939 0.163373
2940 0.164353
2941 0.165123
2942 0.165585
2943 0.16572
2944 0.166505
2945 0.167193
2946 0.169443
2947 0.172602
2948 0.173843
2949 0.176935
2950 0.180523
2951 0.18224
2952 0.186363
2953 0.18911
2954 0.189865
2955 0.193885
2956 0.198385
2957 0.200815
2958 0.207122
2959 0.2127
2960 0.218498
2961 0.232787
2962 0.23743
2963 0.23979
2964 0.247425
2965 0.253555
2966 0.256528
2967 0.263493
2968 0.273495
2969 0.279712
2970 0.288878
2971 0.296185
2972 0.299453
2973 0.31019
2974 0.322512
2975 0.328
2976 0.333805
2977 0.34293
2978 0.346143
2979 0.3523
2980 0.356745
2981 0.360685
2982 0.37438
2983 0.386147
2984 0.395278
2985 0.40241
2986 0.445252
2987 0.446008
2988 0.44855
2989 0.45236
2990 0.463298
2991 0.488262
2992 0.50936
2993 0.52255
2994 0.543003
2995 0.558813
2996 0.566065
2997 0.579408
2998 0.635055
2999 0.66918
3000 0.720017
3001 0.752605
3002 0.772583
3003 0.793408
3004 0.807838
3005 0.818077
3006 0.831088
3007 0.835538
3008 0.838775
3009 0.84057
3010 0.840207
3011 0.890153
3012 0.886795
3013 0.884953
3014 0.885115
3015 0.884615
3016 0.888115
3017 0.89321
3018 0.894557
3019 0.896968
3020 0.90104
3021 0.90154
3022 0.90154
3023 0.902278
3024 0.903087
3025 0.903015
3026 0.902207
3027 0.902865
3028 0.903592
3029 0.90413
3030 0.905382
3031 0.906103
3032 0.907035
3033 0.906
3034 0.906528
3035 0.906382
3036 0.909488
3037 0.909605
3038 0.90978
3039 0.909868
3040 0.909172
3041 0.90824
3042 0.907898
3043 0.907465
3044 0.907037
3045 0.90681
3046 0.906927
3047 0.906892
3048 0.906222
3049 0.905793
3050 0.905345
3051 0.905663
3052 0.90548
3053 0.905232
3054 0.905045
3055 0.905003
3056 0.905097
3057 0.904025
3058 0.904005
3059 0.903663
3060 0.90214
3061 0.900628
3062 0.901012
3063 0.900643
3064 0.898555
3065 0.897875
3066 0.89682
3067 0.895353
3068 0.895015
3069 0.894768
3070 0.894745
3071 0.894375
3072 0.89385
3073 0.892545
3074 0.892755
3075 0.89122
3076 0.890055
3077 0.890293
3078 0.88918
3079 0.889382
3080 0.889103
3081 0.8888
3082 0.888492
3083 0.888715
3084 0.888003
3085 0.887692
3086 0.887358
3087 0.88498
3088 0.883997
3089 0.88338
3090 0.882172
3091 0.8821
3092 0.881843
3093 0.880712
3094 0.878155
3095 0.877323
3096 0.877607
3097 0.876955
3098 0.87585
3099 0.875565
3100 0.874533
3101 0.874703
3102 0.87582
3103 0.87628
3104 0.87615
3105 0.877213
3106 0.877638
3107 0.87728
3108 0.877487
3109 0.878017
3110 0.87831
3111 0.88009
3112 0.879733
3113 0.879548
3114 0.87813
3115 0.877947
3116 0.876753
3117 0.875567
3118 0.874422
3119 0.874097
3120 0.873822
3121 0.873573
3122 0.873847
3123 0.874668
3124 0.87421
3125 0.873497
3126 0.87225
3127 0.872965
3128 0.87278
3129 0.872117
3130 0.87152
3131 0.871168
3132 0.869603
3133 0.868272
3134 0.867705
3135 0.866155
3136 0.864243
3137 0.8642
3138 0.863925
3139 0.862345
3140 0.861167
3141 0.861287
3142 0.86065
3143 0.860143
3144 0.859072
3145 0.85756
3146 0.85652
3147 0.855645
3148 0.855318
3149 0.855375
3150 0.855435
3151 0.854515
3152 0.85429
3153 0.854343
3154 0.854475
3155 0.854515
3156 0.854203
3157 0.85435
3158 0.854063
3159 0.854285
3160 0.854107
3161 0.85388
3162 0.853957
3163 0.854355
3164 0.854522
3165 0.854647
3166 0.854895
3167 0.855035
3168 0.854632
3169 0.85445
3170 0.854372
3171 0.854468
3172 0.854733
3173 0.854345
3174 0.854515
3175 0.854445
3176 0.854342
3177 0.853935
3178 0.853493
3179 0.85339
3180 0.852435
3181 0.85061
3182 0.849643
3183 0.848627
3184 0.848845
3185 0.848878
3186 0.849495
3187 0.848715
3188 0.848052
3189 0.84738
3190 0.84632
3191 0.845635
3192 0.844348
3193 0.843927
3194 0.843262
3195 0.8429
3196 0.843073
3197 0.843163
3198 0.843083
3199 0.842908
3200 0.843008
3201 0.842557
3202 0.84261
3203 0.842662
3204 0.842682
3205 0.842612
3206 0.842623
3207 0.842527
3208 0.84252
3209 0.842483
3210 0.84243
3211 0.840788
3212 0.840897
3213 0.840905
3214 0.841315
3215 0.84148
3216 0.840955
3217 0.840703
3218 0.8405
3219 0.8405
3220 0.840908
3221 0.840697
3222 0.84073
3223 0.84075
3224 0.84077
3225 0.840442
3226 0.840165
3227 0.840082
3228 0.839552
3229 0.839047
3230 0.83899
3231 0.839037
3232 0.839093
3233 0.838965
3234 0.838653
3235 0.838663
3236 0.83832
3237 0.838362
3238 0.838585
3239 0.83879
3240 0.838647
3241 0.838597
3242 0.838703
3243 0.838572
3244 0.8387
3245 0.838542
3246 0.838445
3247 0.83839
3248 0.838628
3249 0.83842
3250 0.838453
3251 0.838465
3252 0.83901
3253 0.839562
3254 0.839338
3255 0.83916
3256 0.8394
3257 0.839372
3258 0.839505
3259 0.839115
3260 0.839037
3261 0.83958
3262 0.839383
3263 0.839125
3264 0.839448
3265 0.839653
3266 0.83964
3267 0.840165
3268 0.839885
3269 0.839793
3270 0.83973
3271 0.839583
3272 0.83955
3273 0.83956
3274 0.839452
3275 0.83941
3276 0.839295
3277 0.839517
3278 0.83949
3279 0.839457
3280 0.83924
3281 0.839628
3282 0.839838
3283 0.839982
3284 0.839912
3285 0.839958
3286 0.840018
3287 0.84013
3288 0.840162
3289 0.840482
3290 0.840275
3291 0.840277
3292 0.840312
3293 0.840475
3294 0.840193
3295 0.839992
3296 0.839325
3297 0.840105
3298 0.839383
3299 0.83961
3300 0.839418
3301 0.839693
3302 0.839823
3303 0.839765
3304 0.839867
3305 0.839927
3306 0.839492
3307 0.839528
3308 0.839568
3309 0.839815
3310 0.83996
3311 0.841358
3312 0.841092
3313 0.840217
3314 0.83979
3315 0.83985
3316 0.839092
3317 0.839255
3318 0.839035
3319 0.839222
3320 0.838682
3321 0.839687
3322 0.839725
3323 0.839795
3324 0.8398
3325 0.83982
3326 0.839872
3327 0.84
3328 0.840063
3329 0.840283
3330 0.840308
3331 0.84055
3332 0.840355
3333 0.84064
3334 0.840307
3335 0.84013
3336 0.83832
3337 0.8383
3338 0.837897
3339 0.838442
3340 0.838283
3341 0.838477
3342 0.838267
3343 0.838105
3344 0.837403
3345 0.83741
3346 0.837235
3347 0.83668
3348 0.83655
3349 0.83608
3350 0.836143
3351 0.835838
3352 0.836063
3353 0.836163
3354 0.836845
3355 0.837222
3356 0.837082
3357 0.837427
3358 0.837695
3359 0.83781
3360 0.838085
3361 0.840542
3362 0.840837
3363 0.84119
3364 0.841368
3365 0.841422
3366 0.841882
3367 0.841943
3368 0.841887
3369 0.842278
3370 0.84238
3371 0.842325
3372 0.842845
3373 0.842788
3374 0.84258
3375 0.842538
3376 0.842475
3377 0.84251
3378 0.842625
3379 0.84276
3380 0.84278
3381 0.842655
3382 0.842562
3383 0.842377
3384 0.84238
3385 0.842355
3386 0.841345
3387 0.841265
3388 0.841248
3389 0.84105
3390 0.84098
3391 0.840588
3392 0.840788
3393 0.840785
3394 0.84071
3395 0.840548
3396 0.84037
3397 0.840225
3398 0.840182
3399 0.840058
3400 0.840368
3401 0.840342
3402 0.840402
3403 0.840398
3404 0.840533
3405 0.840495
3406 0.840635
3407 0.840507
3408 0.840445
3409 0.840292
3410 0.840355
3411 0.841792
3412 0.841865
3413 0.84185
3414 0.841167
3415 0.841247
3416 0.841175
3417 0.841015
3418 0.8409
3419 0.84092
3420 0.841017
3421 0.840828
3422 0.84116
3423 0.841263
3424 0.841292
3425 0.841522
3426 0.841317
3427 0.84137
3428 0.841403
3429 0.841785
3430 0.8419
3431 0.84197
3432 0.84185
3433 0.841725
3434 0.841785
3435 0.841635
3436 0.8433
3437 0.843178
3438 0.84285
3439 0.84265
3440 0.842777
3441 0.84303
3442 0.84318
3443 0.843047
3444 0.842938
3445 0.842797
3446 0.842925
3447 0.843007
3448 0.84298
3449 0.843002
3450 0.843015
3451 0.84333
3452 0.84343
3453 0.84386
3454 0.84408
3455 0.844075
3456 0.84429
3457 0.844272
3458 0.84424
3459 0.844425
3460 0.844385
3461 0.844768
3462 0.845155
3463 0.844913
3464 0.844657
3465 0.84479
3466 0.844775
3467 0.844977
3468 0.844947
3469 0.845065
3470 0.845257
3471 0.845033
3472 0.845093
3473 0.845038
3474 0.844917
3475 0.845058
3476 0.845227
3477 0.84523
3478 0.84508
3479 0.844993
3480 0.845063
3481 0.845095
3482 0.84491
3483 0.844985
3484 0.84497
3485 0.844975
3486 0.84552
3487 0.845495
3488 0.845315
3489 0.845097
3490 0.845092
3491 0.845205
3492 0.84531
3493 0.84527
3494 0.845205
3495 0.845262
3496 0.845135
3497 0.84506
3498 0.845187
3499 0.845032
3500 0.845147
3501 0.845267
3502 0.8451
3503 0.845135
3504 0.845093
3505 0.845212
3506 0.845103
3507 0.84502
3508 0.844973
3509 0.844867
3510 0.844988
3511 0.844435
3512 0.844135
3513 0.844078
3514 0.844285
3515 0.844305
3516 0.844293
3517 0.844295
3518 0.844463
3519 0.844537
3520 0.844485
3521 0.844683
3522 0.84455
3523 0.844735
3524 0.844847
3525 0.845005
3526 0.844882
3527 0.844703
3528 0.844605
3529 0.844395
3530 0.844665
3531 0.844765
3532 0.844845
3533 0.844723
3534 0.844807
3535 0.844802
3536 0.846093
3537 0.845937
3538 0.846247
3539 0.845887
3540 0.846013
3541 0.84579
3542 0.845808
3543 0.845932
3544 0.845588
3545 0.845663
3546 0.845587
3547 0.845575
3548 0.845437
3549 0.845507
3550 0.84561
3551 0.845503
3552 0.845492
3553 0.845363
3554 0.845432
3555 0.845355
3556 0.845385
3557 0.845365
3558 0.845163
3559 0.845262
3560 0.84535
3561 0.845415
3562 0.845163
3563 0.845097
3564 0.845175
3565 0.845295
3566 0.845448
3567 0.84536
3568 0.845357
3569 0.845415
3570 0.844683
3571 0.844443
3572 0.84467
3573 0.84465
3574 0.844742
3575 0.844508
3576 0.84443
3577 0.844437
3578 0.844272
3579 0.84442
3580 0.844558
3581 0.84466
3582 0.844583
3583 0.84458
3584 0.844528
3585 0.844517
3586 0.844532
3587 0.844473
3588 0.84483
3589 0.84492
3590 0.844715
3591 0.844762
3592 0.844853
3593 0.845168
3594 0.84509
3595 0.844348
3596 0.844503
3597 0.844602
3598 0.84452
3599 0.844507
3600 0.844423
3601 0.844788
3602 0.844878
3603 0.84474
3604 0.844838
3605 0.84495
3606 0.845085
3607 0.845153
3608 0.845045
3609 0.844958
3610 0.844832
3611 0.844797
3612 0.84472
3613 0.844813
3614 0.844517
3615 0.84444
3616 0.844545
3617 0.844595
3618 0.844378
3619 0.84424
3620 0.844553
3621 0.844193
3622 0.844405
3623 0.844337
3624 0.84409
3625 0.844025
3626 0.84386
3627 0.843777
3628 0.844092
3629 0.843847
3630 0.84371
3631 0.843815
3632 0.843638
3633 0.843705
3634 0.843967
3635 0.844202
3636 0.844028
3637 0.843848
3638 0.843683
3639 0.843442
3640 0.843345
3641 0.84328
3642 0.843342
3643 0.84338
3644 0.84351
3645 0.84329
3646 0.843005
3647 0.8432
3648 0.842912
3649 0.842513
3650 0.84218
3651 0.842013
3652 0.84179
3653 0.842065
3654 0.84209
3655 0.84212
3656 0.842443
3657 0.842568
3658 0.842763
3659 0.842947
3660 0.842892
3661 0.842855
3662 0.842747
3663 0.84269
3664 0.84278
3665 0.842738
3666 0.842803
3667 0.842728
3668 0.842845
3669 0.842912
3670 0.843817
3671 0.844287
3672 0.844
3673 0.843898
3674 0.84363
3675 0.843682
3676 0.84402
3677 0.843873
3678 0.843975
3679 0.843973
3680 0.844357
3681 0.844895
3682 0.844693
3683 0.844947
3684 0.845167
3685 0.845085
3686 0.84514
3687 0.84521
3688 0.84528
3689 0.845125
3690 0.845095
3691 0.84511
3692 0.845005
3693 0.84503
3694 0.845015
3695 0.844615
3696 0.844695
3697 0.8448
3698 0.844817
3699 0.844853
3700 0.844672
3701 0.844603
3702 0.8448
3703 0.844705
3704 0.844647
3705 0.84486
3706 0.844798
3707 0.84461
3708 0.844697
3709 0.844762
3710 0.844497
3711 0.84477
3712 0.844895
3713 0.844615
3714 0.844723
3715 0.84473
3716 0.844782
3717 0.844502
3718 0.84485
3719 0.844527
3720 0.845005
3721 0.84518
3722 0.845175
3723 0.84549
3724 0.845705
3725 0.845935
3726 0.845662
3727 0.84582
3728 0.845317
3729 0.844965
3730 0.845007
3731 0.845038
3732 0.845205
3733 0.845055
3734 0.845195
3735 0.84538
3736 0.84539
3737 0.845427
3738 0.845843
3739 0.845718
3740 0.845853
3741 0.846263
3742 0.84634
3743 0.846662
3744 0.846497
3745 0.846905
3746 0.846943
3747 0.846772
3748 0.846847
3749 0.847055
3750 0.846733
3751 0.846747
3752 0.846887
3753 0.8467
3754 0.84696
3755 0.8467
3756 0.8468
3757 0.84676
3758 0.846522
3759 0.846615
3760 0.846547
3761 0.846247
3762 0.845937
3763 0.845622
3764 0.845965
3765 0.845357
3766 0.845555
3767 0.845087
3768 0.844348
3769 0.843845
3770 0.844228
3771 0.84461
3772 0.844545
3773 0.84499
3774 0.845543
3775 0.845757
3776 0.845973
3777 0.846325
3778 0.846532
3779 0.846408
3780 0.846667
3781 0.84697
3782 0.846818
3783 0.8466
3784 0.84661
3785 0.846625
3786 0.846577
3787 0.846427
3788 0.846405
3789 0.846378
3790 0.846175
3791 0.846077
3792 0.845992
3793 0.845898
3794 0.84586
3795 0.84603
3796 0.845943
3797 0.845775
3798 0.845527
3799 0.845455
3800 0.845015
3801 0.84417
3802 0.843745
3803 0.842935
3804 0.841963
3805 0.84177
3806 0.841265
3807 0.840542
3808 0.84002
3809 0.839892
3810 0.840215
3811 0.840633
3812 0.840747
3813 0.840875
3814 0.841
3815 0.841093
3816 0.840808
3817 0.840867
3818 0.84117
3819 0.841732
3820 0.8465
3821 0.846753
3822 0.84649
3823 0.846498
3824 0.846537
3825 0.846518
3826 0.846378
3827 0.846303
3828 0.846335
3829 0.846487
3830 0.846473
3831 0.846755
3832 0.84672
3833 0.846693
3834 0.846723
3835 0.84658
3836 0.84677
3837 0.84665
3838 0.846485
3839 0.846305
3840 0.846207
3841 0.846197
3842 0.846092
3843 0.846045
3844 0.846145
3845 0.845047
3846 0.844965
3847 0.84496
3848 0.845185
3849 0.844915
3850 0.844858
3851 0.844982
3852 0.845025
3853 0.844937
3854 0.845005
3855 0.844945
3856 0.84499
3857 0.845035
3858 0.844628
3859 0.844453
3860 0.844557
3861 0.844853
3862 0.844755
3863 0.844905
3864 0.844792
3865 0.844835
3866 0.844977
3867 0.844803
3868 0.844853
3869 0.844755
3870 0.845903
3871 0.845893
3872 0.845993
3873 0.845745
3874 0.845753
3875 0.845885
3876 0.846175
3877 0.846272
3878 0.846257
3879 0.84631
3880 0.846475
3881 0.846672
3882 0.846292
3883 0.845757
3884 0.845728
3885 0.845808
3886 0.846015
3887 0.84557
3888 0.845465
3889 0.845385
3890 0.845785
3891 0.845485
3892 0.84547
3893 0.84555
3894 0.84546
3895 0.846205
3896 0.846465
3897 0.847065
3898 0.84724
3899 0.847105
3900 0.847565
3901 0.847435
3902 0.846977
3903 0.847225
3904 0.84714
3905 0.84675
3906 0.846972
3907 0.846768
3908 0.846653
3909 0.846515
3910 0.846533
3911 0.846615
3912 0.84615
3913 0.846143
3914 0.84605
3915 0.845895
3916 0.845785
3917 0.84571
3918 0.84587
3919 0.84598
3920 0.846462
3921 0.846688
3922 0.846685
3923 0.846257
3924 0.846478
3925 0.846463
3926 0.846262
3927 0.846267
3928 0.84632
3929 0.84616
3930 0.845905
3931 0.84595
3932 0.845785
3933 0.846267
3934 0.846223
3935 0.846075
3936 0.846237
3937 0.846067
3938 0.8463
3939 0.84619
3940 0.846048
3941 0.846183
3942 0.846032
3943 0.845965
3944 0.845935
3945 0.84769
3946 0.847683
3947 0.847305
3948 0.847285
3949 0.8471
3950 0.847135
3951 0.846995
3952 0.847065
3953 0.846847
3954 0.846885
3955 0.846733
3956 0.846755
3957 0.846873
3958 0.846805
3959 0.847215
3960 0.84737
3961 0.847515
3962 0.847263
3963 0.84734
3964 0.84698
3965 0.84686
3966 0.847015
3967 0.847035
3968 0.846828
3969 0.84689
3970 0.848418
3971 0.848352
3972 0.848032
3973 0.84799
3974 0.84757
3975 0.84739
3976 0.84732
3977 0.84725
3978 0.84705
3979 0.847095
3980 0.847023
3981 0.846515
3982 0.846542
3983 0.845585
3984 0.846248
3985 0.845648
3986 0.845363
3987 0.845452
3988 0.845132
3989 0.845915
3990 0.846185
3991 0.846522
3992 0.84669
3993 0.84642
3994 0.84634
3995 0.848328
3996 0.848203
3997 0.84809
3998 0.847798
3999 0.84772
4000 0.847718
4001 0.84807
4002 0.847795
4003 0.847735
4004 0.847493
4005 0.84726
4006 0.847165
4007 0.847045
4008 0.847088
4009 0.846917
4010 0.84672
4011 0.84664
4012 0.846772
4013 0.846855
4014 0.846832
4015 0.846797
4016 0.846778
4017 0.846587
4018 0.846415
4019 0.846402
4020 0.847483
4021 0.847722
4022 0.847625
4023 0.847622
4024 0.847823
4025 0.847607
4026 0.847917
4027 0.847603
4028 0.847477
4029 0.8472
4030 0.847088
4031 0.847165
4032 0.84728
4033 0.847082
4034 0.84706
4035 0.847222
4036 0.847047
4037 0.846892
4038 0.84682
4039 0.846845
4040 0.846775
4041 0.846975
4042 0.846888
4043 0.846955
4044 0.84707
4045 0.84742
4046 0.847438
4047 0.847435
4048 0.847687
4049 0.847313
4050 0.84723
4051 0.84731
4052 0.847303
4053 0.847062
4054 0.847273
4055 0.8472
4056 0.847178
4057 0.847023
4058 0.846975
4059 0.84686
4060 0.846967
4061 0.84687
4062 0.846755
4063 0.846597
4064 0.846812
4065 0.847
4066 0.847133
4067 0.847433
4068 0.847657
4069 0.847893
4070 0.846803
4071 0.847037
4072 0.846815
4073 0.846403
4074 0.846085
4075 0.846307
4076 0.84624
4077 0.846455
4078 0.84636
4079 0.84641
4080 0.846472
4081 0.846288
4082 0.846328
4083 0.8463
4084 0.84625
4085 0.846373
4086 0.846387
4087 0.846515
4088 0.846522
4089 0.846483
4090 0.846693
4091 0.84686
4092 0.8469
4093 0.846485
4094 0.846317
4095 0.848425
4096 0.848385
4097 0.848018
4098 0.848047
4099 0.848245
4100 0.84818
4101 0.848448
4102 0.848422
4103 0.84813
4104 0.847927
4105 0.847908
4106 0.847535
4107 0.84744
4108 0.847415
4109 0.847523
4110 0.847735
4111 0.848025
4112 0.84806
4113 0.847952
4114 0.847668
4115 0.847673
4116 0.8478
4117 0.847978
4118 0.848203
4119 0.848367
4120 0.84962
4121 0.849492
4122 0.849172
4123 0.849167
4124 0.849395
4125 0.849368
4126 0.849287
4127 0.849117
4128 0.849178
4129 0.849368
4130 0.84942
4131 0.849305
4132 0.849197
4133 0.8492
4134 0.8492
4135 0.84918
4136 0.84908
4137 0.84895
4138 0.848538
4139 0.848605
4140 0.848305
4141 0.848112
4142 0.84828
4143 0.848492
4144 0.848218
4145 0.84923
4146 0.848635
4147 0.84884
4148 0.848532
4149 0.84776
4150 0.847123
4151 0.846772
4152 0.846435
4153 0.84614
4154 0.845487
4155 0.845135
4156 0.845163
4157 0.845113
4158 0.84486
4159 0.844477
4160 0.844448
4161 0.844503
4162 0.84474
4163 0.845
4164 0.845035
4165 0.844983
4166 0.844925
4167 0.845308
4168 0.846008
4169 0.844908
4170 0.846542
4171 0.846325
4172 0.84668
4173 0.847335
4174 0.84729
4175 0.847558
4176 0.847957
4177 0.8486
4178 0.849143
4179 0.849163
4180 0.8492
4181 0.8497
4182 0.850635
4183 0.850405
4184 0.850803
4185 0.851215
4186 0.852195
4187 0.854263
4188 0.85432
4189 0.856248
4190 0.857865
4191 0.85917
4192 0.860158
4193 0.860982
4194 0.861445
4195 0.862535
4196 0.861237
4197 0.862515
4198 0.862385
4199 0.861648
4200 0.861672
4201 0.861633
4202 0.8606
4203 0.860428
4204 0.86077
4205 0.86096
4206 0.861797
4207 0.863385
4208 0.863
4209 0.864008
4210 0.864853
4211 0.864162
4212 0.864947
4213 0.86573
4214 0.86697
4215 0.867415
4216 0.868793
4217 0.869915
4218 0.871067
4219 0.871545
4220 0.871425
4221 0.872097
4222 0.87443
4223 0.87589
4224 0.8761
4225 0.877178
4226 0.878083
4227 0.878618
4228 0.88047
4229 0.88217
4230 0.884352
4231 0.886708
4232 0.887232
4233 0.888872
4234 0.892228
4235 0.894025
4236 0.89535
4237 0.89853
4238 0.899927
4239 0.899785
4240 0.899185
4241 0.896815
4242 0.895922
4243 0.893455
4244 0.89099
4245 0.889368
4246 0.886895
4247 0.886717
4248 0.887208
4249 0.884767
4250 0.88096
4251 0.879398
4252 0.877957
4253 0.878135
4254 0.877707
4255 0.87898
4256 0.877227
4257 0.877047
4258 0.878465
4259 0.879367
4260 0.879207
4261 0.879347
4262 0.879933
4263 0.879555
4264 0.88348
4265 0.886978
4266 0.88789
4267 0.891875
4268 0.895607
4269 0.89614
4270 0.898035
4271 0.89982
4272 0.901685
4273 0.903048
4274 0.904325
4275 0.90579
4276 0.905127
4277 0.90566
4278 0.906212
4279 0.90696
4280 0.90932
4281 0.90867
4282 0.90985
4283 0.91
4284 0.909435
4285 0.91122
4286 0.913153
4287 0.913585
4288 0.915423
4289 0.916538
4290 0.916812
4291 0.915262
4292 0.91613
4293 0.91181
4294 0.907647
4295 0.898047
4296 0.89772
4297 0.893998
4298 0.892995
4299 0.89237
4300 0.89082
4301 0.891125
4302 0.8918
4303 0.89195
4304 0.892028
4305 0.892497
4306 0.891093
4307 0.88984
4308 0.888998
4309 0.886455
4310 0.885773
4311 0.884807
4312 0.882735
4313 0.880733
4314 0.881605
4315 0.881103
4316 0.879087
4317 0.879097
4318 0.869862
4319 0.865187
4320 0.863692
4321 0.86288
4322 0.86304
4323 0.855888
4324 0.842542
4325 0.833963
4326 0.835005
4327 0.828245
4328 0.804605
4329 0.79679
4330 0.785452
4331 0.782507
4332 0.781232
4333 0.77765
4334 0.77272
4335 0.77167
4336 0.76839
4337 0.76647
4338 0.76696
4339 0.765942
4340 0.766177
4341 0.765672
4342 0.765825
4343 0.76887
4344 0.769157
4345 0.7415
4346 0.742552
4347 0.74455
4348 0.746217
4349 0.748605
4350 0.748842
4351 0.750515
4352 0.749225
4353 0.747945
4354 0.7482
4355 0.74634
4356 0.74501
4357 0.741937
4358 0.738352
4359 0.737882
4360 0.734633
4361 0.731255
4362 0.729888
4363 0.728208
4364 0.727237
4365 0.726398
4366 0.72723
4367 0.724925
4368 0.724195
4369 0.72155
4370 0.716298
4371 0.717625
4372 0.72185
4373 0.719393
4374 0.72027
4375 0.718263
4376 0.720612
4377 0.723222
4378 0.725777
4379 0.693753
4380 0.691707
4381 0.698958
4382 0.69881
4383 0.698793
4384 0.693767
4385 0.68983
4386 0.68871
4387 0.685145
4388 0.676778
4389 0.674937
4390 0.670557
4391 0.664227
4392 0.66436
4393 0.657168
4394 0.627715
4395 0.62388
4396 0.620835
4397 0.614947
4398 0.611055
4399 0.603763
4400 0.596715
4401 0.594317
4402 0.586565
4403 0.578745
4404 0.574625
4405 0.566302
4406 0.559427
4407 0.554278
4408 0.548228
4409 0.531463
4410 0.530722
4411 0.52851
4412 0.52167
4413 0.51843
4414 0.53271
4415 0.53631
4416 0.536602
4417 0.555358
4418 0.562792
4419 0.564327
4420 0.56514
4421 0.590805
4422 0.594155
4423 0.594867
4424 0.607762
4425 0.612725
4426 0.616985
4427 0.614218
4428 0.616143
4429 0.617882
4430 0.616553
4431 0.615905
4432 0.61452
4433 0.617225
4434 0.61586
4435 0.61183
4436 0.605847
4437 0.604802
4438 0.60107
4439 0.596155
4440 0.593985
4441 0.59527
4442 0.600095
4443 0.601888
4444 0.602842
4445 0.59894
4446 0.60489
4447 0.613328
4448 0.618027
4449 0.62376
4450 0.626572
4451 0.626887
4452 0.625172
4453 0.619672
4454 0.61912
4455 0.617422
4456 0.616915
4457 0.614827
4458 0.617665
4459 0.618365
4460 0.61803
4461 0.619855
4462 0.62363
4463 0.625815
4464 0.62515
4465 0.630385
4466 0.630645
4467 0.6348
4468 0.642428
4469 0.648175
4470 0.64563
4471 0.656538
4472 0.663305
4473 0.670023
4474 0.684767
4475 0.692848
4476 0.68155
4477 0.68196
4478 0.684515
4479 0.66176
4480 0.659465
4481 0.663433
4482 0.66472
4483 0.627757
4484 0.62784
4485 0.625978
4486 0.623577
4487 0.59436
4488 0.592717
4489 0.592998
4490 0.593108
4491 0.593193
4492 0.59686
4493 0.597027
4494 0.595735
4495 0.592378
4496 0.599235
4497 0.602267
4498 0.607975
4499 0.613335
4500 0.617042
4501 0.62581
4502 0.63114
4503 0.635217
4504 0.66162
4505 0.677892
4506 0.68021
4507 0.702167
4508 0.710503
4509 0.71329
4510 0.741698
4511 0.750995
4512 0.755228
4513 0.776
4514 0.787135
4515 0.794728
4516 0.821752
4517 0.833697
4518 0.838335
4519 0.84546
4520 0.857215
4521 0.8599
4522 0.864078
4523 0.866413
4524 0.867205
4525 0.879945
4526 0.885112
4527 0.887393
4528 0.893312
4529 0.902505
4530 0.90559
4531 0.908863
4532 0.911655
4533 0.912858
4534 0.914878
4535 0.917467
4536 0.919065
4537 0.920052
4538 0.921725
4539 0.92226
4540 0.922025
4541 0.923285
4542 0.92355
4543 0.924425
4544 0.924553
4545 0.92629
4546 0.924503
4547 0.920575
4548 0.917247
4549 0.915602
4550 0.913687
4551 0.910755
4552 0.90578
4553 0.904022
4554 0.90145
4555 0.897332
4556 0.89479
4557 0.893417
4558 0.881435
4559 0.870918
4560 0.868097
4561 0.86022
4562 0.854917
4563 0.852763
4564 0.850462
4565 0.80891
4566 0.807425
4567 0.802915
4568 0.80696
4569 0.806337
4570 0.802847
4571 0.746582
4572 0.745945
4573 0.743515
4574 0.733325
4575 0.729085
4576 0.723263
4577 0.718908
4578 0.712457
4579 0.706638
4580 0.700368
4581 0.698412
4582 0.691658
4583 0.69204
4584 0.69029
4585 0.690312
4586 0.689808
4587 0.69177
4588 0.69541
4589 0.695545
4590 0.69746
4591 0.700098
4592 0.722165
4593 0.731858
4594 0.744925
4595 0.750617
4596 0.755003
4597 0.759147
4598 0.758877
4599 0.75756
4600 0.759462
4601 0.759125
4602 0.758285
4603 0.754683
4604 0.754807
4605 0.751482
4606 0.752602
4607 0.75196
4608 0.750792
4609 0.750115
4610 0.74999
4611 0.747822
4612 0.75215
4613 0.751293
4614 0.75113
4615 0.748578
4616 0.747235
4617 0.74441
4618 0.741812
4619 0.74048
4620 0.70989
4621 0.70573
4622 0.70224
4623 0.702245
4624 0.608835
4625 0.600185
4626 0.594673
4627 0.586247
4628 0.577373
4629 0.570762
4630 0.570735
4631 0.575575
4632 0.579348
4633 0.578753
4634 0.587805
4635 0.591633
4636 0.591885
4637 0.594317
4638 0.598243
4639 0.62911
4640 0.651913
4641 0.660857
4642 0.675603
4643 0.689863
4644 0.695577
4645 0.707673
4646 0.716322
4647 0.719413
4648 0.722635
4649 0.72346
4650 0.72385
4651 0.724315
4652 0.726752
4653 0.72883
4654 0.733442
4655 0.732932
4656 0.73486
4657 0.731705
4658 0.732175
4659 0.730393
4660 0.69332
4661 0.68808
4662 0.681297
4663 0.67406
4664 0.672152
4665 0.665735
4666 0.660152
4667 0.657185
4668 0.65642
4669 0.654173
4670 0.625005
4671 0.629927
4672 0.634385
4673 0.633115
4674 0.63184
4675 0.630327
4676 0.565692
4677 0.56109
4678 0.557978
4679 0.555613
4680 0.502145
4681 0.48214
4682 0.469302
4683 0.461095
4684 0.449763
4685 0.399615
4686 0.39484
4687 0.380402
4688 0.377397
4689 0.375442
4690 0.372605
4691 0.371485
4692 0.37344
4693 0.373582
4694 0.370702
4695 0.370625
4696 0.370465
4697 0.366312
4698 0.371268
4699 0.373445
4700 0.380393
4701 0.378905
4702 0.380928
4703 0.385322
4704 0.385555
4705 0.38973
4706 0.39312
4707 0.395047
4708 0.393175
4709 0.394537
4710 0.39291
4711 0.41183
4712 0.430387
4713 0.435565
4714 0.472538
4715 0.48546
4716 0.490315
4717 0.508218
4718 0.537485
4719 0.54984
4720 0.57546
4721 0.579295
4722 0.583732
4723 0.581747
4724 0.583455
4725 0.589542
4726 0.582955
4727 0.587882
4728 0.591335
4729 0.585877
4730 0.55548
4731 0.551575
4732 0.54344
4733 0.543345
4734 0.540648
4735 0.533385
4736 0.527535
4737 0.520125
4738 0.512232
4739 0.497527
4740 0.495925
4741 0.483705
4742 0.472278
4743 0.468895
4744 0.462442
4745 0.446182
4746 0.414935
4747 0.40594
4748 0.397118
4749 0.392348
4750 0.36003
4751 0.348735
4752 0.344288
4753 0.331088
4754 0.306785
4755 0.302377
4756 0.29026
4757 0.280883
4758 0.278542
4759 0.26727
4760 0.25264
4761 0.246487
4762 0.23639
4763 0.227148
4764 0.22239
4765 0.210422
4766 0.1973
4767 0.19037
4768 0.178623
4769 0.1718
4770 0.167415
4771 0.15642
4772 0.147567
4773 0.14355
4774 0.13551
4775 0.126807
4776 0.121703
4777 0.109725
4778 0.09915
4779 0.095645
4780 0.0871875
4781 0.0791025
4782 0.0767775
4783 0.071815
4784 0.0656925
4785 0.0620425
4786 0.05378
4787 0.0475575
4788 0.0445625
4789 0.03809
4790 0.0302775
4791 0.0270875
4792 0.0210325
4793 0.0169
4794 0.0155475
4795 0.0121375
4796 0.0086275
4797 0.007225
4798 0.004505
4799 0.00205
4800 0.000965
4801 0.00072
4802 0.000625
4803 0.0005675
4804 0.0005175
4805 0.000505
4806 0.0004975
4807 0.0004875
4808 0.0004775
4809 0.000415
4810 0.0003725
4811 0.0002975
4812 0.000295
4813 0.000285
4814 0.000265
4815 0.0002975
4816 0.0003425
4817 0.000365
4818 0.0003575
4819 0.0003075
4820 0.000395
4821 0.0004025
4822 0.000355
4823 0.0003025
4824 0.00028
4825 0.0002675
4826 0.00028
4827 0.00024
4828 0.0002175
4829 0.0001925
4830 0.000195
4831 0.00019
4832 0.0002025
4833 0.0001825
4834 0.00224
4835 0.0022775
4836 0.002035
4837 0.0020475
4838 0.002135
4839 0.00221
4840 0.0025125
4841 0.0025075
4842 0.0024975
4843 0.0025775
4844 0.002675
4845 0.00301
4846 0.00294
4847 0.0029025
4848 0.0028725
4849 0.0030225
4850 0.00298
4851 0.0030525
4852 0.0031275
4853 0.00315
4854 0.0030925
4855 0.003475
4856 0.0035325
4857 0.003445
4858 0.00345
4859 0.0035175
4860 0.0034025
4861 0.0033775
4862 0.00343
4863 0.00333
4864 0.0030125
4865 0.003
4866 0.00265
4867 0.002625
4868 0.002505
4869 0.00252
4870 0.002675
4871 0.002435
4872 0.0023725
4873 0.0021625
4874 0.002135
4875 0.0019825
4876 0.001905
4877 0.0019475
4878 0.0018125
4879 0.0017775
4880 0.001745
4881 0.0015525
4882 0.00165
4883 0.001655
4884 0.0017625
4885 0.001965
4886 0.00184
4887 0.0020225
4888 0.00199
4889 0.001825
4890 0.0017475
4891 0.00178
4892 0.0017275
4893 0.001745
4894 0.0016325
4895 0.0014475
4896 0.0013325
4897 0.001105
4898 0.00088
4899 0.0006175
4900 0.0004975
4901 0.00049
4902 0.0003975
4903 0.00034
4904 0.00026
4905 0.00024
4906 0.0002275
4907 0.00023
4908 0.0001825
4909 0.00014
4910 0.000135
4911 0.0001325
4912 0.0001325
4913 0.000125
4914 0.00012
4915 0.0001175
4916 0.000695
4917 0.0116375
4918 0.0240675
4919 0.03033
4920 0.039115
4921 0.044585
4922 0.046015
4923 0.04803
4924 0.050855
4925 0.0517125
4926 0.0597975
4927 0.0715425
4928 0.0789075
4929 0.0913275
4930 0.102752
4931 0.1077
4932 0.115125
4933 0.117633
4934 0.118825
4935 0.12004
4936 0.12373
4937 0.1246
4938 0.12455
4939 0.132895
4940 0.13314
4941 0.133313
4942 0.13222
4943 0.132335
4944 0.132937
4945 0.13318
4946 0.131667
4947 0.132622
4948 0.134315
4949 0.132642
4950 0.1276
4951 0.121805
4952 0.11889
4953 0.114475
4954 0.109233
4955 0.10733
4956 0.0986975
4957 0.094825
4958 0.093
4959 0.090165
4960 0.0867375
4961 0.0854725
4962 0.083205
4963 0.0783475
4964 0.0748225
4965 0.067145
4966 0.0639025
4967 0.06579
4968 0.06993
4969 0.076155
4970 0.0797775
4971 0.085505
4972 0.09018
4973 0.0940525
4974 0.101752
4975 0.109183
4976 0.112473
4977 0.117235
4978 0.118385
4979 0.118072
4980 0.11584
4981 0.11325
4982 0.113287
4983 0.11227
4984 0.11171
4985 0.113165
4986 0.113895
4987 0.112535
4988 0.11307
4989 0.111077
4990 0.110805
4991 0.110313
4992 0.110567
4993 0.109157
4994 0.109405
4995 0.108065
4996 0.107577
4997 0.10655
4998 0.108505
4999 0.109232
5000 0.108065
5001 0.104728
5002 0.09968
5003 0.097675
5004 0.0940775
5005 0.091095
5006 0.0892925
5007 0.08773
5008 0.086885
5009 0.08553
5010 0.081035
5011 0.0771025
5012 0.073725
5013 0.0658825
5014 0.0594725
5015 0.0563425
5016 0.050385
5017 0.0445
5018 0.0408625
5019 0.033105
5020 0.0312575
5021 0.03068
5022 0.03197
5023 0.0298625
5024 0.0289175
5025 0.0269025
5026 0.024395
5027 0.023355
5028 0.020455
5029 0.018215
5030 0.016945
5031 0.01633
5032 0.0163075
5033 0.0164325
5034 0.0168975
5035 0.0171525
5036 0.0176075
5037 0.017665
5038 0.017935
5039 0.018155
5040 0.01843
5041 0.01819
5042 0.018385
5043 0.0185025
5044 0.0187525
5045 0.0184875
5046 0.01884
5047 0.020235
5048 0.02163
5049 0.02501
5050 0.028005
5051 0.0308175
5052 0.0367225
5053 0.0438175
5054 0.04744
5055 0.0542675
5056 0.0618725
5057 0.0658125
5058 0.0739075
5059 0.0885475
5060 0.0934075
5061 0.102432
5062 0.111768
5063 0.121408
5064 0.134343
5065 0.14835
5066 0.15369
5067 0.16493
5068 0.181245
5069 0.18718
5070 0.202253
5071 0.218128
5072 0.224243
5073 0.23739
5074 0.249173
5075 0.25339
5076 0.262137
5077 0.267578
5078 0.267623
5079 0.268515
5080 0.26908
5081 0.268535
5082 0.265237
5083 0.262392
5084 0.259623
5085 0.254337
5086 0.23733
5087 0.237633
5088 0.23194
5089 0.213732
5090 0.210737
5091 0.20467
5092 0.187505
5093 0.184152
5094 0.17881
5095 0.17498
5096 0.174403
5097 0.175212
5098 0.167667
5099 0.164765
5100 0.158985
5101 0.15089
5102 0.14639
5103 0.139065
5104 0.12908
5105 0.125638
5106 0.117515
5107 0.112625
5108 0.107783
5109 0.10068
5110 0.096795
5111 0.0960575
5112 0.0930325
5113 0.0911425
5114 0.0912425
5115 0.08453
5116 0.082285
5117 0.0808225
5118 0.0737275
5119 0.063035
5120 0.0608225
5121 0.05059
5122 0.04079
5123 0.0354075
5124 0.0264025
5125 0.01777
5126 0.0148125
5127 0.0084625
5128 0.00357
5129 0.001655
5130 0.00051
5131 0.0004175
5132 0.0003925
5133 0.0003575
5134 0.0005225
5135 0.00046
5136 0.000375
5137 0.0003725
5138 0.000365
5139 0.0003325
5140 0.0003275
5141 0.0003175
5142 0.0003175
5143 0.0003125
5144 0.00032
5145 0.0003025
5146 0.0003025
5147 0.0002575
5148 0.000265
5149 0.0002525
5150 0.0002375
5151 0.000225
5152 0.00022
5153 0.0002225
5154 0.0002325
5155 0.000235
5156 0.00024
5157 0.0002425
5158 0.00024
5159 0.000515
5160 0.000475
5161 0.0004175
5162 0.000295
5163 0.0002975
5164 0.000285
5165 0.00021
5166 0.000205
5167 0.0002025
5168 0.0002
5169 0.000185
5170 0.0001825
5171 0.000185
5172 0.0002
5173 0.000195
5174 0.000185
5175 0.000185
5176 0.0001725
5177 0.00018
5178 0.0001925
5179 0.000195
5180 0.0001725
5181 0.0001675
5182 0.000165
5183 0.000165
5184 4.5e-05
5185 4e-05
5186 4e-05
5187 4e-05
5188 3.25e-05
5189 2.25e-05
5190 2e-05
5191 2e-05
5192 0
5193 0
5194 0
5195 0.0003025
5196 0.000275
5197 0.0002625
5198 0.0002525
5199 0.000225
5200 0.0002075
5201 0.0002025
5202 0.0002175
5203 0.00019
5204 0.0001825
5205 0.0001525
5206 0.00014
5207 0.00014
5208 0.0001425
5209 0.000135
5210 0.000155
5211 0.0001575
5212 0.0001525
5213 0.00014
5214 0.0001525
5215 0.000165
5216 0.0001675
5217 0.000165
5218 0.000165
5219 0.0001675
5220 0.00041
5221 0.00029
5222 0.0002825
5223 0.000255
5224 0.00024
5225 0.00024
5226 0.0002375
5227 0.0002225
5228 0.00022
5229 0.00021
5230 0.0002025
5231 0.0001725
5232 0.0001775
5233 0.0001775
5234 0.0001775
5235 0.0001775
5236 0.0001775
5237 0.0001775
5238 0.0001675
5239 0.00017
5240 0.0001725
5241 0.0001725
5242 0.0001525
5243 0.0001375
5244 0.0001375
5245 0.00033
5246 0.000265
5247 0.0002575
5248 0.000255
5249 0.000255
5250 0.0002575
5251 0.000285
5252 0.0002925
5253 0.0002875
5254 0.0002675
5255 0.0002475
5256 0.000195
5257 0.0033175
5258 0.013535
5259 0.0189575
5260 0.0300125
5261 0.04021
5262 0.044735
5263 0.052635
5264 0.060295
5265 0.0618
5266 0.0639975
5267 0.066945
5268 0.06783
5269 0.07151
5270 0.073155
5271 0.0737025
5272 0.074965
5273 0.074715
5274 0.075485
5275 0.075395
5276 0.0759625
5277 0.0759475
5278 0.07613
5279 0.0763125
5280 0.0758975
5281 0.07632
5282 0.0767875
5283 0.0771225
5284 0.07705
5285 0.076855
5286 0.0768425
5287 0.0769225
5288 0.077295
5289 0.08132
5290 0.0897375
5291 0.10056
5292 0.107433
5293 0.119902
5294 0.129765
5295 0.13398
5296 0.14301
5297 0.154228
5298 0.156395
5299 0.161463
5300 0.16468
5301 0.16662
5302 0.168888
5303 0.183985
5304 0.185895
5305 0.191417
5306 0.193027
5307 0.193282
5308 0.194207
5309 0.195975
5310 0.196455
5311 0.196097
5312 0.19515
5313 0.195068
5314 0.194098
5315 0.19267
5316 0.192282
5317 0.19196
5318 0.1915
5319 0.189532
5320 0.19503
5321 0.192208
5322 0.19246
5323 0.188777
5324 0.186855
5325 0.184715
5326 0.182365
5327 0.179937
5328 0.181692
5329 0.18665
5330 0.194662
5331 0.198903
5332 0.205525
5333 0.211663
5334 0.215075
5335 0.222162
5336 0.227367
5337 0.227652
5338 0.228677
5339 0.22738
5340 0.227282
5341 0.22772
5342 0.228242
5343 0.227655
5344 0.228298
5345 0.227733
5346 0.228078
5347 0.227165
5348 0.227085
5349 0.226302
5350 0.225977
5351 0.231295
5352 0.233453
5353 0.243452
5354 0.256263
5355 0.261653
5356 0.27372
5357 0.285015
5358 0.291065
5359 0.30316
5360 0.310748
5361 0.313148
5362 0.316657
5363 0.307543
5364 0.307042
5365 0.304105
5366 0.304833
5367 0.304875
5368 0.298445
5369 0.297052
5370 0.2935
5371 0.29425
5372 0.29408
5373 0.294245
5374 0.29454
5375 0.295423
5376 0.295965
5377 0.295208
5378 0.296397
5379 0.295992
5380 0.296385
5381 0.2952
5382 0.295035
5383 0.29525
5384 0.294035
5385 0.293385
5386 0.297967
5387 0.301953
5388 0.303728
5389 0.307498
5390 0.31118
5391 0.31262
5392 0.316377
5393 0.320447
5394 0.322445
5395 0.326107
5396 0.329375
5397 0.331467
5398 0.33242
5399 0.332778
5400 0.332585
5401 0.332485
5402 0.332992
5403 0.3328
5404 0.332535
5405 0.33389
5406 0.33456
5407 0.336282
5408 0.337817
5409 0.338402
5410 0.338333
5411 0.338688
5412 0.337702
5413 0.33781
5414 0.338475
5415 0.3375
5416 0.340408
5417 0.347888
5418 0.352045
5419 0.359397
5420 0.369098
5421 0.372645
5422 0.37632
5423 0.382498
5424 0.385735
5425 0.390003
5426 0.39328
5427 0.393675
5428 0.394902
5429 0.396153
5430 0.394983
5431 0.396698
5432 0.39835
5433 0.399115
5434 0.399968
5435 0.40343
5436 0.404173
5437 0.40566
5438 0.407735
5439 0.408932
5440 0.41339
5441 0.416357
5442 0.418387
5443 0.42317
5444 0.426752
5445 0.426865
5446 0.430103
5447 0.434157
5448 0.436135
5449 0.441058
5450 0.445595
5451 0.446305
5452 0.450252
5453 0.452325
5454 0.453353
5455 0.455402
5456 0.457255
5457 0.45784
5458 0.45656
5459 0.455535
5460 0.455137
5461 0.454733
5462 0.459137
5463 0.459585
5464 0.459693
5465 0.460592
5466 0.461177
5467 0.460242
5468 0.459755
5469 0.45975
5470 0.459467
5471 0.45836
5472 0.457285
5473 0.45531
5474 0.45335
5475 0.45301
5476 0.451157
5477 0.45005
5478 0.45063
5479 0.4508
5480 0.452892
5481 0.45343
5482 0.455885
5483 0.459193
5484 0.459565
5485 0.462628
5486 0.466573
5487 0.46869
5488 0.472237
5489 0.47571
5490 0.477535
5491 0.480967
5492 0.483605
5493 0.487075
5494 0.49073
5495 0.503452
5496 0.504175
5497 0.50747
5498 0.51026
5499 0.516115
5500 0.521475
5501 0.527857
5502 0.538008
5503 0.54775
5504 0.551095
5505 0.554825
5506 0.55909
5507 0.577015
5508 0.58022
5509 0.588345
5510 0.600318
5511 0.60603
5512 0.61292
5513 0.618045
5514 0.62055
5515 0.62447
5516 0.627447
5517 0.628945
5518 0.6305
5519 0.635927
5520 0.67756
5521 0.681512
5522 0.685085
5523 0.685798
5524 0.689785
5525 0.694835
5526 0.697057
5527 0.7015
5528 0.710222
5529 0.719732
5530 0.738005
5531 0.756
5532 0.764267
5533 0.771575
5534 0.781365
5535 0.788568
5536 0.794665
5537 0.798325
5538 0.803307
5539 0.80357
5540 0.80702
5541 0.808185
5542 0.808175
5543 0.809713
5544 0.810065
5545 0.842348
5546 0.842548
5547 0.84516
5548 0.84303
5549 0.842993
5550 0.842802
5551 0.841225
5552 0.842568
5553 0.841443
5554 0.83965
5555 0.837245
5556 0.837248
5557 0.838885
5558 0.840023
5559 0.8388
5560 0.838153
5561 0.836938
5562 0.837345
5563 0.834793
5564 0.833885
5565 0.83323
5566 0.836322
5567 0.83423
5568 0.832432
5569 0.830737
5570 0.831937
5571 0.83224
5572 0.831163
5573 0.83184
5574 0.830042
5575 0.83241
5576 0.833453
5577 0.831925
5578 0.82952
5579 0.828213
5580 0.828422
5581 0.82605
5582 0.827572
5583 0.827105
5584 0.827697
5585 0.827862
5586 0.82949
5587 0.835182
5588 0.84458
5589 0.848185
5590 0.856113
5591 0.858357
5592 0.86173
5593 0.863147
5594 0.863427
5595 0.874942
5596 0.875252
5597 0.874455
5598 0.874602
5599 0.874572
5600 0.87408
5601 0.874587
5602 0.87406
5603 0.87425
5604 0.874455
5605 0.874313
5606 0.873787
5607 0.873435
5608 0.873455
5609 0.873003
5610 0.87258
5611 0.87173
5612 0.870888
5613 0.87116
5614 0.870815
5615 0.870105
5616 0.86994
5617 0.869865
5618 0.869495
5619 0.86925
5620 0.871065
5621 0.871
5622 0.87105
5623 0.870518
5624 0.870832
5625 0.871202
5626 0.87147
5627 0.871295
5628 0.871023
5629 0.871215
5630 0.871655
5631 0.871792
5632 0.871225
5633 0.871285
5634 0.87141
5635 0.871515
5636 0.87205
5637 0.87194
5638 0.871817
5639 0.871748
5640 0.872085
5641 0.872567
5642 0.873018
5643 0.874212
5644 0.874362
5645 0.87358
5646 0.873155
5647 0.873018
5648 0.873018
5649 0.873858
5650 0.873675
5651 0.87388
5652 0.873298
5653 0.87274
5654 0.871908
5655 0.871735
5656 0.871417
5657 0.871115
5658 0.870642
5659 0.870758
5660 0.871062
5661 0.870967
5662 0.87109
5663 0.870875
5664 0.871067
5665 0.87108
5666 0.871375
5667 0.87145
5668 0.872018
5669 0.872507
5670 0.87109
5671 0.870965
5672 0.871127
5673 0.871757
5674 0.87215
5675 0.872067
5676 0.872302
5677 0.872525
5678 0.87252
5679 0.87288
5680 0.872798
5681 0.87316
5682 0.873315
5683 0.873027
5684 0.872385
5685 0.872302
5686 0.872045
5687 0.87207
5688 0.871762
5689 0.871635
5690 0.871815
5691 0.87218
5692 0.87222
5693 0.87257
5694 0.872657
5695 0.871463
5696 0.871915
5697 0.872092
5698 0.872575
5699 0.872987
5700 0.872695
5701 0.872165
5702 0.872032
5703 0.871745
5704 0.87124
5705 0.871128
5706 0.870627
5707 0.87082
5708 0.870997
5709 0.871202
5710 0.870947
5711 0.870122
5712 0.867842
5713 0.866415
5714 0.865945
5715 0.86478
5716 0.864497
5717 0.864245
5718 0.86417
5719 0.863938
5720 0.859923
5721 0.859808
5722 0.859773
5723 0.859338
5724 0.859337
5725 0.85936
5726 0.85953
5727 0.8594
5728 0.859417
5729 0.859422
5730 0.85953
5731 0.85926
5732 0.85887
5733 0.858858
5734 0.858688
5735 0.85864
5736 0.85866
5737 0.858683
