1 0.0753275
2 0.0729775
3 0.07459
4 0.0786275
5 0.0658325
6 0.0871525
7 0.0922075
8 0.0999575
9 0.105343
10 0.105085
11 0.106938
12 0.230128
13 0.10911
14 0.111235
15 0.111585
16 0.113003
17 0.114267
18 0.848148
19 0.114837
20 0.0731275
21 0.115975
22 0.11601
23 0.616422
24 0.157885
25 0.119947
26 0.33745
27 0.84802
28 0.1273
29 0.220642
30 0.130188
31 0.64268
32 0.670297
33 0.849445
34 0.115282
35 0.18764
36 0.1313
37 0.344917
38 0.462215
39 0.131233
40 0.150533
41 0.363017
42 0.217367
43 0.13295
44 0.133355
45 0.204575
46 0.555412
47 0.194045
48 0.135483
49 0.235552
50 0.533772
51 0.135947
52 0.894182
53 0.16387
54 0.13514
55 0.140385
56 0.134112
57 0.133685
58 0.13324
59 0.132755
60 0.132667
61 0.132617
62 0.132203
63 0.894355
64 0.132552
65 0.53824
66 0.133353
67 0.133785
68 0.245885
69 0.133972
70 0.134353
71 0.134882
72 0.135697
73 0.137293
74 0.238717
75 0.139462
76 0.140363
77 0.140698
78 0.141402
79 0.195582
80 0.144795
81 0.146292
82 0.14895
83 0.217388
84 0.214333
85 0.165673
86 0.54887
87 0.175987
88 0.107658
89 0.189722
90 0.239102
91 0.0524275
92 0.212498
93 0.202623
94 0.20292
95 0.203965
96 0.204852
97 0.205058
98 0.205902
99 0.206425
100 0.20732
101 0.390748
102 0.207618
103 0.208058
104 0.077715
105 0.20693
106 0.462228
107 0.253068
108 0.209872
109 0.212838
110 0.217383
111 0.23641
112 0.60921
113 0.228325
114 0.22956
115 0.234178
116 0.237995
117 0.239418
118 0.85056
119 0.240553
120 0.611455
121 0.238325
122 0.238165
123 0.23784
124 0.85008
125 0.346973
126 0.237665
127 0.238588
128 0.584438
129 0.529885
130 0.567782
131 0.243913
132 0.244455
133 0.248548
134 0.170948
135 0.25052
136 0.252242
137 0.253945
138 0.255362
139 0.25573
140 0.256383
141 0.256522
142 0.655598
143 0.292432
144 0.884255
145 0.293635
146 0.25105
147 0.250908
148 0.248567
149 0.247205
150 0.0001825
151 0.24493
152 0.43276
153 0.27974
154 0.848715
155 0.644988
156 0.7268
157 0.45968
158 0.236075
159 0.235247
160 0.23393
161 0.258095
162 0.232407
163 0.653065
164 0.24451
165 0.334047
166 0.229118
167 0.246672
168 0.22873
169 0.227837
170 0.229437
171 0.229085
172 0.228205
173 0.227135
174 0.226648
175 0.226603
176 0.551395
177 0.225518
178 0.678645
179 0.224843
180 0.68728
181 0.317365
182 0.224455
183 0.224367
184 0.22419
185 0.223413
186 0.618788
187 0.221642
188 0.886108
189 0.221293
190 0.22163
191 0.327242
192 0.580943
193 0.744365
194 0.221335
195 0.0986975
196 0.222043
197 0.422165
198 0.222312
199 0.222062
200 0.222255
201 0.222562
202 0.81699
203 0.222977
204 0.777852
205 0.650552
206 0.222993
207 0.394722
208 0.222405
209 0.222328
210 0.51078
211 0.222647
212 0.908783
213 0.22246
214 0.222037
215 0.222105
216 0.221892
217 0.22156
218 0.221637
219 0.252238
220 0.222048
221 0.221905
222 0.221413
223 0.221337
224 0.221078
225 0.220892
226 0.22095
227 0.22087
228 0.220942
229 0.226615
230 0.639768
231 0.73909
232 0.205597
233 0.22088
234 0.220925
235 0.221205
236 0.221303
237 0.22105
238 0.220837
239 0.220307
240 0.21966
241 0.219872
242 0.220895
243 0.220975
244 0.221535
245 0.221172
246 0.22104
247 0.22121
248 0.221015
249 0.22073
250 0.220403
251 0.220095
252 0.219775
253 0.219257
254 0.21904
255 0.32005
256 0.219045
257 0.35177
258 0.219105
259 0.659077
260 0.219282
261 0.219112
262 0.218713
263 0.219105
264 0.868055
265 0.267637
266 0.2187
267 0.250972
268 0.218335
269 0.218305
270 0.218587
271 0.262657
272 0.218287
273 0.219505
274 0.622753
275 0.196153
276 0.218353
277 0.217587
278 0.89103
279 0.511587
280 0.216625
281 0.216635
282 0.216892
283 0.21685
284 0.217583
285 0.2174
286 0.21764
287 0.216817
288 0.216397
289 0.264672
290 0.214995
291 0.654578
292 0.21439
293 0.214172
294 0.214285
295 0.21514
296 0.215358
297 0.215215
298 0.453593
299 0.847808
300 0.214803
301 0.262257
302 0.21487
303 0.214647
304 0.214842
305 0.21474
306 0.214698
307 0.214745
308 0.55812
309 0.2149
310 0.21567
311 0.215987
312 0.51107
313 0.885042
314 0.21772
315 0.21789
316 0.553333
317 0.217883
318 0.316515
319 0.534992
320 0.21933
321 0.219245
322 0.218895
323 0.218842
324 0.218828
325 0.219427
326 0.442865
327 0.21956
328 0.21962
329 0.219605
330 0.219433
331 0.317845
332 0.21901
333 0.218982
334 0.468797
335 0.353117
336 0.476637
337 0.2192
338 0.74527
339 0.219617
340 0.235105
341 0.357675
342 0.223463
343 0.25473
344 0.278763
345 0.228793
346 0.36431
347 0.232563
348 0.888857
349 0.23302
350 0.887305
351 0.23281
352 0.23263
353 0.367015
354 0.23218
355 0.231877
356 0.231565
357 0.2308
358 0.2316
359 0.231783
360 0.23155
361 0.56124
362 0.231527
363 0.231293
364 0.230935
365 0.73173
366 0.230577
367 0.23047
368 0.23
369 0.387908
370 0.229112
371 0.228742
372 0.30023
373 0.228428
374 0.439748
375 0.239443
376 0.227422
377 0.227368
378 0.227128
379 0.226687
380 0.226645
381 0.078255
382 0.33169
383 0.226307
384 0.225938
385 0.27942
386 0.22942
387 0.230445
388 0.593363
389 0.235393
390 0.0003025
391 0.237835
392 0.238932
393 0.238965
394 0.23954
395 0.242388
396 0.680215
397 0.243223
398 0.24384
399 0.244407
400 0.244938
401 0.245897
402 0.246075
403 0.247113
404 0.50626
405 0.12376
406 0.722217
407 0.250787
408 0.252933
409 0.565128
410 0.251912
411 0.25873
412 0.253735
413 0.259142
414 0.26874
415 0.273008
416 0.342402
417 0.27895
418 0.283505
419 0.28674
420 0.289565
421 0.299648
422 0.317005
423 0.395827
424 0.625127
425 0.3099
426 0.312113
427 0.31727
428 0.321657
429 0.323635
430 0.3297
431 0.334272
432 0.336523
433 0.342357
434 0.460628
435 0.35099
436 0.355372
437 0.359743
438 0.360555
439 0.363835
440 0.64853
441 0.492048
442 0.828688
443 0.37305
444 0.4078
445 0.383105
446 0.384757
447 0.385323
448 0.38685
449 0.38941
450 0.39033
451 0.393027
452 0.39507
453 0.39621
454 0.398695
455 0.707505
456 0.401025
457 0.40275
458 0.40492
459 0.405687
460 0.406488
461 0.408573
462 0.40879
463 0.410712
464 0.41164
465 0.594245
466 0.41189
467 0.412307
468 0.411708
469 0.41259
470 0.41786
471 0.418038
472 0.418177
473 0.394155
474 0.418285
475 0.418237
476 0.417455
477 0.32642
478 0.41677
479 0.4533
480 0.415917
481 0.415737
482 0.41654
483 0.346288
484 0.41634
485 0.416332
486 0.858028
487 0.41569
488 0.13605
489 0.415482
490 0.384223
491 0.41588
492 0.282425
493 0.416577
494 0.41647
495 0.321757
496 0.416255
497 0.156475
498 0.418155
499 0.426555
500 0.43283
501 0.440408
502 0.88691
503 0.452827
504 0.458367
505 0.386402
506 0.465925
507 0.459948
508 0.537678
509 0.474287
510 0.191502
511 0.475155
512 0.477938
513 0.479953
514 0.479013
515 0.530033
516 0.490862
517 0.182365
518 0.507308
519 0.82193
520 0.512795
521 0.517373
522 0.521467
523 0.432065
524 0.526425
525 0.528635
526 0.530687
527 0.531255
528 0.532675
529 0.85674
530 0.352985
531 0.532308
532 0.53283
533 0.55099
534 0.729855
535 0.0939775
536 0.53516
537 0.535125
538 0.534798
539 0.0524875
540 0.533977
541 0.533482
542 0.439877
543 0.640262
544 0.528388
545 0.532145
546 0.53189
547 0.165235
548 0.52992
549 0.528752
550 0.528083
551 0.236235
552 0.844565
553 0.110865
554 0.245455
555 0.13435
556 0.52361
557 0.340992
558 0.522608
559 0.522097
560 0.239907
561 0.520748
562 0.51921
563 0.518605
564 0.51769
565 0.610437
566 0.297332
567 0.67144
568 0.51658
569 0.904585
570 0.521145
571 0.521825
572 0.850255
573 0.529127
574 0.534055
575 0.53502
576 0.539467
577 0.671693
578 0.5461
579 0.55078
580 0.553153
581 0.558318
582 0.56337
583 0.566573
584 0.0499875
585 0.39519
586 0.579542
587 0.547403
588 0.589368
589 0.591642
590 0.59472
591 0.604572
592 0.60655
593 0.0199425
594 0.441275
595 0.63485
596 0.639593
597 0.647585
598 0.647212
599 0.651275
600 0.278913
601 0.660095
602 0.0672775
603 0.661602
604 0.663578
605 0.672455
606 0.678843
607 0.556782
608 0.686447
609 0.690418
610 0.692067
611 0.693928
612 0.696083
613 0.696592
614 0.696785
615 0.714292
616 0.697218
617 0.311745
618 0.707557
619 0.708043
620 0.708387
621 0.708385
622 0.548327
623 0.708395
624 0.70793
625 0.707222
626 0.72135
627 0.718255
628 0.709503
629 0.268045
630 0.713345
631 0.713738
632 0.7146
633 0.820248
634 0.7174
635 0.717657
636 0.60335
637 0.719275
638 0.720167
639 0.720357
640 0.720962
641 0.720847
642 0.72169
643 0.740947
644 0.68705
645 0.73961
646 0.74337
647 0.744433
648 0.745408
649 0.74629
650 0.746938
651 0.747325
652 0.744988
653 0.74852
654 0.748955
655 0.33782
656 0.749263
657 0.35228
658 0.749367
659 0.748962
660 0.749188
661 0.74986
662 0.71302
663 0.749975
664 0.749663
665 0.748827
666 0.748463
667 0.75924
668 0.748
669 0.747788
670 0.73725
671 0.747247
672 0.746533
673 0.7467
674 0.746452
675 0.745847
676 0.746263
677 0.739008
678 0.746398
679 0.747217
680 0.747323
681 0.746505
682 0.746653
683 0.772678
684 0.74571
685 0.74561
686 0.745263
687 0.745762
688 0.745537
689 0.478758
690 0.744633
691 0.744633
692 0.744393
693 0.750622
694 0.750202
695 0.749997
696 0.749668
697 0.7495
698 0.749117
699 0.89972
700 0.748692
701 0.748807
702 0.748918
703 0.7759
704 0.75126
705 0.751595
706 0.752417
707 0.83778
708 0.755458
709 0.757232
710 0.75822
711 0.758585
712 0.759493
713 0.755513
714 0.761798
715 0.765437
716 0.770315
717 0.77642
718 0.817603
719 0.81699
720 0.837843
721 0.813978
722 0.777852
723 0.818057
724 0.81838
725 0.818067
726 0.79826
727 0.818002
728 0.317557
729 0.819462
730 0.820125
731 0.820163
732 0.822843
733 0.824762
734 0.827368
735 0.83034
736 0.832318
737 0.832395
738 0.835873
739 0.83566
740 0.83767
741 0.838407
742 0.838535
743 0.8547
744 0.856225
745 0.855938
746 0.856468
747 0.827835
748 0.857973
749 0.86205
750 0.231747
751 0.862773
752 0.862587
753 0.86243
754 0.863175
755 0.863533
756 0.864968
757 0.863938
758 0.863818
759 0.77995
760 0.865155
761 0.847222
762 0.86935
763 0.221078
764 0.87069
765 0.87169
766 0.66385
767 0.873493
768 0.886095
769 0.88625
770 0.88641
771 0.88677
772 0.887007
773 0.846562
774 0.884848
775 0.88658
776 0.886252
777 0.881755
778 0.511402
779 0.73453
780 0.886055
781 0.885962
782 0.90986
783 0.88507
784 0.587758
785 0.885032
786 0.845978
787 0.879855
788 0.881498
789 0.88095
790 0.883655
791 0.883032
792 0.882132
793 0.878402
794 0.874807
795 0.87656
796 0.410278
797 0.876763
798 0.875973
799 0.875165
800 0.873193
801 0.871355
802 0.87124
803 0.870352
804 0.841313
805 0.869302
806 0.868223
807 0.868897
808 0.86873
809 0.8667
810 0.872235
811 0.874507
812 0.866663
813 0.880255
814 0.881452
815 0.882135
816 0.88329
817 0.883312
818 0.885425
819 0.884898
820 0.885135
821 0.885707
822 0.886005
823 0.886247
824 0.886877
825 0.886922
826 0.887053
827 0.887023
828 0.88707
829 0.887598
830 0.88817
831 0.88825
832 0.888965
833 0.887925
834 0.888415
835 0.888223
836 0.888365
837 0.88871
838 0.75103
839 0.888842
840 0.888975
841 0.88901
842 0.889118
843 0.889795
844 0.847843
845 0.88962
846 0.489403
847 0.891945
848 0.889215
849 0.889478
850 0.889498
851 0.05519
852 0.889593
853 0.88941
854 0.889255
855 0.88916
856 0.888915
857 0.88887
858 0.88896
859 0.888842
860 0.888898
861 0.888905
862 0.894057
863 0.88927
864 0.622945
865 0.88312
866 0.88931
867 0.88946
868 0.694165
869 0.888687
870 0.889092
871 0.88915
872 0.888985
873 0.889038
874 0.88913
875 0.889295
876 0.824315
877 0.88934
878 0.889795
879 0.889605
880 0.8898
881 0.889182
882 0.889375
883 0.889308
884 0.889402
885 0.88948
886 0.889572
887 0.88965
888 0.889745
889 0.889595
890 0.888055
891 0.889343
892 0.889258
893 0.889293
894 0.88939
895 0.889485
896 0.238022
897 0.889295
898 0.889347
899 0.889408
900 0.558307
901 0.865263
902 0.889628
903 0.88945
904 0.89146
905 0.889938
906 0.889875
907 0.889845
908 0.890235
909 0.890332
910 0.523053
911 0.806597
912 0.888837
913 0.890508
914 0.890572
915 0.890402
916 0.70227
917 0.890402
918 0.877127
919 0.890288
920 0.890338
921 0.890745
922 0.890798
923 0.89082
924 0.544855
925 0.89057
926 0.19898
927 0.890587
928 0.8884
929 0.888443
930 0.888105
931 0.58031
932 0.727317
933 0.88902
934 0.889147
935 0.448983
936 0.860873
937 0.504493
938 0.893253
939 0.889487
940 0.889203
941 0.888985
942 0.885663
943 0.873115
944 0.528312
945 0.228793
946 0.888798
947 0.888862
948 0.888777
949 0.507068
950 0.888737
951 0.888857
952 0.888842
953 0.889985
954 0.890018
955 0.889962
956 0.890077
957 0.163678
958 0.89004
959 0.87739
960 0.889885
961 0.88986
962 0.872358
963 0.41588
964 0.88973
965 0.385383
966 0.889593
967 0.88972
968 0.15724
969 0.889502
970 0.761073
971 0.889332
972 0.140327
973 0.889275
974 0.888922
975 0.888487
976 0.888215
977 0.887857
978 0.692745
979 0.83643
980 0.02132
981 0.886578
982 0.8862
983 0.22028
984 0.859807
985 0.88691
986 0.88668
987 0.886962
988 0.887435
989 0.468165
990 0.287768
991 0.82791
992 0.888275
993 0.88861
994 0.489965
995 0.888413
996 0.888515
997 0.888637
998 0.851727
999 0.889232
1000 0.154875
1001 0.887297
1002 0.889692
1003 0.85559
1004 0.889752
1005 0.889848
1006 0.88951
1007 0.880495
1008 0.88991
1009 0.890095
1010 0.870565
1011 0.886528
1012 0.88644
1013 0.886165
1014 0.886485
1015 0.844465
1016 0.658005
1017 0.895323
1018 0.886833
1019 0.402363
1020 0.260062
1021 0.898687
1022 0.703392
1023 0.88666
1024 0.886463
1025 0.886345
1026 0.88655
1027 0.85838
1028 0.886552
1029 0.886783
1030 0.886813
1031 0.886857
1032 0.886857
1033 0.850923
1034 0.871857
1035 0.718132
1036 0.8876
1037 0.84917
1038 0.887245
1039 0.875598
1040 0.87685
1041 0.887315
1042 0.887305
1043 0.88732
1044 0.887517
1045 0.88729
1046 0.0382825
1047 0.886985
1048 0.88689
1049 0.180102
1050 0.887217
1051 0.887288
1052 0.88733
1053 0.887537
1054 0.02829
1055 0.529885
1056 0.887378
1057 0.887552
1058 0.78709
1059 0.888058
1060 0.886935
1061 0.897713
1062 0.446393
1063 0.886572
1064 0.886625
1065 0.886515
1066 0.886757
1067 0.886728
1068 0.886845
1069 0.859715
1070 0.886695
1071 0.869012
1072 0.886545
1073 0.88646
1074 0.88672
1075 0.847747
1076 0.8867
1077 0.886872
1078 0.295548
1079 0.886842
1080 0.0002275
1081 0.850407
1082 0.012845
1083 0.886898
1084 0.491625
1085 0.876533
1086 0.373748
1087 0.82035
1088 0.885328
1089 0.885615
1090 0.88565
1091 0.39285
1092 0.88536
1093 0.756027
1094 0.55303
1095 0.885432
1096 0.885498
1097 0.885358
1098 0.68657
1099 0.885792
1100 0.885458
1101 0.885595
1102 0.83178
1103 0.885565
1104 0.885652
1105 0.88556
1106 0.725818
1107 0.885792
1108 0.884698
1109 0.886045
1110 0.744988
1111 0.89301
1112 0.885223
1113 0.850622
1114 0.885123
1115 0.669107
1116 0.885335
1117 0.638548
1118 0.885792
1119 0.74734
1120 0.886508
1121 0.882505
1122 0.38215
1123 0.886725
1124 0.886275
1125 0.886108
1126 0.885552
1127 0.885402
1128 0.88557
1129 0.885352
1130 0.902308
1131 0.30709
1132 0.88572
1133 0.736457
1134 0.885822
1135 0.886777
1136 0.222062
1137 0.655157
1138 0.0173275
1139 0.887025
1140 0.84084
1141 0.8871
1142 0.886775
1143 0.886602
1144 0.876245
1145 0.886947
1146 0.45382
1147 0.887068
1148 0.887585
1149 0.520543
1150 0.864862
1151 0.888443
1152 0.791732
1153 0.892585
1154 0.888922
1155 0.706357
1156 0.888285
1157 0.852505
1158 0.888215
1159 0.911805
1160 0.88661
1161 0.886045
1162 0.886058
1163 0.885493
1164 0.84438
1165 0.886215
1166 0.880755
1167 0.88235
1168 0.853113
1169 0.886888
1170 0.88713
1171 0.887445
1172 0.886942
1173 0.887155
1174 0.887278
1175 0.887167
1176 0.894877
1177 0.003765
1178 0.88875
1179 0.0382375
1180 0.887622
1181 0.887737
1182 0.448192
1183 0.887912
1184 0.452997
1185 0.888968
1186 0.88613
1187 0.515613
1188 0.663925
1189 0.88615
1190 0.00863
1191 0.88609
1192 0.88858
1193 0.899578
1194 0.487115
1195 0.45698
1196 0.886795
1197 0.886815
1198 0.88728
1199 0.887273
1200 0.887385
1201 0.887382
1202 0.887493
1203 0.694558
1204 0.887413
1205 0.295465
1206 0.717603
1207 0.88736
1208 0.88735
1209 0.887478
1210 0.89042
1211 0.888657
1212 0.887775
1213 0.888605
1214 0.888445
1215 0.888188
1216 0.888293
1217 0.888275
1218 0.888197
1219 0.88811
1220 0.52567
1221 0.888203
1222 0.88835
1223 0.27469
1224 0.835512
1225 0.888665
1226 0.888735
1227 0.888672
1228 0.890572
1229 0.888945
1230 0.769672
1231 0.899428
1232 0.84273
1233 0.888097
1234 0.887942
1235 0.888167
1236 0.88669
1237 0.887508
1238 0.887162
1239 0.887097
1240 0.887208
1241 0.858258
1242 0.894378
1243 0.887757
1244 0.887707
1245 0.886478
1246 0.888273
1247 0.0819575
1248 0.88813
1249 0.493615
1250 0.887735
1251 0.887938
1252 0.887305
1253 0.861282
1254 0.886552
1255 0.887058
1256 0.88599
1257 0.887135
1258 0.865855
1259 0.849135
1260 0.857073
1261 0.885092
1262 0.885437
1263 0.885957
1264 0.88626
1265 0.886173
1266 0.886267
1267 0.70366
1268 0.885813
1269 0.23155
1270 0.898495
1271 0.886522
1272 0.902945
1273 0.886535
1274 0.886757
1275 0.855495
1276 0.853378
1277 0.887452
1278 0.55579
1279 0.886648
1280 0.887763
1281 0.887578
1282 0.88803
1283 0.886657
1284 0.88779
1285 0.88729
1286 0.886578
1287 0.886918
1288 0.855333
1289 0.88685
1290 0.600943
1291 0.886953
1292 0.88674
1293 0.88683
1294 0.887177
1295 0.886957
1296 0.887042
1297 0.88707
1298 0.887452
1299 0.399933
1300 0.88806
1301 0.88825
1302 0.242388
1303 0.88819
1304 0.873945
1305 0.888095
1306 0.893245
1307 0.888595
1308 0.88867
1309 0.888532
1310 0.87352
1311 0.887622
1312 0.846917
1313 0.887602
1314 0.887275
1315 0.887305
1316 0.28104
1317 0.88793
1318 0.000285
1319 0.88821
1320 0.888423
1321 0.888595
1322 0.846365
1323 0.131525
1324 0.888718
1325 0.888855
1326 0.8887
1327 0.28674
1328 0.888657
1329 0.888695
1330 0.888835
1331 0.888792
1332 0.88862
1333 0.88846
1334 0.888543
1335 0.887927
1336 0.888235
1337 0.887795
1338 0.887898
1339 0.888145
1340 0.8881
1341 0.88801
1342 0.88803
1343 0.887718
1344 0.84729
1345 0.733865
1346 0.887833
1347 0.887535
1348 0.887655
1349 0.38388
1350 0.720915
1351 0.88752
1352 0.850877
1353 0.88701
1354 0.88706
1355 0.791218
1356 0.88713
1357 0.887007
1358 0.886837
1359 0.88709
1360 0.383105
1361 0.8865
1362 0.109332
1363 0.809435
1364 0.886472
1365 0.752458
1366 0.886785
1367 0.88008
1368 0.886807
1369 0.886935
1370 0.707505
1371 0.88841
1372 0.74358
1373 0.888445
1374 0.88848
1375 0.888602
1376 0.888315
1377 0.888625
1378 0.888385
1379 0.88855
1380 0.888877
1381 0.685763
1382 0.888935
1383 0.888628
1384 0.888955
1385 0.889698
1386 0.889347
1387 0.889445
1388 0.872225
1389 0.885472
1390 0.541268
1391 0.000265
1392 0.745448
1393 0.889783
1394 0.88993
1395 0.890408
1396 0.805245
1397 0.890615
1398 0.405335
1399 0.891015
1400 0.890927
1401 0.89117
1402 0.492107
1403 0.891475
1404 0.891545
1405 0.89165
1406 0.891652
1407 0.823615
1408 0.48922
1409 0.857733
1410 0.167415
1411 0.891543
1412 0.890985
1413 0.890695
1414 0.86122
1415 0.89083
1416 0.891
1417 0.89088
1418 0.890748
1419 0.89075
1420 0.890585
1421 0.891465
1422 0.891365
1423 0.891317
1424 0.890718
1425 0.890445
1426 0.89037
1427 0.890455
1428 0.742313
1429 0.890475
1430 0.890077
1431 0.889583
1432 0.88935
1433 0.889768
1434 0.889583
1435 0.891253
1436 0.891338
1437 0.89041
1438 0.512702
1439 0.654977
1440 0.870465
1441 0.870927
1442 0.87102
1443 0.870205
1444 0.87052
1445 0.870475
1446 0.870322
1447 0.510798
1448 0.870143
1449 0.824357
1450 0.869942
1451 0.86919
1452 0.575228
1453 0.238185
1454 0.869325
1455 0.869008
1456 0.869313
1457 0.869082
1458 0.87177
1459 0.872953
1460 0.873645
1461 0.822595
1462 0.879215
1463 0.87764
1464 0.82707
1465 0.87643
1466 0.877202
1467 0.551887
1468 0.596193
1469 0.878267
1470 0.879205
1471 0.877962
1472 0.579228
1473 0.877613
1474 0.859553
1475 0.877487
1476 0.877208
1477 0.876197
1478 0.87543
1479 0.874735
1480 0.874273
1481 0.873605
1482 0.87374
1483 0.873657
1484 0.878158
1485 0.87417
1486 0.875358
1487 0.87578
1488 0.875703
1489 0.87697
1490 0.748208
1491 0.871627
1492 0.876402
1493 0.876378
1494 0.877483
1495 0.877927
1496 0.878533
1497 0.878197
1498 0.87996
1499 0.834743
1500 0.880375
1501 0.881397
1502 0.79847
1503 0.712268
1504 0.881812
1505 0.702263
1506 0.881722
1507 0.88517
1508 0.885997
1509 0.88953
1510 0.890323
1511 0.85201
1512 0.68302
1513 0.774158
1514 0.269323
1515 0.89005
1516 0.887777
1517 0.727052
1518 0.890108
1519 0.891057
1520 0.765378
1521 0.888713
1522 0.88911
1523 0.888715
1524 0.88849
1525 0.889465
1526 0.890168
1527 0.88996
1528 0.203643
1529 0.846187
1530 0.831928
1531 0.878305
1532 0.877935
1533 0.878753
1534 0.87169
1535 0.868825
1536 0.866783
1537 0.865918
1538 0.866088
1539 0.8658
1540 0.864225
1541 0.862015
1542 0.74551
1543 0.86201
1544 0.858642
1545 0.854545
1546 0.854385
1547 0.850163
1548 0.52612
1549 0.171033
1550 0.825375
1551 0.820325
1552 0.618762
1553 0.813625
1554 0.794212
1555 0.807105
1556 0.805957
1557 0.835605
1558 0.80364
1559 0.795255
1560 0.6263
1561 0.547395
1562 0.735545
1563 0.793985
1564 0.79366
1565 0.107253
1566 0.582603
1567 0.806022
1568 0.809858
1569 0.811407
1570 0.799995
1571 0.821137
1572 0.824688
1573 0.832337
1574 0.352623
1575 0.840808
1576 0.785355
1577 0.795098
1578 0.300588
1579 0.853235
1580 0.8553
1581 0.31849
1582 0.860173
1583 0.75467
1584 0.858398
1585 0.85986
1586 0.59754
1587 0.629755
1588 0.856123
1589 0.854235
1590 0.853457
1591 0.848305
1592 0.328987
1593 0.3003
1594 0.838738
1595 0.838043
1596 0.836492
1597 0.804575
1598 0.322337
1599 0.832098
1600 0.871278
1601 0.83534
1602 0.813427
1603 0.83278
1604 0.838183
1605 0.845137
1606 0.734065
1607 0.816423
1608 0.834172
1609 0.839135
1610 0.845962
1611 0.84809
1612 0.846865
1613 0.843278
1614 0.534083
1615 0.521785
1616 0.864165
1617 0.856483
1618 0.826963
1619 0.823383
1620 0.824145
1621 0.80575
1622 0.820998
1623 0.822242
1624 0.82282
1625 0.82818
1626 0.830873
1627 0.83454
1628 0.861178
1629 0.746448
1630 0.842708
1631 0.846718
1632 0.813113
1633 0.85327
1634 0.848905
1635 0.85041
1636 0.85081
1637 0.85263
1638 0.853193
1639 0.857275
1640 0.85378
1641 0.85408
1642 0.85112
1643 0.851383
1644 0.853147
1645 0.855707
1646 0.507892
1647 0.864722
1648 0.0752725
1649 0.857325
1650 0.829375
1651 0.862795
1652 0.834697
1653 0.862945
1654 0.531613
1655 0.873425
1656 0.874555
1657 0.875343
1658 0.874445
1659 0.850943
1660 0.87238
1661 0.870395
1662 0.869847
1663 0.861977
1664 0.85518
1665 0.8554
1666 0.559368
1667 0.6115
1668 0.842633
1669 0.88334
1670 0.69592
1671 0.827015
1672 0.820632
1673 0.819662
1674 0.863895
1675 0.818758
1676 0.814885
1677 0.81772
1678 0.0831625
1679 0.80901
1680 0.80767
1681 0.85559
1682 0.801222
1683 0.800473
1684 0.781763
1685 0.850815
1686 0.783
1687 0.786652
1688 0.792342
1689 0.793142
1690 0.81098
1691 0.811052
1692 0.462915
1693 0.816655
1694 0.82374
1695 0.826852
1696 0.790183
1697 0.832078
1698 0.826093
1699 0.836245
1700 0.430198
1701 0.73767
1702 0.851733
1703 0.470272
1704 0.84658
1705 0.730805
1706 0.658523
1707 0.846243
1708 0.845102
1709 0.681822
1710 0.852812
1711 0.83136
1712 0.784253
1713 0.641637
1714 0.832313
1715 0.874023
1716 0.819943
1717 0.814492
1718 0.819965
1719 0.818503
1720 0.815967
1721 0.816222
1722 0.816693
1723 0.574283
1724 0.81349
1725 0.81416
1726 0.811732
1727 0.809832
1728 0.817353
1729 0.527343
1730 0.740897
1731 0.71634
1732 0.655175
1733 0.645848
1734 0.76979
1735 0.609052
1736 0.600243
1737 0.596988
1738 0.657462
1739 0.56494
1740 0.820105
1741 0.545545
1742 0.756683
1743 0.520125
1744 0.619355
1745 0.513082
1746 0.492243
1747 0.48754
1748 0.746907
1749 0.486368
1750 0.48792
1751 0.48639
1752 0.486507
1753 0.488907
1754 0.493862
1755 0.49164
1756 0.594468
1757 0.521458
1758 0.499472
1759 0.50029
1760 0.5011
1761 0.50201
1762 0.500247
1763 0.499708
1764 0.500212
1765 0.59626
1766 0.633835
1767 0.520345
1768 0.522212
1769 0.522068
1770 0.529487
1771 0.527585
1772 0.521717
1773 0.486208
1774 0.514992
1775 0.50381
1776 0.498335
1777 0.487185
1778 0.474095
1779 0.46774
1780 0.456935
1781 0.440773
1782 0.43408
1783 0.410218
1784 0.408305
1785 0.410977
1786 0.40496
1787 0.40529
1788 0.45565
1789 0.407627
1790 0.63974
1791 0.410865
1792 0.457225
1793 0.40291
1794 0.71977
1795 0.401987
1796 0.439893
1797 0.411513
1798 0.669358
1799 0.417935
1800 0.41626
1801 0.42089
1802 0.423795
1803 0.425853
1804 0.42939
1805 0.426737
1806 0.429262
1807 0.424982
1808 0.372725
1809 0.417035
1810 0.822958
1811 0.411205
1812 0.48473
1813 0.403987
1814 0.398763
1815 0.397483
1816 0.398772
1817 0.799743
1818 0.39156
1819 0.40556
1820 0.363985
1821 0.41339
1822 0.412345
1823 0.410075
1824 0.408243
1825 0.403933
1826 0.4007
1827 0.402102
1828 0.395442
1829 0.39105
1830 0.388618
1831 0.382698
1832 0.37814
1833 0.184253
1834 0.367358
1835 0.364053
1836 0.362328
1837 0.356158
1838 0.351392
1839 0.350555
1840 0.339382
1841 0.329845
1842 0.325408
1843 0.446325
1844 0.312843
1845 0.30982
1846 0.304405
1847 0.296455
1848 0.292552
1849 0.284463
1850 0.274483
1851 0.270245
1852 0.265417
1853 0.370397
1854 0.265925
1855 0.865583
1856 0.270522
1857 0.269232
1858 0.266313
1859 0.252595
1860 0.245285
1861 0.227242
1862 0.208737
1863 0.200917
1864 0.183365
1865 0.166687
1866 0.167043
1867 0.221275
1868 0.207638
1869 0.216452
1870 0.233788
1871 0.24056
1872 0.866548
1873 0.370762
1874 0.241055
1875 0.241845
1876 0.737003
1877 0.259335
1878 0.26399
1879 0.276788
1880 0.289705
1881 0.293922
1882 0.30548
1883 0.311395
1884 0.314138
1885 0.314217
1886 0.316642
1887 0.274068
1888 0.73447
1889 0.868895
1890 0.322655
1891 0.207805
1892 0.325707
1893 0.3256
1894 0.874977
1895 0.322335
1896 0.326238
1897 0.334792
1898 0.345395
1899 0.349442
1900 0.367368
1901 0.286492
1902 0.39613
1903 0.405835
1904 0.420847
1905 0.422872
1906 0.281222
1907 0.438075
1908 0.433855
1909 0.42223
1910 0.87614
1911 0.421005
1912 0.41852
1913 0.416332
1914 0.413185
1915 0.41234
1916 0.305723
1917 0.4351
1918 0.427198
1919 0.423378
1920 0.418148
1921 0.416085
1922 0.412488
1923 0.386157
1924 0.381205
1925 0.377223
1926 0.36961
1927 0.360872
1928 0.353875
1929 0.350757
1930 0.342585
1931 0.314623
1932 0.3109
1933 0.302978
1934 0.309825
1935 0.292152
1936 0.290495
1937 0.840793
1938 0.514293
1939 0.285347
1940 0.23086
1941 0.278002
1942 0.272615
1943 0.26503
1944 0.26222
1945 0.24925
1946 0.24056
1947 0.235948
1948 0.224942
1949 0.216558
1950 0.208833
1951 0.19453
1952 0.1875
1953 0.183542
1954 0.686335
1955 0.156598
1956 0.84809
1957 0.15028
1958 0.140327
1959 0.128018
1960 0.166687
1961 0.115873
1962 0.113095
1963 0.10001
1964 0.09098
1965 0.747243
1966 0.0729125
1967 0.063595
1968 0.05901
1969 0.13466
1970 0.033575
1971 0.0297675
1972 0.022845
1973 0.01816
1974 0.016235
1975 0.0119
1976 0.0088075
1977 0.0081675
1978 0.0737075
1979 0.778367
1980 0.0075925
1981 0.0072575
1982 0.00697
1983 0.006635
1984 0.0057125
1985 0.0077675
1986 0.0052125
1987 0.889475
1988 0.0045525
1989 0.00463
1990 0.415127
1991 0.004605
1992 0.00453
1993 0.0048025
1994 0.0043875
1995 0.0042425
1996 0.00403
1997 0.0040825
1998 0.0220925
1999 0.008045
2000 0.0176025
2001 0.139948
2002 0.0367225
2003 0.798022
2004 0.0583575
2005 0.0744925
2006 0.750765
2007 0.100032
2008 0.118205
2009 0.89603
2010 0.142712
2011 0.162357
2012 0.180455
2013 0.194045
2014 0.0051725
2015 0.236423
2016 0.254792
2017 0.129403
2018 0.29006
2019 0.296457
2020 0.308067
2021 0.316912
2022 0.651935
2023 0.344722
2024 0.36032
2025 0.36913
2026 0.383493
2027 0.235753
2028 0.00836
2029 0.405722
2030 0.405155
2031 0.407867
2032 0.40044
2033 0.390732
2034 0.392232
2035 0.386273
2036 0.35571
2037 0.353285
2038 0.506988
2039 0.313105
2040 0.314113
2041 0.365215
2042 0.85674
2043 0.279122
2044 0.269
2045 0.260062
2046 0.329118
2047 0.504145
2048 0.897443
2049 0.236363
2050 0.231765
2051 0.21903
2052 0.217388
2053 0.207797
2054 0.197515
2055 0.1937
2056 0.17982
2057 0.88655
2058 0.168865
2059 0.175498
2060 0.29512
2061 0.131665
2062 0.12308
2063 0.110823
2064 0.202572
2065 0.0030125
2066 0.087335
2067 0.844952
2068 0.080975
2069 0.202623
2070 0.07417
2071 0.0649725
2072 0.109355
2073 0.057855
2074 0.050915
2075 0.04247
2076 0.0394125
2077 0.073905
2078 0.026475
2079 0.02401
2080 0.522097
2081 0.239907
2082 0.127917
2083 0.845965
2084 0.01471
2085 0.0450475
2086 0.0137575
2087 0.01348
2088 0.01335
2089 0.013075
2090 0.01288
2091 0.30838
2092 0.012825
2093 0.06083
2094 0.814157
2095 0.01376
2096 0.013695
2097 0.0135975
2098 0.0149275
2099 0.0176575
2100 0.0196375
2101 0.0689425
2102 0.857718
2103 0.0910525
2104 0.0382825
2105 0.0503925
2106 0.0499875
2107 0.057935
2108 0.334678
2109 0.074975
2110 0.124755
2111 0.118362
2112 0.0760775
2113 0.11695
2114 0.146207
2115 0.1383
2116 0.160688
2117 0.171437
2118 0.180005
2119 0.131667
2120 0.215262
2121 0.232255
2122 0.257745
2123 0.278913
2124 0.28641
2125 0.324485
2126 0.362575
2127 0.398875
2128 0.404465
2129 0.105825
2130 0.447418
2131 0.466425
2132 0.477048
2133 0.48066
2134 0.24355
2135 0.512077
2136 0.51287
2137 0.58847
2138 0.512443
2139 0.51254
2140 0.511305
2141 0.503992
2142 0.501115
2143 0.67234
2144 0.490683
2145 0.487515
2146 0.547113
2147 0.557705
2148 0.47014
2149 0.464068
2150 0.88565
2151 0.385245
2152 0.338958
2153 0.33806
2154 0.342095
2155 0.323437
2156 0.326497
2157 0.32725
2158 0.565198
2159 0.31682
2160 0.31524
2161 0.35217
2162 0.311652
2163 0.309928
2164 0.304588
2165 0.298648
2166 0.297478
2167 0.28903
2168 0.445775
2169 0.332817
2170 0.270427
2171 0.268238
2172 0.267578
2173 0.256808
2174 0.23452
2175 0.228508
2176 0.755482
2177 0.20749
2178 0.248597
2179 0.181338
2180 0.167607
2181 0.163265
2182 0.132335
2183 0.368752
2184 0.123635
2185 0.11355
2186 0.10562
2187 0.221293
2188 0.08725
2189 0.860415
2190 0.074635
2191 0.478758
2192 0.910377
2193 0.0538175
2194 0.847668
2195 0.0404575
2196 0.0385125
2197 0.304812
2198 0.0267725
2199 0.016695
2200 0.0210075
2201 0.822565
2202 0.04786
2203 0.127395
2204 0.026725
2205 0.0138
2206 0.041465
2207 0.0106225
2208 0.009615
2209 0.0313875
2210 0.0054875
2211 0.308783
2212 0.002825
2213 0.00218
2214 0.0019475
2215 0.0023475
2216 0.04715
2217 0.0020975
2218 0.4381
2219 0.00211
2220 0.38984
2221 0.0028825
2222 0.88885
2223 0.00305
2224 0.0239475
2225 0.0027225
2226 0.0028225
2227 0.003415
2228 0.0984125
2229 0.89628
2230 0.0032575
2231 0.881755
2232 0.0031125
2233 0.01332
2234 0.0037925
2235 0.003665
2236 0.633985
2237 0.0035675
2238 0.743493
2239 0.0040075
2240 0.022475
2241 0.00384
2242 0.00281
2243 0.0034175
2244 0.003765
2245 0.00414
2246 0.0040375
2247 0.00417
2248 0.309403
2249 0.004745
2250 0.2392
2251 0.0055925
2252 0.0060125
2253 0.24903
2254 0.0017075
2255 0.005755
2256 0.0064825
2257 0.0541675
2258 0.253258
2259 0.152635
2260 0.0071925
2261 0.625857
2262 0.042095
2263 0.00863
2264 0.0102475
2265 0.013355
2266 0.018955
2267 0.02692
2268 0.03051
2269 0.74547
2270 0.048405
2271 0.053075
2272 0.16423
2273 0.214105
2274 0.074
2275 0.0790625
2276 0.0826325
2277 0.066775
2278 0.0883075
2279 0.0861275
2280 0.0936975
2281 0.0976925
2282 0.31953
2283 0.888188
2284 0.103335
2285 0.869202
2286 0.17676
2287 0.632
2288 0.106232
2289 0.106317
2290 0.624472
2291 0.156232
2292 0.103233
2293 0.102722
2294 0.100947
2295 0.127667
2296 0.10136
2297 0.105067
2298 0.107027
2299 0.11153
2300 0.111323
2301 0.11083
2302 0.112367
2303 0.113138
2304 0.112245
2305 0.11139
2306 0.111047
2307 0.1106
2308 0.10823
2309 0.108238
2310 0.245888
2311 0.104858
2312 0.138065
2313 0.13721
2314 0.344892
2315 0.0885225
2316 0.30657
2317 0.108067
2318 0.07776
2319 0.687155
2320 0.250395
2321 0.070545
2322 0.069355
2323 0.06504
2324 0.0618225
2325 0.06093
2326 0.223835
2327 0.057865
2328 0.089
2329 0.1697
2330 0.839172
2331 0.0498225
2332 0.046055
2333 0.0411775
2334 0.41384
2335 0.03677
2336 0.849385
2337 0.0317975
2338 0.234522
2339 0.0289825
2340 0.027785
2341 0.0262
2342 0.877228
2343 0.023885
2344 0.02229
2345 0.0198575
2346 0.01784
2347 0.878575
2348 0.097455
2349 0.0195475
2350 0.0206975
2351 0.0206725
2352 0.21703
2353 0.0600025
2354 0.0185475
2355 0.0184925
2356 0.343035
2357 0.016965
2358 0.220243
2359 0.016125
2360 0.015955
2361 0.0160325
2362 0.0165175
2363 0.01639
2364 0.0161575
2365 0.016655
2366 0.06329
2367 0.0354075
2368 0.0170325
2369 0.0168825
2370 0.0802575
2371 0.0177125
2372 0.017515
2373 0.017135
2374 0.080025
2375 0.48479
2376 0.0158475
2377 0.0287725
2378 0.0149925
2379 0.01484
2380 0.013905
2381 0.018075
2382 0.02319
2383 0.0359575
2384 0.051265
2385 0.128408
2386 0.53087
2387 0.0781775
2388 0.079035
2389 0.080585
2390 0.08454
2391 0.08531
2392 0.085345
2393 0.0902375
2394 0.0892075
2395 0.232135
2396 0.0887425
2397 0.09006
2398 0.7661
2399 0.0890675
2400 0.159642
2401 0.0885825
2402 0.08809
2403 0.81251
2404 0.706287
2405 0.088285
2406 0.172395
2407 0.08704
2408 0.845928
2409 0.08289
2410 0.0825375
2411 0.0845525
2412 0.0807075
2413 0.0737075
2414 0.0735775
2415 0.0609725
2416 0.408963
2417 0.057015
2418 0.489965
2419 0.733067
2420 0.411115
2421 0.304145
2422 0.0326625
2423 0.0269275
2424 0.086415
2425 0.02018
2426 0.0155525
2427 0.0105775
2428 0.00836
2429 0.0155
2430 0.866688
2431 0.386273
2432 0.011685
2433 0.133785
2434 0.530687
2435 0.066265
2436 0.0451925
2437 0.047525
2438 0.029305
2439 0.898687
2440 0.0524875
2441 0.88673
2442 0.0556075
2443 0.05594
2444 0.0567775
2445 0.05633
2446 0.056475
2447 0.0577225
2448 0.0583125
2449 0.429372
2450 0.120125
2451 0.0565275
2452 0.528083
2453 0.0565675
2454 0.056705
2455 0.0557625
2456 0.0551675
2457 0.05565
2458 0.0566325
2459 0.84945
2460 0.0568525
2461 0.0566025
2462 0.05306
2463 0.04827
2464 0.0452625
2465 0.04076
2466 0.034825
2467 0.032345
2468 0.245253
2469 0.024965
2470 0.023155
2471 0.02019
2472 0.002135
2473 0.09692
2474 0.261892
2475 0.880718
2476 0.212322
2477 0.04005
2478 0.0163825
2479 0.132705
2480 0.0156875
2481 0.434705
2482 0.01733
2483 0.0178425
2484 0.0180175
2485 0.0185075
2486 0.105843
2487 0.483293
2488 0.01901
2489 0.019435
2490 0.00178
2491 0.178995
2492 0.019925
2493 0.019755
2494 0.29255
2495 0.0199425
2496 0.02008
2497 0.40869
2498 0.02033
2499 0.020375
2500 0.873393
2501 0.0199475
2502 0.02025
2503 0.0205125
2504 0.02056
2505 0.020525
2506 0.02023
2507 0.0263875
2508 0.03507
2509 0.304862
2510 0.850017
2511 0.05841
2512 0.0628225
2513 0.503992
2514 0.0538075
2515 0.0756225
2516 0.0759925
2517 0.0758325
2518 0.21386
2519 0.079745
2520 0.402467
2521 0.0809525
2522 0.08397
2523 0.085095
2524 0.419857
2525 0.0868775
2526 0.0887425
2527 0.10515
2528 0.09186
2529 0.0921375
2530 0.848278
2531 0.0915775
2532 0.229437
2533 0.0913175
2534 0.849958
2535 0.130285
2536 0.0914275
2537 0.09233
2538 0.0926775
2539 0.628042
2540 0.0908725
2541 0.0893825
2542 0.13318
2543 0.0864125
2544 0.28369
2545 0.0867325
2546 0.0837425
2547 0.0845775
2548 0.760023
2549 0.078205
2550 0.0731875
2551 0.07193
2552 0.809752
2553 0.483715
2554 0.41009
2555 0.0577725
2556 0.050785
2557 0.56329
2558 0.0418575
2559 0.03608
2560 0.0337325
2561 0.46687
2562 0.023405
2563 0.024305
2564 0.0359225
2565 0.0120625
2566 0.0097125
2567 0.006265
2568 0.81838
2569 0.003485
2570 0.00237
2571 0.001645
2572 0.031925
2573 0.115075
2574 0.0842425
2575 0.00169
2576 0.03264
2577 0.0016625
2578 0.00171
2579 0.0016775
2580 0.0016175
2581 0.162383
2582 0.0015625
2583 0.22095
2584 0.001525
2585 0.00211
2586 0.002035
2587 0.205597
2588 0.00188
2589 0.0348525
2590 0.003095
2591 0.0018525
2592 0.0018725
2593 0.0018225
2594 0.00185
2595 0.0018225
2596 0.0017725
2597 0.0017875
2598 0.00172
2599 0.0017
2600 0.00169
2601 0.00173
2602 0.219775
2603 0.0017375
2604 0.00176
2605 0.0017775
2606 0.0018675
2607 0.0019075
2608 0.0019125
2609 0.0019025
2610 0.0019875
2611 0.0018975
2612 0.185647
2613 0.0017025
2614 0.0336875
2615 0.00177
2616 0.85138
2617 0.00176
2618 0.0016325
2619 0.158185
2620 0.001715
2621 0.0165225
2622 0.84803
2623 0.002695
2624 0.00177
2625 0.0192275
2626 0.82858
2627 0.0330975
2628 0.711732
2629 0.043735
2630 0.046765
2631 0.10289
2632 0.04961
2633 0.052165
2634 0.223417
2635 0.053675
2636 0.0594875
2637 0.288322
2638 0.607892
2639 0.0858075
2640 0.215358
2641 0.618738
2642 0.117055
2643 0.13141
2644 0.138027
2645 0.154353
2646 0.348637
2647 0.16914
2648 0.259802
2649 0.888293
2650 0.194983
2651 0.208295
2652 0.217883
2653 0.211295
2654 0.425673
2655 0.22483
2656 0.290895
2657 0.2184
2658 0.100947
2659 0.218647
2660 0.221578
2661 0.890235
2662 0.218755
2663 0.251025
2664 0.469495
2665 0.59509
2666 0.199285
2667 0.190155
2668 0.171918
2669 0.75194
2670 0.199027
2671 0.239927
2672 0.196865
2673 0.203168
2674 0.606237
2675 0.207355
2676 0.775885
2677 0.199428
2678 0.20001
2679 0.193162
2680 0.318153
2681 0.176833
2682 0.171765
2683 0.16905
2684 0.163445
2685 0.59635
2686 0.153792
2687 0.269515
2688 0.145785
2689 0.146097
2690 0.13914
2691 0.134297
2692 0.13228
2693 0.099865
2694 0.121948
2695 0.11874
2696 0.122042
2697 0.106377
2698 0.84958
2699 0.492727
2700 0.366885
2701 0.0906925
2702 0.084985
2703 0.710335
2704 0.637528
2705 0.07195
2706 0.06793
2707 0.0662425
2708 0.06385
2709 0.06394
2710 0.06458
2711 0.0652675
2712 0.0655275
2713 0.792955
2714 0.066415
2715 0.0667825
2716 0.88782
2717 0.0665275
2718 0.849903
2719 0.0628975
2720 0.0630325
2721 0.063215
2722 0.0634725
2723 0.85069
2724 0.0640075
2725 0.0638775
2726 0.06649
2727 0.072715
2728 0.07029
2729 0.0840825
2730 0.276275
2731 0.0945475
2732 0.100373
2733 0.104233
2734 0.10425
2735 0.108262
2736 0.1109
2737 0.111967
2738 0.11194
2739 0.113443
2740 0.11343
2741 0.11403
2742 0.114785
2743 0.244938
2744 0.01484
2745 0.117133
2746 0.118267
2747 0.119828
2748 0.114822
2749 0.123105
2750 0.12376
2751 0.123938
2752 0.03502
2753 0.625807
2754 0.875715
2755 0.84097
2756 0.18358
2757 0.127515
2758 0.127873
2759 0.128578
2760 0.251795
2761 0.130282
2762 0.13047
2763 0.130883
2764 0.236035
2765 0.13226
2766 0.132835
2767 0.133628
2768 0.133815
2769 0.133545
2770 0.133887
2771 0.133898
2772 0.13503
2773 0.135492
2774 0.135398
2775 0.892968
2776 0.13579
2777 0.201703
2778 0.164065
2779 0.13859
2780 0.336523
2781 0.141775
2782 0.14279
2783 0.19427
2784 0.14148
2785 0.142565
2786 0.169678
2787 0.36532
2788 0.160782
2789 0.142297
2790 0.14269
2791 0.143072
2792 0.14278
2793 0.574665
2794 0.142478
2795 0.467205
2796 0.142662
2797 0.142595
2798 0.14266
2799 0.142388
2800 0.142267
2801 0.14239
2802 0.142267
2803 0.306395
2804 0.152455
2805 0.142437
2806 0.142253
2807 0.159553
2808 0.14291
2809 0.142873
2810 0.142765
2811 0.142607
2812 0.646628
2813 0.14381
2814 0.143365
2815 0.143437
2816 0.143843
2817 0.143905
2818 0.14381
2819 0.144187
2820 0.14418
2821 0.14442
2822 0.843313
2823 0.144338
2824 0.144338
2825 0.14434
2826 0.143833
2827 0.889783
2828 0.14339
2829 0.143102
2830 0.143223
2831 0.142918
2832 0.14308
2833 0.14341
2834 0.143407
2835 0.146455
2836 0.146822
2837 0.146905
2838 0.146813
2839 0.14675
2840 0.146558
2841 0.19037
2842 0.145705
2843 0.144717
2844 0.14459
2845 0.144535
2846 0.14464
2847 0.14479
2848 0.144932
2849 0.145475
2850 0.145937
2851 0.145657
2852 0.145792
2853 0.14583
2854 0.89075
2855 0.14618
2856 0.146122
2857 0.146322
2858 0.146652
2859 0.186557
2860 0.305907
2861 0.54489
2862 0.145907
2863 0.14608
2864 0.0890925
2865 0.146975
2866 0.147092
2867 0.147885
2868 0.148528
2869 0.149415
2870 0.149987
2871 0.150058
2872 0.150232
2873 0.14988
2874 0.14957
2875 0.458697
2876 0.148498
2877 0.149482
2878 0.15035
2879 0.153235
2880 0.156005
2881 0.157133
2882 0.16872
2883 0.154605
2884 0.159865
2885 0.16106
2886 0.16208
2887 0.162178
2888 0.16011
2889 0.6373
2890 0.163252
2891 0.162665
2892 0.161112
2893 0.160913
2894 0.231775
2895 0.158702
2896 0.114837
2897 0.158755
2898 0.158145
2899 0.15879
2900 0.15725
2901 0.158048
2902 0.208833
2903 0.15724
2904 0.156598
2905 0.45741
2906 0.156475
2907 0.156795
2908 0.15708
2909 0.247615
2910 0.155793
2911 0.155502
2912 0.15525
2913 0.155257
2914 0.15545
2915 0.155278
2916 0.154975
2917 0.17881
2918 0.0045525
2919 0.153785
2920 0.154117
2921 0.154002
2922 0.1546
2923 0.1682
2924 0.221268
2925 0.154415
2926 0.291435
2927 0.761472
2928 0.155585
2929 0.155922
2930 0.472465
2931 0.159252
2932 0.160068
2933 0.180558
2934 0.161328
2935 0.848137
2936 0.162607
2937 0.343105
2938 0.264008
2939 0.467268
2940 0.721418
2941 0.165585
2942 0.16588
2943 0.0473475
2944 0.167615
2945 0.30336
2946 0.17318
2947 0.163025
2948 0.16493
2949 0.142948
2950 0.16496
2951 0.187227
2952 0.558268
2953 0.627845
2954 0.373937
2955 0.199355
2956 0.16826
2957 0.208077
2958 0.21367
2959 0.474747
2960 0.0137575
2961 0.212672
2962 0.427673
2963 0.226908
2964 0.668998
2965 0.257572
2966 0.264533
2967 0.777637
2968 0.28083
2969 0.642528
2970 0.2974
2971 0.848372
2972 0.311503
2973 0.441445
2974 0.329415
2975 0.335272
2976 0.344473
2977 0.848222
2978 0.353825
2979 0.896913
2980 0.36226
2981 0.376063
2982 0.703438
2983 0.396973
2984 0.404178
2985 0.447153
2986 0.447912
2987 0.450345
2988 0.455495
2989 0.465392
2990 0.490545
2991 0.606398
2992 0.524955
2993 0.778247
2994 0.561512
2995 0.708363
2996 0.730868
2997 0.6169
2998 0.84879
2999 0.723348
3000 0.756097
3001 0.776107
3002 0.76932
3003 0.811708
3004 0.821233
3005 0.581107
3006 0.838755
3007 0.409527
3008 0.698875
3009 0.585827
3010 0.893667
3011 0.627245
3012 0.879027
3013 0.261855
3014 0.88288
3015 0.89204
3016 0.897055
3017 0.909443
3018 0.88102
3019 0.672745
3020 0.908465
3021 0.90554
3022 0.89637
3023 0.907088
3024 0.907015
3025 0.906208
3026 0.7137
3027 0.907593
3028 0.90813
3029 0.909382
3030 0.910103
3031 0.911033
3032 0.909998
3033 0.827838
3034 0.910377
3035 0.809752
3036 0.89122
3037 0.91376
3038 0.913848
3039 0.744365
3040 0.912218
3041 0.911813
3042 0.91134
3043 0.500108
3044 0.91059
3045 0.910708
3046 0.416967
3047 0.837843
3048 0.909343
3049 0.849553
3050 0.909212
3051 0.90245
3052 0.908783
3053 0.830122
3054 0.89181
3055 0.886058
3056 0.907675
3057 0.907602
3058 0.907325
3059 0.87695
3060 0.861955
3061 0.731367
3062 0.780523
3063 0.8469
3064 0.888558
3065 0.900288
3066 0.899177
3067 0.898865
3068 0.429965
3069 0.898575
3070 0.89818
3071 0.897643
3072 0.89628
3073 0.896513
3074 0.894968
3075 0.89378
3076 0.851113
3077 0.845295
3078 0.592735
3079 0.892695
3080 0.272255
3081 0.845243
3082 0.813333
3083 0.89171
3084 0.821152
3085 0.89044
3086 0.888432
3087 0.8743
3088 0.887182
3089 0.757387
3090 0.885907
3091 0.88565
3092 0.884517
3093 0.881962
3094 0.88113
3095 0.46225
3096 0.775575
3097 0.87966
3098 0.859627
3099 0.878343
3100 0.878513
3101 0.848535
3102 0.865727
3103 0.56211
3104 0.881023
3105 0.881443
3106 0.881085
3107 0.878975
3108 0.8818
3109 0.0187525
3110 0.546965
3111 0.883173
3112 0.883215
3113 0.88176
3114 0.856955
3115 0.887023
3116 0.879177
3117 0.885505
3118 0.877737
3119 0.911517
3120 0.869395
3121 0.415915
3122 0.878328
3123 0.860642
3124 0.876428
3125 0.875915
3126 0.876273
3127 0.876075
3128 0.875238
3129 0.874912
3130 0.874375
3131 0.857642
3132 0.87131
3133 0.122417
3134 0.869202
3135 0.867415
3136 0.869145
3137 0.106232
3138 0.865892
3139 0.864795
3140 0.889347
3141 0.844888
3142 0.889938
3143 0.868095
3144 0.860568
3145 0.8677
3146 0.861258
3147 0.85902
3148 0.859058
3149 0.858908
3150 0.858293
3151 0.85815
3152 0.659617
3153 0.85835
3154 0.858402
3155 0.85811
3156 0.858258
3157 0.85796
3158 0.456827
3159 0.258472
3160 0.857715
3161 0.833862
3162 0.482023
3163 0.858215
3164 0.858783
3165 0.873925
3166 0.856335
3167 0.858468
3168 0.103645
3169 0.84903
3170 0.858317
3171 0.866232
3172 0.858217
3173 0.858387
3174 0.858325
3175 0.858195
3176 0.854797
3177 0.857393
3178 0.85729
3179 0.855495
3180 0.853853
3181 0.853375
3182 0.728638
3183 0.799465
3184 0.852165
3185 0.876578
3186 0.851962
3187 0.0184925
3188 0.85069
3189 0.849665
3190 0.848988
3191 0.84775
3192 0.600345
3193 0.846677
3194 0.00032
3195 0.846483
3196 0.846553
3197 0.81282
3198 0.846325
3199 0.846427
3200 0.845993
3201 0.842145
3202 0.846095
3203 0.84605
3204 0.845947
3205 0.69862
3206 0.845875
3207 0.845912
3208 0.02319
3209 0.845845
3210 0.844233
3211 0.844348
3212 0.844322
3213 0.844545
3214 0.844592
3215 0.843982
3216 0.652107
3217 0.853352
3218 0.441043
3219 0.844078
3220 0.80137
3221 0.84907
3222 0.051065
3223 0.910855
3224 0.843627
3225 0.888855
3226 0.84304
3227 0.756563
3228 0.84227
3229 0.842195
3230 0.842222
3231 0.84225
3232 0.858947
3233 0.841797
3234 0.841812
3235 0.841475
3236 0.691617
3237 0.844108
3238 0.554312
3239 0.573492
3240 0.841803
3241 0.691972
3242 0.841768
3243 0.841893
3244 0.841732
3245 0.841645
3246 0.841585
3247 0.000225
3248 0.771238
3249 0.0002175
3250 0.841647
3251 0.842187
3252 0.842742
3253 0.842518
3254 0.842335
3255 0.842568
3256 0.143072
3257 0.842668
3258 0.828688
3259 0.384715
3260 0.84279
3261 0.842585
3262 0.726912
3263 0.84265
3264 0.705228
3265 0.842843
3266 0.843368
3267 0.843087
3268 0.842995
3269 0.796813
3270 0.561207
3271 0.738258
3272 0.842762
3273 0.842655
3274 0.842605
3275 0.842472
3276 0.842683
3277 0.842657
3278 0.842612
3279 0.842398
3280 0.842782
3281 0.888655
3282 0.84314
3283 0.843065
3284 0.843108
3285 0.843182
3286 0.843283
3287 0.843313
3288 0.843627
3289 0.57579
3290 0.843435
3291 0.84347
3292 0.843633
3293 0.433858
3294 0.843148
3295 0.842483
3296 0.868748
3297 0.427425
3298 0.84277
3299 0.84258
3300 0.842853
3301 0.842982
3302 0.842925
3303 0.843028
3304 0.843078
3305 0.842642
3306 0.842675
3307 0.842712
3308 0.842962
3309 0.843108
3310 0.844505
3311 0.844243
3312 0.643585
3313 0.842952
3314 0.843008
3315 0.842245
3316 0.84241
3317 0.842198
3318 0.842385
3319 0.510925
3320 0.858065
3321 0.378248
3322 0.84294
3323 0.617138
3324 0.842962
3325 0.843017
3326 0.84315
3327 0.0445625
3328 0.84343
3329 0.843453
3330 0.843697
3331 0.407347
3332 0.423233
3333 0.168838
3334 0.149987
3335 0.841427
3336 0.84141
3337 0.84101
3338 0.841553
3339 0.84139
3340 0.841585
3341 0.84137
3342 0.841207
3343 0.840505
3344 0.84051
3345 0.840335
3346 0.839777
3347 0.839645
3348 0.839167
3349 0.83923
3350 0.838925
3351 0.83915
3352 0.83925
3353 0.83993
3354 0.840307
3355 0.09006
3356 0.840522
3357 0.840793
3358 0.84763
3359 0.841183
3360 0.843685
3361 0.843993
3362 0.844333
3363 0.84451
3364 0.844565
3365 0.845025
3366 0.845085
3367 0.84682
3368 0.737112
3369 0.87341
3370 0.177232
3371 0.160782
3372 0.845928
3373 0.84572
3374 0.845675
3375 0.19343
3376 0.845645
3377 0.84576
3378 0.8459
3379 0.13466
3380 0.845797
3381 0.845703
3382 0.845522
3383 0.845525
3384 0.15545
3385 0.844487
3386 0.844407
3387 0.584533
3388 0.843598
3389 0.844132
3390 0.168572
3391 0.843935
3392 0.860498
3393 0.84386
3394 0.84369
3395 0.843512
3396 0.843372
3397 0.843333
3398 0.78538
3399 0.0220925
3400 0.802018
3401 0.843548
3402 0.843542
3403 0.89603
3404 0.840335
3405 0.37393
3406 0.712938
3407 0.843598
3408 0.843445
3409 0.774713
3410 0.844958
3411 0.845035
3412 0.845017
3413 0.84508
3414 0.84441
3415 0.752347
3416 0.685715
3417 0.83995
3418 0.886833
3419 0.844178
3420 0.869147
3421 0.844322
3422 0.07557
3423 0.53189
3424 0.236065
3425 0.84448
3426 0.886613
3427 0.844565
3428 0.844952
3429 0.845063
3430 0.28753
3431 0.845005
3432 0.84488
3433 0.844935
3434 0.205902
3435 0.648885
3436 0.846357
3437 0.455703
3438 0.845838
3439 0.845965
3440 0.84622
3441 0.85301
3442 0.846235
3443 0.84915
3444 0.845985
3445 0.846113
3446 0.8462
3447 0.339867
3448 0.891775
3449 0.846145
3450 0.84646
3451 0.846557
3452 0.846995
3453 0.84721
3454 0.847205
3455 0.453473
3456 0.847402
3457 0.847375
3458 0.66463
3459 0.84752
3460 0.532038
3461 0.848278
3462 0.848037
3463 0.847782
3464 0.84791
3465 0.847895
3466 0.848105
3467 0.28083
3468 0.84819
3469 0.848383
3470 0.848158
3471 0.848235
3472 0.848178
3473 0.848067
3474 0.848205
3475 0.85852
3476 0.848372
3477 0.84822
3478 0.0503925
3479 0.848202
3480 0.84823
3481 0.848045
3482 0.84813
3483 0.8481
3484 0.791107
3485 0.848673
3486 0.848657
3487 0.851418
3488 0.848267
3489 0.848263
3490 0.848378
3491 0.848475
3492 0.828365
3493 0.848368
3494 0.848422
3495 0.848298
3496 0.848222
3497 0.84835
3498 0.875648
3499 0.84831
3500 0.848428
3501 0.669127
3502 0.848295
3503 0.834592
3504 0.848378
3505 0.848265
3506 0.84818
3507 0.848357
3508 0.615185
3509 0.848145
3510 0.84757
3511 0.84726
3512 0.847213
3513 0.847418
3514 0.871545
3515 0.859715
3516 0.84742
3517 0.847583
3518 0.847662
3519 0.84761
3520 0.850073
3521 0.847675
3522 0.847865
3523 0.847988
3524 0.00049
3525 0.848023
3526 0.73557
3527 0.847735
3528 0.85134
3529 0.851278
3530 0.847897
3531 0.84798
3532 0.847858
3533 0.847943
3534 0.830065
3535 0.849222
3536 0.849073
3537 0.84938
3538 0.836425
3539 0.849137
3540 0.84892
3541 0.848938
3542 0.849065
3543 0.848715
3544 0.84879
3545 0.848715
3546 0.84869
3547 0.743372
3548 0.848633
3549 0.848742
3550 0.848635
3551 0.323437
3552 0.848495
3553 0.855522
3554 0.835128
3555 0.846535
3556 0.848495
3557 0.848293
3558 0.84839
3559 0.848477
3560 0.848518
3561 0.848267
3562 0.848202
3563 0.848278
3564 0.848398
3565 0.848548
3566 0.848463
3567 0.84846
3568 0.628347
3569 0.847835
3570 0.847592
3571 0.827235
3572 0.847808
3573 0.847893
3574 0.863563
3575 0.847588
3576 0.699407
3577 0.85993
3578 0.790892
3579 0.847715
3580 0.847818
3581 0.847727
3582 0.84773
3583 0.674673
3584 0.847668
3585 0.749117
3586 0.404065
3587 0.847982
3588 0.848073
3589 0.847865
3590 0.847908
3591 0.85237
3592 0.849867
3593 0.84823
3594 0.837843
3595 0.847625
3596 0.139588
3597 0.89075
3598 0.84763
3599 0.830647
3600 0.847912
3601 0.68068
3602 0.84787
3603 0.889003
3604 0.848067
3605 0.848202
3606 0.848278
3607 0.838535
3608 0.720862
3609 0.847952
3610 0.84791
3611 0.571327
3612 0.82698
3613 0.853363
3614 0.851363
3615 0.847657
3616 0.847707
3617 0.847492
3618 0.847355
3619 0.847655
3620 0.847313
3621 0.847525
3622 0.87169
3623 0.847215
3624 0.84715
3625 0.846988
3626 0.8469
3627 0.847215
3628 0.855025
3629 0.846832
3630 0.846938
3631 0.84676
3632 0.84683
3633 0.84709
3634 0.847325
3635 0.84715
3636 0.0027225
3637 0.846805
3638 0.846562
3639 0.846465
3640 0.846402
3641 0.840612
3642 0.846505
3643 0.887525
3644 0.846407
3645 0.846122
3646 0.846315
3647 0.846028
3648 0.21618
3649 0.845295
3650 0.571675
3651 0.84491
3652 0.845185
3653 0.84521
3654 0.845243
3655 0.845562
3656 0.845688
3657 0.21904
3658 0.846063
3659 0.850577
3660 0.845978
3661 0.845867
3662 0.845815
3663 0.845905
3664 0.845862
3665 0.878585
3666 0.257385
3667 0.84597
3668 0.87656
3669 0.59104
3670 0.414583
3671 0.338633
3672 0.865577
3673 0.851422
3674 0.856108
3675 0.00177
3676 0.72049
3677 0.847087
3678 0.846668
3679 0.82858
3680 0.848015
3681 0.847812
3682 0.848067
3683 0.848283
3684 0.8482
3685 0.848257
3686 0.861128
3687 0.848402
3688 0.223885
3689 0.576767
3690 0.848235
3691 0.848128
3692 0.84815
3693 0.0594875
3694 0.84776
3695 0.847843
3696 0.847947
3697 0.48802
3698 0.798415
3699 0.847808
3700 0.847738
3701 0.860515
3702 0.8262
3703 0.822645
3704 0.847985
3705 0.847917
3706 0.847732
3707 0.8653
3708 0.847888
3709 0.847622
3710 0.847895
3711 0.624543
3712 0.847747
3713 0.2184
3714 0.847865
3715 0.847917
3716 0.84764
3717 0.847988
3718 0.847692
3719 0.84814
3720 0.84831
3721 0.8483
3722 0.848615
3723 0.84883
3724 0.849063
3725 0.888552
3726 0.848945
3727 0.86155
3728 0.84809
3729 0.84813
3730 0.848158
3731 0.848325
3732 0.50792
3733 0.111047
3734 0.848525
3735 0.858248
3736 0.848572
3737 0.441715
3738 0.848865
3739 0.24882
3740 0.849415
3741 0.849495
3742 0.84982
3743 0.849655
3744 0.85007
3745 0.850102
3746 0.849938
3747 0.850015
3748 0.85022
3749 0.849897
3750 0.800865
3751 0.888232
3752 0.849858
3753 0.850115
3754 0.269515
3755 0.744712
3756 0.849917
3757 0.84968
3758 0.84977
3759 0.849707
3760 0.502217
3761 0.861677
3762 0.848788
3763 0.849125
3764 0.848522
3765 0.848723
3766 0.88526
3767 0.847518
3768 0.847015
3769 0.847398
3770 0.847785
3771 0.84772
3772 0.848163
3773 0.848715
3774 0.848927
3775 0.849135
3776 0.849483
3777 0.849692
3778 0.84958
3779 0.84985
3780 0.85015
3781 0.850023
3782 0.849823
3783 0.849835
3784 0.849842
3785 0.849792
3786 0.849638
3787 0.849627
3788 0.846378
3789 0.849385
3790 0.849293
3791 0.849198
3792 0.84909
3793 0.849052
3794 0.849245
3795 0.84916
3796 0.849002
3797 0.848723
3798 0.848448
3799 0.847437
3800 0.846618
3801 0.84622
3802 0.845522
3803 0.844475
3804 0.860932
3805 0.8438
3806 0.85729
3807 0.843023
3808 0.843082
3809 0.84346
3810 0.843855
3811 0.84401
3812 0.844135
3813 0.844252
3814 0.844342
3815 0.84405
3816 0.832625
3817 0.844368
3818 0.844912
3819 0.726333
3820 0.849903
3821 0.849622
3822 0.849625
3823 0.84966
3824 0.849642
3825 0.886657
3826 0.851293
3827 0.849485
3828 0.84965
3829 0.84964
3830 0.849927
3831 0.849888
3832 0.84986
3833 0.849742
3834 0.849932
3835 0.278865
3836 0.8496
3837 0.849418
3838 0.63066
3839 0.15035
3840 0.68058
3841 0.849187
3842 0.8493
3843 0.84822
3844 0.609125
3845 0.225812
3846 0.84833
3847 0.848002
3848 0.847903
3849 0.848043
3850 0.848125
3851 0.70274
3852 0.848155
3853 0.848085
3854 0.801137
3855 0.272615
3856 0.847808
3857 0.0885825
3858 0.844635
3859 0.848035
3860 0.84794
3861 0.84809
3862 0.151677
3863 0.84802
3864 0.84816
3865 0.847985
3866 0.848035
3867 0.847938
3868 0.063595
3869 0.849065
3870 0.688825
3871 0.831222
3872 0.848923
3873 0.802175
3874 0.849345
3875 0.849445
3876 0.84943
3877 0.849483
3878 0.75948
3879 0.84985
3880 0.84947
3881 0.848938
3882 0.511945
3883 0.154122
3884 0.849175
3885 0.848747
3886 0.84864
3887 0.84856
3888 0.826433
3889 0.848662
3890 0.848647
3891 0.662027
3892 0.848638
3893 0.849385
3894 0.849645
3895 0.850245
3896 0.74948
3897 0.6294
3898 0.611985
3899 0.853527
3900 0.85016
3901 0.850405
3902 0.821568
3903 0.788015
3904 0.85015
3905 0.848137
3906 0.88644
3907 0.703115
3908 0.849715
3909 0.826592
3910 0.80412
3911 0.849325
3912 0.713318
3913 0.743475
3914 0.8269
3915 0.848897
3916 0.616665
3917 0.849167
3918 0.854255
3919 0.849865
3920 0.828595
3921 0.849435
3922 0.849657
3923 0.849642
3924 0.849442
3925 0.886552
3926 0.8495
3927 0.84934
3928 0.849085
3929 0.84913
3930 0.848967
3931 0.84945
3932 0.849402
3933 0.849257
3934 0.849422
3935 0.849252
3936 0.327865
3937 0.849372
3938 0.849232
3939 0.88679
3940 0.849217
3941 0.84915
3942 0.84912
3943 0.567345
3944 0.562265
3945 0.850495
3946 0.850475
3947 0.854838
3948 0.850325
3949 0.850185
3950 0.850255
3951 0.850035
3952 0.850073
3953 0.84992
3954 0.849943
3955 0.850063
3956 0.849995
3957 0.850405
3958 0.85056
3959 0.850705
3960 0.737827
3961 0.821512
3962 0.850167
3963 0.850047
3964 0.745535
3965 0.850225
3966 0.84906
3967 0.85008
3968 0.85162
3969 0.124755
3970 0.851235
3971 0.851193
3972 0.00178
3973 0.85059
3974 0.850518
3975 0.85045
3976 0.85025
3977 0.848378
3978 0.850222
3979 0.849718
3980 0.849745
3981 0.848785
3982 0.849448
3983 0.84885
3984 0.848562
3985 0.854093
3986 0.848333
3987 0.849115
3988 0.869012
3989 0.849723
3990 0.849893
3991 0.849627
3992 0.849548
3993 0.278913
3994 0.851418
3995 0.851305
3996 0.141148
3997 0.850947
3998 0.850945
3999 0.851313
4000 0.851045
4001 0.850982
4002 0.850735
4003 0.850503
4004 0.850407
4005 0.798875
4006 0.850333
4007 0.850163
4008 0.040005
4009 0.849885
4010 0.850017
4011 0.8501
4012 0.85008
4013 0.850045
4014 0.850025
4015 0.84983
4016 0.84965
4017 0.542458
4018 0.850635
4019 0.723348
4020 0.82108
4021 0.697995
4022 0.850985
4023 0.84448
4024 0.851075
4025 0.850733
4026 0.850657
4027 0.2668
4028 0.86206
4029 0.850315
4030 0.850433
4031 0.850235
4032 0.830712
4033 0.353112
4034 0.850217
4035 0.850067
4036 0.850002
4037 0.850025
4038 0.849958
4039 0.850158
4040 0.376945
4041 0.85014
4042 0.716588
4043 0.850603
4044 0.850622
4045 0.850618
4046 0.436397
4047 0.8505
4048 0.850418
4049 0.85447
4050 0.85049
4051 0.85025
4052 0.86917
4053 0.84597
4054 0.850363
4055 0.850208
4056 0.850155
4057 0.86747
4058 0.85015
4059 0.850052
4060 0.849938
4061 0.846827
4062 0.849997
4063 0.850185
4064 0.850315
4065 0.850615
4066 0.85084
4067 0.890927
4068 0.849995
4069 0.85023
4070 0.850008
4071 0.77022
4072 0.849278
4073 0.287995
4074 0.849433
4075 0.849647
4076 0.849553
4077 0.849603
4078 0.6333
4079 0.106213
4080 0.835873
4081 0.849492
4082 0.8547
4083 0.849565
4084 0.590065
4085 0.849707
4086 0.124457
4087 0.836372
4088 0.84989
4089 0.18899
4090 0.850097
4091 0.84697
4092 0.809458
4093 0.851612
4094 0.85157
4095 0.851202
4096 0.869525
4097 0.85143
4098 0.851368
4099 0.851638
4100 0.85161
4101 0.851317
4102 0.851113
4103 0.21618
4104 0.850725
4105 0.85063
4106 0.850605
4107 0.850712
4108 0.850925
4109 0.851213
4110 0.851252
4111 0.851145
4112 0.850862
4113 0.850862
4114 0.925715
4115 0.851165
4116 0.85139
4117 0.290847
4118 0.852788
4119 0.85266
4120 0.85234
4121 0.852333
4122 0.35177
4123 0.852535
4124 0.852455
4125 0.852285
4126 0.852345
4127 0.852535
4128 0.852588
4129 0.852472
4130 0.616448
4131 0.852365
4132 0.0017925
4133 0.852345
4134 0.852243
4135 0.852113
4136 0.851697
4137 0.856563
4138 0.851468
4139 0.851275
4140 0.851442
4141 0.851655
4142 0.85138
4143 0.508683
4144 0.851805
4145 0.85201
4146 0.0060125
4147 0.850935
4148 0.850298
4149 0.849947
4150 0.84961
4151 0.849315
4152 0.848662
4153 0.84831
4154 0.848333
4155 0.84828
4156 0.84803
4157 0.847647
4158 0.847618
4159 0.847673
4160 0.847905
4161 0.848163
4162 0.747822
4163 0.848145
4164 0.848087
4165 0.84847
4166 0.849167
4167 0.848067
4168 0.8497
4169 0.84948
4170 0.677728
4171 0.853228
4172 0.850445
4173 0.847557
4174 0.0888375
4175 0.885505
4176 0.855413
4177 0.853885
4178 0.852355
4179 0.852855
4180 0.701875
4181 0.853563
4182 0.859577
4183 0.854372
4184 0.858387
4185 0.857422
4186 0.85748
4187 0.832785
4188 0.861025
4189 0.771012
4190 0.863317
4191 0.864143
4192 0.864603
4193 0.866757
4194 0.36946
4195 0.869757
4196 0.2184
4197 0.86479
4198 0.814588
4199 0.864775
4200 0.863742
4201 0.859853
4202 0.863923
4203 0.814647
4204 0.848945
4205 0.746038
4206 0.866143
4207 0.867145
4208 0.867988
4209 0.867295
4210 0.863637
4211 0.88333
4212 0.863332
4213 0.870563
4214 0.871942
4215 0.79608
4216 0.878905
4217 0.874677
4218 0.589363
4219 0.888862
4220 0.877592
4221 0.879055
4222 0.879262
4223 0.656728
4224 0.88125
4225 0.163678
4226 0.88364
4227 0.885337
4228 0.679577
4229 0.889875
4230 0.850818
4231 0.892027
4232 0.888888
4233 0.897188
4234 0.898495
4235 0.90168
4236 0.88673
4237 0.902945
4238 0.902388
4239 0.898957
4240 0.89909
4241 0.069655
4242 0.635108
4243 0.89265
4244 0.578457
4245 0.193985
4246 0.890447
4247 0.89159
4248 0.883953
4249 0.882458
4250 0.531273
4251 0.483137
4252 0.88148
4253 0.387157
4254 0.880888
4255 0.455968
4256 0.88191
4257 0.883193
4258 0.883175
4259 0.883323
4260 0.883898
4261 0.88353
4262 0.887413
4263 0.89091
4264 0.230445
4265 0.895825
4266 0.899395
4267 0.899805
4268 0.901717
4269 0.903552
4270 0.905425
4271 0.906868
4272 0.908188
4273 0.90965
4274 0.908925
4275 0.820943
4276 0.24384
4277 0.910795
4278 0.913258
4279 0.358583
4280 0.91337
4281 0.913857
4282 0.913223
4283 0.887548
4284 0.91701
4285 0.000295
4286 0.918968
4287 0.920042
4288 0.92033
4289 0.918678
4290 0.904343
4291 0.91275
4292 0.910855
4293 0.80654
4294 0.900845
4295 0.889062
4296 0.896103
4297 0.895478
4298 0.893855
4299 0.894045
4300 0.89486
4301 0.895145
4302 0.89518
4303 0.895678
4304 0.877138
4305 0.892968
4306 0.891942
4307 0.889405
4308 0.886945
4309 0.88772
4310 0.885593
4311 0.883557
4312 0.884415
4313 0.204545
4314 0.0763125
4315 0.881365
4316 0.458697
4317 0.86744
4318 0.86574
4319 0.86533
4320 0.86543
4321 0.858028
4322 0.844633
4323 0.836065
4324 0.83704
4325 0.849375
4326 0.806107
4327 0.798325
4328 0.787138
4329 0.784268
4330 0.783188
4331 0.779347
4332 0.730487
4333 0.15028
4334 0.769643
4335 0.775717
4336 0.782388
4337 0.767378
4338 0.576435
4339 0.767833
4340 0.448593
4341 0.771062
4342 0.793658
4343 0.74383
4344 0.74512
4345 0.74711
4346 0.855287
4347 0.75092
4348 0.752195
4349 0.75233
4350 0.750765
4351 0.850245
4352 0.74948
4353 0.747243
4354 0.74409
4355 0.342637
4356 0.738417
4357 0.73806
4358 0.0025775
4359 0.73173
4360 0.730428
4361 0.728912
4362 0.728058
4363 0.727267
4364 0.728075
4365 0.725923
4366 0.725097
4367 0.723248
4368 0.71799
4369 0.886485
4370 0.723507
4371 0.679253
4372 0.721418
4373 0.626818
4374 0.72193
4375 0.72443
4376 0.72682
4377 0.695055
4378 0.69303
4379 0.700457
4380 0.700143
4381 0.532308
4382 0.55099
4383 0.790715
4384 0.68882
4385 0.685253
4386 0.662502
4387 0.0035175
4388 0.670558
4389 0.168865
4390 0.66436
4391 0.584658
4392 0.613518
4393 0.676972
4394 0.620835
4395 0.614947
4396 0.894388
4397 0.603762
4398 0.84622
4399 0.594318
4400 0.586565
4401 0.578745
4402 0.57533
4403 0.903253
4404 0.559908
4405 0.555477
4406 0.549445
4407 0.532735
4408 0.234178
4409 0.529778
4410 0.49652
4411 0.519663
4412 0.5461
4413 0.53768
4414 0.53789
4415 0.55677
4416 0.537535
4417 0.571095
4418 0.566033
4419 0.645885
4420 0.498903
4421 0.848205
4422 0.617537
4423 0.61346
4424 0.61782
4425 0.615185
4426 0.61711
4427 0.61874
4428 0.61748
4429 0.61688
4430 0.615663
4431 0.865537
4432 0.617263
4433 0.61331
4434 0.69414
4435 0.606398
4436 0.70987
4437 0.597838
4438 0.787088
4439 0.76918
4440 0.603252
4441 0.605005
4442 0.605688
4443 0.602235
4444 0.608158
4445 0.61652
4446 0.621325
4447 0.236075
4448 0.657837
4449 0.629685
4450 0.627962
4451 0.622138
4452 0.402492
4453 0.62066
4454 0.620138
4455 0.617295
4456 0.620762
4457 0.621613
4458 0.621252
4459 0.62328
4460 0.256808
4461 0.62903
4462 0.628347
4463 0.31118
4464 0.86367
4465 0.638188
4466 0.65198
4467 0.652045
4468 0.649495
4469 0.403402
4470 0.13222
4471 0.673785
4472 0.688338
4473 0.679785
4474 0.68439
4475 0.13318
4476 0.687107
4477 0.66302
4478 0.66117
4479 0.67016
4480 0.665787
4481 0.644933
4482 0.628452
4483 0.60499
4484 0.744633
4485 0.712272
4486 0.593368
4487 0.696403
4488 0.594677
4489 0.823032
4490 0.598685
4491 0.599047
4492 0.355935
4493 0.59435
4494 0.27371
4495 0.604885
4496 0.337587
4497 0.615825
4498 0.430953
4499 0.628753
4500 0.634247
4501 0.63826
4502 0.664695
4503 0.68045
4504 0.681805
4505 0.703873
4506 0.545087
4507 0.456565
4508 0.742235
4509 0.753158
4510 0.757358
4511 0.778118
4512 0.78933
4513 0.796957
4514 0.823967
4515 0.862572
4516 0.840612
4517 0.848252
4518 0.859938
4519 0.863027
4520 0.867445
4521 0.869742
4522 0.0018225
4523 0.894062
4524 0.888058
4525 0.890578
4526 0.846028
4527 0.90594
4528 0.885493
4529 0.912197
4530 0.915065
4531 0.916225
4532 0.91817
4533 0.92097
4534 0.922567
4535 0.905175
4536 0.925195
4537 0.92573
4538 0.551715
4539 0.92669
4540 0.927022
4541 0.21904
4542 0.928245
4543 0.92979
4544 0.886837
4545 0.92316
4546 0.920473
4547 0.00281
4548 0.916323
4549 0.913573
4550 0.5879
4551 0.907145
4552 0.90463
4553 0.83049
4554 0.890395
4555 0.583912
4556 0.730672
4557 0.873982
4558 0.871143
4559 0.774615
4560 0.874977
4561 0.856108
4562 0.853445
4563 0.811805
4564 0.81024
4565 0.805743
4566 0.809787
4567 0.809078
4568 0.86845
4569 0.74867
4570 0.748018
4571 0.74547
4572 0.73527
4573 0.73101
4574 0.854557
4575 0.66221
4576 0.782432
4577 0.708058
4578 0.7067
4579 0.70018
4580 0.69431
4581 0.78397
4582 0.692987
4583 0.734533
4584 0.692213
4585 0.694165
4586 0.697318
4587 0.697307
4588 0.734302
4589 0.70286
4590 0.725295
4591 0.734535
4592 0.747565
4593 0.761672
4594 0.757472
4595 0.502112
4596 0.761105
4597 0.759707
4598 0.840407
4599 0.864815
4600 0.771215
4601 0.756252
4602 0.75633
4603 0.753663
4604 0.761505
4605 0.75414
4606 0.752953
4607 0.886345
4608 0.742805
4609 0.200167
4610 0.754012
4611 0.779195
4612 0.488413
4613 0.232348
4614 0.748465
4615 0.85554
4616 0.403747
4617 0.741757
4618 0.7103
4619 0.565465
4620 0.703665
4621 0.805863
4622 0.609675
4623 0.109537
4624 0.595755
4625 0.887243
4626 0.585315
4627 0.84421
4628 0.760537
4629 0.766275
4630 0.581852
4631 0.581472
4632 0.590862
4633 0.594448
4634 0.59416
4635 0.596368
4636 0.60023
4637 0.541647
4638 0.65458
4639 0.66358
4640 0.678113
4641 0.692993
4642 0.389107
4643 0.438773
4644 0.719455
4645 0.743985
4646 0.390095
4647 0.726485
4648 0.726782
4649 0.72703
4650 0.75047
4651 0.73147
4652 0.820485
4653 0.73512
4654 0.75031
4655 0.73396
4656 0.73428
4657 0.732475
4658 0.69395
4659 0.737425
4660 0.681723
4661 0.674335
4662 0.67238
4663 0.90965
4664 0.641672
4665 0.65769
4666 0.65739
4667 0.893308
4668 0.764525
4669 0.630985
4670 0.635475
4671 0.118267
4672 0.632757
4673 0.63158
4674 0.60912
4675 0.620485
4676 0.55935
4677 0.590325
4678 0.502645
4679 0.482315
4680 0.57059
4681 0.000185
4682 0.126625
4683 0.400153
4684 0.395435
4685 0.380945
4686 0.377965
4687 0.37601
4688 0.373148
4689 0.37218
4690 0.37414
4691 0.374333
4692 0.540273
4693 0.371337
4694 0.370575
4695 0.36706
4696 0.372152
4697 0.37441
4698 0.888543
4699 0.379993
4700 0.381972
4701 0.386188
4702 0.386037
4703 0.678547
4704 0.394455
4705 0.395905
4706 0.393998
4707 0.388163
4708 0.393782
4709 0.41366
4710 0.431808
4711 0.437252
4712 0.474508
4713 0.487372
4714 0.876038
4715 0.46059
4716 0.539353
4717 0.55078
4718 0.575703
4719 0.579365
4720 0.496265
4721 0.772223
4722 0.583465
4723 0.58955
4724 0.582963
4725 0.58789
4726 0.591342
4727 0.585885
4728 0.555488
4729 0.55158
4730 0.500903
4731 0.590328
4732 0.540652
4733 0.53339
4734 0.52754
4735 0.52013
4736 0.512238
4737 0.0002025
4738 0.409515
4739 0.483708
4740 0.472797
4741 0.469587
4742 0.46324
4743 0.446572
4744 0.41495
4745 0.40594
4746 0.397118
4747 0.392348
4748 0.36003
4749 0.348735
4750 0.344288
4751 0.331087
4752 0.527587
4753 0.302378
4754 0.29026
4755 0.278885
4756 0.404365
4757 0.26727
4758 0.48411
4759 0.246487
4760 0.23639
4761 0.227148
4762 0.248397
4763 0.210423
4764 0.1973
4765 0.19037
4766 0.18899
4767 0.1718
4768 0.167415
4769 0.15642
4770 0.147585
4771 0.193387
4772 0.135525
4773 0.204105
4774 0.121703
4775 0.109725
4776 0.09915
4777 0.095645
4778 0.0871875
4779 0.0791025
4780 0.175093
4781 0.071815
4782 0.0656925
4783 0.0620425
4784 0.05378
4785 0.0475575
4786 0.0445625
4787 0.03809
4788 0.0302775
4789 0.0270875
4790 0.0210325
4791 0.0270875
4792 0.0210325
4793 0.0169
4794 0.0155475
4795 0.0121425
4796 0.0086275
4797 0.007225
4798 0.004505
4799 0.00205
4800 0.000965
4801 0.00072
4802 0.000625
4803 0.0005675
4804 0.0005175
4805 0.000505
4806 0.0004975
4807 0.0004875
4808 0.161082
4809 0.158048
4810 0.0003725
4811 0.398153
4812 0.04949
4813 0.000285
4814 0.761073
4815 0.60191
4816 0.0003425
4817 0.309343
4818 0.0003575
4819 0.000765
4820 0.000395
4821 0.0015625
4822 0.000355
4823 0.0003025
4824 0.00028
4825 0.0002675
4826 0.00028
4827 0.60383
4828 0.0002175
4829 0.0001925
4830 0.000195
4831 0.00019
4832 0.0002025
4833 0.0001825
4834 0.0022425
4835 0.0313275
4836 0.05593
4837 0.0020475
4838 0.002135
4839 0.00223
4840 0.0025125
4841 0.0025075
4842 0.0519225
4843 0.0025775
4844 0.002675
4845 0.00301
4846 0.00294
4847 0.00293
4848 0.0028725
4849 0.0030225
4850 0.00298
4851 0.0030525
4852 0.0031275
4853 0.064905
4854 0.68882
4855 0.003475
4856 0.0035475
4857 0.003445
4858 0.00345
4859 0.0035175
4860 0.0034025
4861 0.0033775
4862 0.0097125
4863 0.00333
4864 0.0030125
4865 0.003
4866 0.00265
4867 0.205058
4868 0.02401
4869 0.034825
4870 0.002675
4871 0.002435
4872 0.0023725
4873 0.0021625
4874 0.357995
4875 0.0019825
4876 0.001905
4877 0.055825
4878 0.0018125
4879 0.0017775
4880 0.746343
4881 0.01569
4882 0.00165
4883 0.11706
4884 0.566573
4885 0.001965
4886 0.00184
4887 0.0020225
4888 0.00199
4889 0.887537
4890 0.0017475
4891 0.288162
4892 0.484432
4893 0.001745
4894 0.0016325
4895 0.0014475
4896 0.0013325
4897 0.0011375
4898 0.00088
4899 0.0809625
4900 0.85844
4901 0.00049
4902 0.0003975
4903 0.179657
4904 0.0205575
4905 0.0002475
4906 0.0002275
4907 0.425812
4908 0.0001825
4909 0.188945
4910 0.0420575
4911 0.0001325
4912 0.524282
4913 0.000125
4914 0.00012
4915 0.0001175
4916 0.0014475
4917 0.0125425
4918 0.025005
4919 0.885607
4920 0.578873
4921 0.0622775
4922 0.046015
4923 0.04803
4924 0.050855
4925 0.0517125
4926 0.0540275
4927 0.072845
4928 0.0800975
4929 0.0924825
4930 0.103855
4931 0.10861
4932 0.115125
4933 0.117633
4934 0.118825
4935 0.614805
4936 0.235687
4937 0.1246
4938 0.12455
4939 0.132895
4940 0.13314
4941 0.133313
4942 0.13222
4943 0.132335
4944 0.83095
4945 0.13318
4946 0.131667
4947 0.48196
4948 0.233643
4949 0.132642
4950 0.1276
4951 0.29174
4952 0.11889
4953 0.114475
4954 0.109232
4955 0.10733
4956 0.0986975
4957 0.361673
4958 0.093
4959 0.090165
4960 0.0867375
4961 0.738827
4962 0.083205
4963 0.0783475
4964 0.287995
4965 0.818057
4966 0.0648575
4967 0.066795
4968 0.0710975
4969 0.0773075
4970 0.080905
4971 0.0867375
4972 0.0913675
4973 0.0953225
4974 0.63826
4975 0.212585
4976 0.11337
4977 0.11799
4978 0.118385
4979 0.118072
4980 0.11584
4981 0.11325
4982 0.0016175
4983 0.43438
4984 0.0248875
4985 0.113165
4986 0.113895
4987 0.112535
4988 0.11307
4989 0.111077
4990 0.34156
4991 0.265002
4992 0.271405
4993 0.109158
4994 0.109405
4995 0.108065
4996 0.205772
4997 0.269663
4998 0.108505
4999 0.109232
5000 0.108065
5001 0.104728
5002 0.09968
5003 0.109467
5004 0.497937
5005 0.091095
5006 0.0892925
5007 0.148163
5008 0.634872
5009 0.08553
5010 0.247725
5011 0.790268
5012 0.130892
5013 0.0658825
5014 0.059745
5015 0.0019025
5016 0.050385
5017 0.0445
5018 0.883032
5019 0.03316
5020 0.852113
5021 0.0311675
5022 0.032345
5023 0.0298625
5024 0.0289175
5025 0.85138
5026 0.024395
5027 0.023355
5028 0.020455
5029 0.018215
5030 0.016945
5031 0.01633
5032 0.843178
5033 0.038975
5034 0.345255
5035 0.0179575
5036 0.0176075
5037 0.017665
5038 0.017935
5039 0.767778
5040 0.01843
5041 0.902417
5042 0.018385
5043 0.204845
5044 0.0187525
5045 0.0184875
5046 0.0189225
5047 0.02053
5048 0.0218825
5049 0.0253925
5050 0.69714
5051 0.031465
5052 0.88901
5053 0.048645
5054 0.626415
5055 0.05519
5056 0.889255
5057 0.066775
5058 0.762452
5059 0.857308
5060 0.689318
5061 0.103445
5062 0.11288
5063 0.181355
5064 0.355673
5065 0.149345
5066 0.154718
5067 0.166025
5068 0.176462
5069 0.15895
5070 0.864603
5071 0.219527
5072 0.798535
5073 0.238022
5074 0.374635
5075 0.2534
5076 0.26214
5077 0.320605
5078 0.215413
5079 0.268515
5080 0.848085
5081 0.1907
5082 0.265238
5083 0.69228
5084 0.259622
5085 0.128997
5086 0.23733
5087 0.237632
5088 0.23194
5089 0.63768
5090 0.210737
5091 0.826845
5092 0.187505
5093 0.184152
5094 0.471005
5095 0.17498
5096 0.174402
5097 0.175212
5098 0.167667
5099 0.59195
5100 0.158985
5101 0.15089
5102 0.14639
5103 0.134368
5104 0.488073
5105 0.490138
5106 0.117515
5107 0.715995
5108 0.84977
5109 0.323035
5110 0.096795
5111 0.0960575
5112 0.0930325
5113 0.849135
5114 0.0912425
5115 0.08453
5116 0.082285
5117 0.0808225
5118 0.0906925
5119 0.063035
5120 0.0608225
5121 0.05059
5122 0.0436525
5123 0.0354075
5124 0.0264025
5125 0.017795
5126 0.0148125
5127 0.0084625
5128 0.46875
5129 0.56325
5130 0.0272025
5131 0.006035
5132 0.0003925
5133 0.0003575
5134 0.0005225
5135 0.46847
5136 0.0003925
5137 0.0069725
5138 0.000365
5139 0.016655
5140 0.0003275
5141 0.0003175
5142 0.0003175
5143 0.0003125
5144 0.00032
5145 0.173237
5146 0.05205
5147 0.0002575
5148 0.000265
5149 0.0002525
5150 0.0002375
5151 0.000225
5152 0.002305
5153 0.0002225
5154 0.0002325
5155 0.000235
5156 0.00024
5157 0.0002425
5158 0.00024
5159 0.000515
5160 0.000475
5161 0.0004175
5162 0.000295
5163 0.0002975
5164 0.000285
5165 0.156548
5166 0.000205
5167 0.038995
5168 0.0002
5169 0.000185
5170 0.0001825
5171 0.000185
5172 0.185053
5173 0.000195
5174 0.000185
5175 0.000185
5176 0.0001725
5177 0.00018
5178 0.0001925
5179 0.00021
5180 0.0001725
5181 0.0001675
5182 0.000165
5183 0.842222
5184 4.5e-05
5185 0.22494
5186 4e-05
5187 0.008415
5188 3.25e-05
5189 0.153523
5190 2e-05
5191 2e-05
5192 0
5193 0.386037
5194 0
5195 0.0003025
5196 0.236827
5197 0.133475
5198 0.0002525
5199 0.000225
5200 0.0002075
5201 0.0002025
5202 0.14764
5203 0.00019
5204 0.0001825
5205 0.0001525
5206 0.00014
5207 0.0001525
5208 0.0001425
5209 0.000135
5210 0.000155
5211 0.0001575
5212 0.0001525
5213 0.00014
5214 0.0001525
5215 0.000165
5216 0.0377825
5217 0.000165
5218 0.000165
5219 0.0001675
5220 0.555488
5221 0.00029
5222 0.0002825
5223 0.000255
5224 0.00024
5225 0.00024
5226 0.0002375
5227 0.0002225
5228 0.00022
5229 0.00021
5230 0.0002025
5231 0.0001725
5232 0.0001775
5233 0.143365
5234 0.0001775
5235 0.0001775
5236 0.0001775
5237 0.0001775
5238 0.02245
5239 0.860938
5240 0.366515
5241 0.0001725
5242 0.0001525
5243 0.0001375
5244 0.0001375
5245 0.00033
5246 0.000265
5247 0.0002575
5248 0.000255
5249 0.000255
5250 0.0002575
5251 0.453833
5252 0.0002925
5253 0.0002875
5254 0.0002675
5255 0.0002475
5256 0.000195
5257 0.004505
5258 0.0147775
5259 0.0201625
5260 0.0312425
5261 0.0413025
5262 0.045855
5263 0.144535
5264 0.0606825
5265 0.0618
5266 0.0639975
5267 0.842952
5268 0.06783
5269 0.07151
5270 0.074965
5271 0.074715
5272 0.075485
5273 0.075395
5274 0.0759625
5275 0.0759475
5276 0.07613
5277 0.0763125
5278 0.0758975
5279 0.07632
5280 0.0767875
5281 0.0771225
5282 0.07705
5283 0.076855
5284 0.0768425
5285 0.521595
5286 0.0780275
5287 0.082495
5288 0.0910775
5289 0.102422
5290 0.109507
5291 0.282915
5292 0.130807
5293 0.506408
5294 0.143975
5295 0.299135
5296 0.15673
5297 0.161795
5298 0.59279
5299 0.16694
5300 0.172395
5301 0.184325
5302 0.186257
5303 0.191785
5304 0.19343
5305 0.000395
5306 0.194623
5307 0.350535
5308 0.196898
5309 0.271795
5310 0.195557
5311 0.602605
5312 0.191123
5313 0.272867
5314 0.251038
5315 0.151782
5316 0.191502
5317 0.189535
5318 0.19503
5319 0.192208
5320 0.566445
5321 0.188777
5322 0.186855
5323 0.558933
5324 0.182365
5325 0.180558
5326 0.179058
5327 0.166635
5328 0.19582
5329 0.200077
5330 0.526425
5331 0.212787
5332 0.216197
5333 0.223252
5334 0.22764
5335 0.204398
5336 0.285208
5337 0.56628
5338 0.227282
5339 0.0567775
5340 0.228242
5341 0.227655
5342 0.228297
5343 0.227733
5344 0.228077
5345 0.227165
5346 0.227085
5347 0.1842
5348 0.22679
5349 0.231763
5350 0.234703
5351 0.245253
5352 0.25805
5353 0.263472
5354 0.27573
5355 0.4416
5356 0.293045
5357 0.304542
5358 0.311352
5359 0.313607
5360 0.74605
5361 0.385723
5362 0.48434
5363 0.304105
5364 0.0018475
5365 0.304875
5366 0.487577
5367 0.297045
5368 0.344473
5369 0.29425
5370 0.62903
5371 0.660805
5372 0.319582
5373 0.444727
5374 0.295965
5375 0.295208
5376 0.311032
5377 0.295992
5378 0.296385
5379 0.2952
5380 0.295038
5381 0.411942
5382 0.294032
5383 0.339933
5384 0.298812
5385 0.303142
5386 0.304862
5387 0.30863
5388 0.491625
5389 0.313543
5390 0.429522
5391 0.32165
5392 0.31891
5393 0.327285
5394 0.330302
5395 0.332172
5396 0.332423
5397 0.332778
5398 0.552863
5399 0.332485
5400 0.332993
5401 0.336747
5402 0.332535
5403 0.33389
5404 0.33456
5405 0.713738
5406 0.337817
5407 0.338402
5408 0.338365
5409 0.338697
5410 0.337703
5411 0.33781
5412 0.338475
5413 0.3375
5414 0.34119
5415 0.348895
5416 0.35559
5417 0.389852
5418 0.37866
5419 0.37307
5420 0.376945
5421 0.408205
5422 0.652045
5423 0.390002
5424 0.391742
5425 0.731858
5426 0.72928
5427 0.396153
5428 0.395108
5429 0.39687
5430 0.74886
5431 0.399445
5432 0.389785
5433 0.404065
5434 0.233948
5435 0.405048
5436 0.408548
5437 0.409685
5438 0.414322
5439 0.058775
5440 0.478727
5441 0.42418
5442 0.42763
5443 0.42782
5444 0.430953
5445 0.660373
5446 0.437302
5447 0.45209
5448 0.446767
5449 0.447477
5450 0.451387
5451 0.614605
5452 0.45414
5453 0.455653
5454 0.799985
5455 0.457863
5456 0.456565
5457 0.221078
5458 0.455137
5459 0.454732
5460 0.459137
5461 0.459585
5462 0.459693
5463 0.739197
5464 0.461178
5465 0.460242
5466 0.459755
5467 0.664602
5468 0.85161
5469 0.57753
5470 0.25245
5471 0.478297
5472 0.45335
5473 0.45301
5474 0.45115
5475 0.421252
5476 0.450915
5477 0.451302
5478 0.746125
5479 0.454035
5480 0.456558
5481 0.794215
5482 0.46035
5483 0.463543
5484 0.467562
5485 0.435993
5486 0.764912
5487 0.743232
5488 0.478693
5489 0.48226
5490 0.484897
5491 0.488355
5492 0.848333
5493 0.002695
5494 0.476545
5495 0.508862
5496 0.527822
5497 0.496528
5498 0.685535
5499 0.529475
5500 0.539623
5501 0.5495
5502 0.55292
5503 0.55659
5504 0.560865
5505 0.578913
5506 0.55104
5507 0.59032
5508 0.595063
5509 0.608115
5510 0.867075
5511 0.83972
5512 0.622428
5513 0.626415
5514 0.629633
5515 0.770585
5516 0.6328
5517 0.63913
5518 0.88916
5519 0.684712
5520 0.68871
5521 0.689468
5522 0.724985
5523 0.698597
5524 0.698525
5525 0.78742
5526 0.714113
5527 0.7235
5528 0.664713
5529 0.75994
5530 0.766515
5531 0.765918
5532 0.785332
5533 0.540415
5534 0.798535
5535 0.889485
5536 0.853217
5537 0.506315
5538 0.81088
5539 0.812128
5540 0.812107
5541 0.813588
5542 0.813952
5543 0.846158
5544 0.846357
5545 0.84897
5546 0.84682
5547 0.846782
5548 0.84659
5549 0.84505
5550 0.820225
5551 0.84498
5552 0.842997
5553 0.112367
5554 0.82145
5555 0.84273
5556 0.843877
5557 0.829618
5558 0.84207
5559 0.635557
5560 0.844047
5561 0.838688
5562 0.822017
5563 0.837193
5564 0.775885
5565 0.409662
5566 0.835777
5567 0.834438
5568 0.835638
5569 0.836102
5570 0.834997
5571 0.46788
5572 0.232563
5573 0.520513
5574 0.837403
5575 0.835917
5576 0.833512
5577 0.832202
5578 0.832412
5579 0.82467
5580 0.816908
5581 0.8311
5582 0.831692
5583 0.830895
5584 0.833483
5585 0.839172
5586 0.84857
5587 0.852175
5588 0.473438
5589 0.610005
5590 0.86572
5591 0.867138
5592 0.84909
5593 0.878927
5594 0.39918
5595 0.542497
5596 0.87859
5597 0.87856
5598 0.48411
5599 0.878575
5600 0.87805
5601 0.66787
5602 0.878443
5603 0.878285
5604 0.44384
5605 0.87742
5606 0.877437
5607 0.876995
5608 0.886578
5609 0.87571
5610 0.725087
5611 0.417978
5612 0.868748
5613 0.87404
5614 0.87369
5615 0.873705
5616 0.873337
5617 0.87308
5618 0.853115
5619 0.874988
5620 0.87504
5621 0.87451
5622 0.874825
5623 0.875195
5624 0.672505
5625 0.875287
5626 0.875015
5627 0.875205
5628 0.910795
5629 0.875783
5630 0.875212
5631 0.875275
5632 0.8754
5633 0.875505
5634 0.876003
5635 0.87589
5636 0.87576
5637 0.875715
5638 0.876055
5639 0.876528
5640 0.876907
5641 0.87803
5642 0.0001825
5643 0.87741
5644 0.87693
5645 0.87673
5646 0.876753
5647 0.87761
5648 0.877502
5649 0.577275
5650 0.888835
5651 0.876618
5652 0.724758
5653 0.875692
5654 0.50711
5655 0.875055
5656 0.870715
5657 0.634045
5658 0.870633
5659 0.874905
5660 0.875003
5661 0.87474
5662 0.87492
5663 0.889848
5664 0.87513
5665 0.87521
5666 0.875777
5667 0.188092
5668 0.00019
5669 0.86888
5670 0.87498
5671 0.875672
5672 0.876123
5673 0.876038
5674 0.876267
5675 0.745065
5676 0.87205
5677 0.876842
5678 0.876763
5679 0.772223
5680 0.679695
5681 0.876988
5682 0.876345
5683 0.665913
5684 0.876008
5685 0.872058
5686 0.142267
5687 0.875585
5688 0.875772
5689 0.645077
5690 0.876182
5691 0.876543
5692 0.87662
5693 0.875425
5694 0.87588
5695 0.87606
5696 0.87654
5697 0.876957
5698 0.86341
5699 0.876117
5700 0.875992
5701 0.875715
5702 0.519622
5703 0.875103
5704 0.41786
5705 0.87479
5706 0.87497
5707 0.875175
5708 0.87492
5709 0.867727
5710 0.000255
5711 0.870382
5712 0.869912
5713 0.868748
5714 0.86846
5715 0.868213
5716 0.853768
5717 0.880395
5718 0.5731
5719 0.863785
5720 0.86375
5721 0.83872
5722 0.86332
5723 0.863343
5724 0.863513
5725 0.863383
5726 0.858062
5727 0.863402
5728 0.86351
5729 0.863245
5730 0.862855
5731 0.862842
5732 0.862672
5733 0.862625
5734 0.137095
5735 0.862665
