1 0.0753275
2 0.0729775
3 0.07459
4 0.0786275
5 0.0837125
6 0.0871525
7 0.0922075
8 0.0999575
9 0.102438
10 0.105085
11 0.106938
12 0.107735
13 0.10911
14 0.111235
15 0.111585
16 0.113003
17 0.114267
18 0.114382
19 0.114837
20 0.115538
21 0.115975
22 0.11601
23 0.116532
24 0.117035
25 0.119947
26 0.12333
27 0.124205
28 0.1273
29 0.13039
30 0.130188
31 0.130315
32 0.130955
33 0.375657
34 0.130947
35 0.13055
36 0.1313
37 0.851113
38 0.130903
39 0.131233
40 0.131683
41 0.1317
42 0.132245
43 0.13295
44 0.133355
45 0.136398
46 0.135395
47 0.135505
48 0.135483
49 0.135585
50 0.135382
51 0.135947
52 0.366028
53 0.135442
54 0.13514
55 0.030145
56 0.134112
57 0.023155
58 0.397112
59 0.132755
60 0.132667
61 0.132617
62 0.132203
63 0.132107
64 0.132552
65 0.13284
66 0.133513
67 0.133785
68 0.133742
69 0.133972
70 0.134353
71 0.134882
72 0.22161
73 0.137293
74 0.138887
75 0.139462
76 0.140363
77 0.140698
78 0.204212
79 0.142363
80 0.144795
81 0.146292
82 0.14895
83 0.154073
84 0.158062
85 0.839777
86 0.219
87 0.175987
88 0.182973
89 0.189722
90 0.151115
91 0.19941
92 0.202692
93 0.202623
94 0.20292
95 0.203965
96 0.204852
97 0.205058
98 0.205902
99 0.206425
100 0.237113
101 0.761402
102 0.207618
103 0.208058
104 0.207577
105 0.20693
106 0.233745
107 0.208655
108 0.209872
109 0.212838
110 0.217383
111 0.889938
112 0.22458
113 0.228325
114 0.22956
115 0.234178
116 0.223475
117 0.239418
118 0.189062
119 0.240553
120 0.238865
121 0.47006
122 0.66192
123 0.23784
124 0.238015
125 0.238205
126 0.237665
127 0.238588
128 0.2397
129 0.818492
130 0.816468
131 0.243913
132 0.244455
133 0.248548
134 0.249752
135 0.4643
136 0.252242
137 0.253945
138 0.255362
139 0.234255
140 0.256383
141 0.256537
142 0.254397
143 0.215003
144 0.30869
145 0.25263
146 0.25105
147 0.250908
148 0.248567
149 0.262338
150 0.246402
151 0.24493
152 0.24355
153 0.24329
154 0.330593
155 0.240773
156 0.554425
157 0.237505
158 0.236075
159 0.235247
160 0.23393
161 0.017685
162 0.232407
163 0.231068
164 0.22396
165 0.229513
166 0.229123
167 0.0184875
168 0.22873
169 0.227837
170 0.284945
171 0.229085
172 0.228195
173 0.227135
174 0.223855
175 0.42368
176 0.22602
177 0.239707
178 0.224763
179 0.224843
180 0.846368
181 0.225015
182 0.224455
183 0.224365
184 0.337267
185 0.223413
186 0.22307
187 0.221642
188 0.221078
189 0.33017
190 0.22163
191 0.426945
192 0.221603
193 0.237198
194 0.221335
195 0.222115
196 0.326612
197 0.222165
198 0.222312
199 0.353145
200 0.222255
201 0.0451075
202 0.22275
203 0.222977
204 0.223192
205 0.22349
206 0.222993
207 0.222672
208 0.222405
209 0.222328
210 0.222235
211 0.222647
212 0.222667
213 0.224275
214 0.25346
215 0.222105
216 0.221892
217 0.22156
218 0.221637
219 0.221865
220 0.204005
221 0.221905
222 0.222913
223 0.22134
224 0.221078
225 0.22491
226 0.22095
227 0.220855
228 0.220942
229 0.234623
230 0.22053
231 0.220545
232 0.220435
233 0.269292
234 0.220925
235 0.27784
236 0.221303
237 0.22105
238 0.220837
239 0.220307
240 0.21966
241 0.219872
242 0.220895
243 0.30216
244 0.760757
245 0.221175
246 0.22104
247 0.22121
248 0.221015
249 0.22073
250 0.220403
251 0.220095
252 0.219775
253 0.219257
254 0.21904
255 0.681438
256 0.219045
257 0.219248
258 0.219105
259 0.219408
260 0.219282
261 0.847808
262 0.218713
263 0.188883
264 0.218977
265 0.218798
266 0.2187
267 0.218427
268 0.218335
269 0.218305
270 0.218587
271 0.218565
272 0.218287
273 0.218117
274 0.218273
275 0.218633
276 0.218353
277 0.217587
278 0.217053
279 0.216628
280 0.216625
281 0.216635
282 0.216892
283 0.21685
284 0.217583
285 0.2174
286 0.21764
287 0.216817
288 0.620223
289 0.30004
290 0.214995
291 0.214778
292 0.21439
293 0.389665
294 0.214285
295 0.88571
296 0.719433
297 0.215213
298 0.21508
299 0.214952
300 0.214803
301 0.214753
302 0.21487
303 0.214647
304 0.295193
305 0.21474
306 0.214698
307 0.214745
308 0.214998
309 0.819045
310 0.21567
311 0.244638
312 0.21609
313 0.215987
314 0.21772
315 0.21789
316 0.218048
317 0.217883
318 0.217628
319 0.217528
320 0.21933
321 0.219245
322 0.843265
323 0.218842
324 0.218828
325 0.219427
326 0.219773
327 0.0002225
328 0.848307
329 0.219605
330 0.737695
331 0.219218
332 0.21901
333 0.218982
334 0.219222
335 0.219117
336 0.21919
337 0.347925
338 0.219275
339 0.332815
340 0.219998
341 0.22203
342 0.223463
343 0.225633
344 0.227928
345 0.228793
346 0.219952
347 0.232563
348 0.232997
349 0.534038
350 0.233095
351 0.23281
352 0.575045
353 0.232428
354 0.23218
355 0.231877
356 0.231565
357 0.23173
358 0.2316
359 0.231783
360 0.23155
361 0.44644
362 0.196048
363 0.231293
364 0.602428
365 0.23086
366 0.230577
367 0.063595
368 0.23
369 0.229827
370 0.229112
371 0.228742
372 0.228882
373 0.228428
374 0.228225
375 0.22802
376 0.227422
377 0.227368
378 0.227128
379 0.321817
380 0.226645
381 0.226298
382 0.226387
383 0.006085
384 0.22667
385 0.227873
386 0.22942
387 0.230445
388 0.232283
389 0.235393
390 0.23675
391 0.237835
392 0.238932
393 0.238965
394 0.23954
395 0.242388
396 0.243055
397 0.243223
398 0.24384
399 0.244407
400 0.244938
401 0.847405
402 0.246075
403 0.247113
404 0.248438
405 0.36977
406 0.888445
407 0.252412
408 0.568592
409 0.255358
410 0.888197
411 0.25873
412 0.261593
413 0.266483
414 0.28282
415 0.273008
416 0.27724
417 0.27895
418 0.283505
419 0.28674
420 0.289565
421 0.29205
422 0.29721
423 0.299245
424 0.304152
425 0.3099
426 0.312113
427 0.31727
428 0.548937
429 0.323635
430 0.3297
431 0.334272
432 0.380075
433 0.342357
434 0.348035
435 0.35099
436 0.355372
437 0.359743
438 0.360555
439 0.363835
440 0.366808
441 0.36743
442 0.371273
443 0.847917
444 0.374198
445 0.383105
446 0.384757
447 0.385323
448 0.38685
449 0.38941
450 0.39033
451 0.393027
452 0.39507
453 0.192208
454 0.398695
455 0.400718
456 0.401025
457 0.40275
458 0.40492
459 0.405687
460 0.406488
461 0.408573
462 0.40879
463 0.410712
464 0.395695
465 0.411872
466 0.41189
467 0.412307
468 0.411708
469 0.41259
470 0.41786
471 0.68876
472 0.418177
473 0.4182
474 0.418285
475 0.927022
476 0.417455
477 0.416492
478 0.416325
479 0.37121
480 0.416137
481 0.416673
482 0.415917
483 0.415737
484 0.360415
485 0.241677
486 0.41634
487 0.416332
488 0.904177
489 0.41569
490 0.41516
491 0.415482
492 0.41541
493 0.710675
494 0.415755
495 0.416577
496 0.667485
497 0.416705
498 0.41747
499 0.419058
500 0.424113
501 0.426555
502 0.457895
503 0.887305
504 0.445288
505 0.45463
506 0.458367
507 0.101028
508 0.465925
509 0.470415
510 0.472542
511 0.474287
512 0.888572
513 0.475155
514 0.477938
515 0.479953
516 0.481162
517 0.486183
518 0.490862
519 0.493343
520 0.507308
521 0.510872
522 0.512795
523 0.592017
524 0.622575
525 0.523282
526 0.19485
527 0.528635
528 0.530687
529 0.55838
530 0.532675
531 0.59431
532 0.53248
533 0.532308
534 0.657055
535 0.535088
536 0.535295
537 0.534942
538 0.53516
539 0.490683
540 0.534798
541 0.533253
542 0.533977
543 0.533482
544 0.533317
545 0.456933
546 0.532845
547 0.532145
548 0.53189
549 0.531532
550 0.52992
551 0.536915
552 0.528083
553 0.527632
554 0.52625
555 0.503772
556 0.524955
557 0.523828
558 0.52361
559 0.485038
560 0.523125
561 0.522097
562 0.521023
563 0.520748
564 0.51921
565 0.518605
566 0.51769
567 0.517607
568 0.51698
569 0.519745
570 0.51658
571 0.519277
572 0.521145
573 0.521825
574 0.525713
575 0.529127
576 0.531432
577 0.53502
578 0.601618
579 0.541242
580 0.5461
581 0.55078
582 0.843925
583 0.74361
584 0.534545
585 0.566573
586 0.571732
587 0.576562
588 0.579542
589 0.584438
590 0.589368
591 0.890927
592 0.595598
593 0.604572
594 0.60655
595 0.62291
596 0.63103
597 0.63485
598 0.639593
599 0.645015
600 0.647212
601 0.651275
602 0.655598
603 0.433067
604 0.911033
605 0.661602
606 0.663578
607 0.672455
608 0.678843
609 0.681427
610 0.453555
611 0.690418
612 0.692067
613 0.751245
614 0.696083
615 0.696592
616 0.696785
617 0.697345
618 0.697218
619 0.69756
620 0.707557
621 0.708043
622 0.708387
623 0.708385
624 0.707935
625 0.708395
626 0.70793
627 0.707222
628 0.707125
629 0.70755
630 0.709503
631 0.71067
632 0.713345
633 0.713738
634 0.744217
635 0.715318
636 0.7174
637 0.717657
638 0.718522
639 0.86849
640 0.720167
641 0.720357
642 0.720962
643 0.720847
644 0.710915
645 0.740947
646 0.741375
647 0.74237
648 0.750413
649 0.744433
650 0.745408
651 0.74629
652 0.74083
653 0.89171
654 0.74792
655 0.74852
656 0.748955
657 0.749587
658 0.749263
659 0.74969
660 0.749367
661 0.748962
662 0.749188
663 0.74986
664 0.749892
665 0.749975
666 0.749663
667 0.748827
668 0.748463
669 0.748125
670 0.750568
671 0.747788
672 0.81088
673 0.747247
674 0.746533
675 0.7467
676 0.746452
677 0.745847
678 0.441225
679 0.745997
680 0.746398
681 0.747217
682 0.747323
683 0.746505
684 0.404282
685 0.746205
686 0.109113
687 0.74561
688 0.745263
689 0.745762
690 0.745537
691 0.75147
692 0.744633
693 0.744633
694 0.744393
695 0.750622
696 0.750202
697 0.74545
698 0.74503
699 0.7495
700 0.224422
701 0.739892
702 0.749522
703 0.748807
704 0.749827
705 0.749297
706 0.75126
707 0.751595
708 0.752417
709 0.75356
710 0.755458
711 0.757232
712 0.75822
713 0.758585
714 0.759493
715 0.759315
716 0.761798
717 0.765437
718 0.770315
719 0.77642
720 0.859058
721 0.849385
722 0.0498225
723 0.817002
724 0.817747
725 0.818057
726 0.815655
727 0.818067
728 0.81748
729 0.818002
730 0.87805
731 0.525083
732 0.820125
733 0.820163
734 0.822843
735 0.824762
736 0.02229
737 0.83034
738 0.832318
739 0.832395
740 0.835873
741 0.567527
742 0.83767
743 0.838407
744 0.838535
745 0.853765
746 0.856225
747 0.855938
748 0.856468
749 0.856838
750 0.857973
751 0.86205
752 0.862748
753 0.862773
754 0.862587
755 0.862208
756 0.851075
757 0.863533
758 0.864968
759 0.863938
760 0.863818
761 0.863988
762 0.865155
763 0.868578
764 0.891833
765 0.604565
766 0.87069
767 0.87169
768 0.87208
769 0.873493
770 0.877025
771 0.61326
772 0.876528
773 0.88677
774 0.887007
775 0.860343
776 0.886822
777 0.88658
778 0.886252
779 0.886428
780 0.886482
781 0.886085
782 0.893238
783 0.900003
784 0.88535
785 0.88507
786 0.88477
787 0.885032
788 0.884912
789 0.884513
790 0.883933
791 0.883955
792 0.883655
793 0.840302
794 0.882132
795 0.878402
796 0.878755
797 0.87849
798 0.876985
799 0.876763
800 0.875973
801 0.875165
802 0.873193
803 0.871355
804 0.87124
805 0.876082
806 0.871395
807 0.869302
808 0.868223
809 0.784197
810 0.86873
811 0.854052
812 0.872235
813 0.869738
814 0.87968
815 0.880255
816 0.881452
817 0.882135
818 0.882395
819 0.883312
820 0.8416
821 0.82569
822 0.825925
823 0.81642
824 0.840265
825 0.7127
826 0.846577
827 0.334572
828 0.850222
829 0.851615
830 0.853267
831 0.853757
832 0.854982
833 0.856762
834 0.83863
835 0.856823
836 0.857202
837 0.857378
838 0.857773
839 0.858017
840 0.12585
841 0.85835
842 0.85832
843 0.858293
844 0.858792
845 0.524687
846 0.79785
847 0.109605
848 0.862393
849 0.862367
850 0.855938
851 0.862765
852 0.865825
853 0.862712
854 0.862653
855 0.616428
856 0.862225
857 0.198137
858 0.861923
859 0.861783
860 0.839205
861 0.821527
862 0.862587
863 0.711975
864 0.86273
865 0.862615
866 0.862577
867 0.862387
868 0.86498
869 0.862348
870 0.594125
871 0.134642
872 0.862947
873 0.86135
874 0.861352
875 0.861557
876 0.861587
877 0.861847
878 0.861915
879 0.78927
880 0.863468
881 0.863487
882 0.863422
883 0.863158
884 0.796027
885 0.863095
886 0.862995
887 0.862882
888 0.86295
889 0.862765
890 0.862302
891 0.862712
892 0.862468
893 0.750147
894 0.862058
895 0.862202
896 0.862387
897 0.862278
898 0.862275
899 0.862128
900 0.862285
901 0.862287
902 0.862278
903 0.86232
904 0.195172
905 0.861707
906 0.86189
907 0.861655
908 0.212317
909 0.861592
910 0.861553
911 0.861572
912 0.861285
913 0.862332
914 0.862437
915 0.71911
916 0.863138
917 0.863308
918 0.863278
919 0.863463
920 0.86309
921 0.863428
922 0.863662
923 0.844675
924 0.863605
925 0.86361
926 0.863552
927 0.71765
928 0.863325
929 0.801935
930 0.861792
931 0.862187
932 0.861938
933 0.862455
934 0.862533
935 0.862267
936 0.862167
937 0.86185
938 0.48203
939 0.862115
940 0.804922
941 0.862088
942 0.861712
943 0.861383
944 0.866437
945 0.861123
946 0.241033
947 0.855645
948 0.861065
949 0.861132
950 0.641617
951 0.860463
952 0.86019
953 0.86024
954 0.860202
955 0.862827
956 0.862495
957 0.86273
958 0.862882
959 0.862773
960 0.791355
961 0.86233
962 0.817442
963 0.81396
964 0.861742
965 0.851703
966 0.86124
967 0.860938
968 0.860855
969 0.860975
970 0.860705
971 0.86057
972 0.860683
973 0.860585
974 0.860847
975 0.860555
976 0.860088
977 0.860025
978 0.859565
979 0.85941
980 0.858082
981 0.85802
982 0.816083
983 0.854835
984 0.857775
985 0.857495
986 0.857977
987 0.8568
988 0.857773
989 0.858097
990 0.613138
991 0.858918
992 0.787855
993 0.802702
994 0.859818
995 0.85989
996 0.24809
997 0.860163
998 0.850607
999 0.71308
1000 0.860452
1001 0.693368
1002 0.860595
1003 0.860513
1004 0.860275
1005 0.859045
1006 0.83246
1007 0.858745
1008 0.85885
1009 0.858953
1010 0.858173
1011 0.85848
1012 0.858178
1013 0.858108
1014 0.858245
1015 0.858235
1016 0.858527
1017 0.8579
1018 0.857995
1019 0.858478
1020 0.858605
1021 0.858832
1022 0.858495
1023 0.858093
1024 0.858125
1025 0.345307
1026 0.21044
1027 0.25149
1028 0.85787
1029 0.857598
1030 0.85768
1031 0.857958
1032 0.858052
1033 0.858282
1034 0.858463
1035 0.85852
1036 0.85992
1037 0.859868
1038 0.859675
1039 0.383147
1040 0.859463
1041 0.859348
1042 0.859445
1043 0.859355
1044 0.858868
1045 0.859472
1046 0.315298
1047 0.859115
1048 0.858785
1049 0.858862
1050 0.859265
1051 0.844675
1052 0.859428
1053 0.859263
1054 0.859468
1055 0.859533
1056 0.82205
1057 0.434215
1058 0.859305
1059 0.859745
1060 0.859947
1061 0.854925
1062 0.854307
1063 0.854125
1064 0.854145
1065 0.853657
1066 0.853195
1067 0.854058
1068 0.854087
1069 0.853988
1070 0.794315
1071 0.853742
1072 0.856823
1073 0.856032
1074 0.803183
1075 0.85642
1076 0.47821
1077 0.857407
1078 0.85751
1079 0.856775
1080 0.857073
1081 0.63373
1082 0.745267
1083 0.856965
1084 0.205343
1085 0.857005
1086 0.859235
1087 0.83816
1088 0.858825
1089 0.858413
1090 0.858712
1091 0.638857
1092 0.859005
1093 0.85879
1094 0.859413
1095 0.859032
1096 0.857788
1097 0.858598
1098 0.85836
1099 0.858703
1100 0.858885
1101 0.85877
1102 0.453458
1103 0.857818
1104 0.857862
1105 0.857895
1106 0.857527
1107 0.841902
1108 0.85767
1109 0.85781
1110 0.858035
1111 0.858895
1112 0.784852
1113 0.668843
1114 0.859062
1115 0.858478
1116 0.86293
1117 0.858603
1118 0.858668
1119 0.670238
1120 0.14814
1121 0.858505
1122 0.858753
1123 0.858648
1124 0.85838
1125 0.858017
1126 0.85845
1127 0.858437
1128 0.8352
1129 0.859598
1130 0.859703
1131 0.85935
1132 0.860452
1133 0.860132
1134 0.859058
1135 0.859783
1136 0.357
1137 0.859405
1138 0.704268
1139 0.859345
1140 0.858415
1141 0.8583
1142 0.808898
1143 0.820982
1144 0.855537
1145 0.209558
1146 0.551855
1147 0.854152
1148 0.853938
1149 0.85437
1150 0.21685
1151 0.852712
1152 0.854287
1153 0.853008
1154 0.81768
1155 0.852232
1156 0.183745
1157 0.84975
1158 0.846572
1159 0.364028
1160 0.84531
1161 0.839595
1162 0.790597
1163 0.841683
1164 0.841538
1165 0.847145
1166 0.847668
1167 0.847993
1168 0.432865
1169 0.852725
1170 0.854232
1171 0.854815
1172 0.855545
1173 0.651632
1174 0.855697
1175 0.820752
1176 0.85597
1177 0.855923
1178 0.855897
1179 0.779663
1180 0.855797
1181 0.814673
1182 0.855932
1183 0.85626
1184 0.176758
1185 0.85656
1186 0.86291
1187 0.847415
1188 0.862613
1189 0.862892
1190 0.862343
1191 0.548907
1192 0.861895
1193 0.86202
1194 0.57813
1195 0.86208
1196 0.862185
1197 0.862433
1198 0.862293
1199 0.862585
1200 0.862655
1201 0.862662
1202 0.862595
1203 0.86273
1204 0.86274
1205 0.86239
1206 0.86115
1207 0.702248
1208 0.861047
1209 0.86103
1210 0.86099
1211 0.862655
1212 0.862125
1213 0.8619
1214 0.86161
1215 0.861565
1216 0.860975
1217 0.861152
1218 0.861058
1219 0.86097
1220 0.860502
1221 0.860067
1222 0.860472
1223 0.45155
1224 0.860032
1225 0.86022
1226 0.81523
1227 0.824947
1228 0.342807
1229 0.859908
1230 0.859823
1231 0.85952
1232 0.859328
1233 0.858807
1234 0.858905
1235 0.858707
1236 0.857892
1237 0.858542
1238 0.85801
1239 0.85735
1240 0.856997
1241 0.8569
1242 0.85716
1243 0.857825
1244 0.858607
1245 0.859627
1246 0.781015
1247 0.588978
1248 0.859675
1249 0.786452
1250 0.859507
1251 0.85885
1252 0.85762
1253 0.805212
1254 0.857387
1255 0.8577
1256 0.66696
1257 0.85746
1258 0.857025
1259 0.856513
1260 0.85611
1261 0.85532
1262 0.855158
1263 0.855213
1264 0.855337
1265 0.855145
1266 0.855117
1267 0.854953
1268 0.85401
1269 0.853845
1270 0.85312
1271 0.852343
1272 0.853688
1273 0.851685
1274 0.85251
1275 0.851962
1276 0.85295
1277 0.853862
1278 0.861633
1279 0.866977
1280 0.787825
1281 0.85387
1282 0.85454
1283 0.64942
1284 0.832387
1285 0.854503
1286 0.505452
1287 0.855977
1288 0.856295
1289 0.856187
1290 0.854962
1291 0.854877
1292 0.854917
1293 0.85467
1294 0.75084
1295 0.8142
1296 0.855067
1297 0.85401
1298 0.8536
1299 0.854008
1300 0.85319
1301 0.853565
1302 0.853407
1303 0.206253
1304 0.781347
1305 0.852975
1306 0.853005
1307 0.784033
1308 0.851958
1309 0.852825
1310 0.85247
1311 0.852733
1312 0.85194
1313 0.851812
1314 0.851932
1315 0.851348
1316 0.851365
1317 0.307542
1318 0.85101
1319 0.85196
1320 0.578235
1321 0.570512
1322 0.847603
1323 0.311217
1324 0.846158
1325 0.84501
1326 0.845293
1327 0.820895
1328 0.837782
1329 0.84546
1330 0.84607
1331 0.846862
1332 0.846925
1333 0.84564
1334 0.844893
1335 0.845252
1336 0.842263
1337 0.8404
1338 0.840198
1339 0.84011
1340 0.840243
1341 0.84027
1342 0.794942
1343 0.840152
1344 0.839387
1345 0.839997
1346 0.83946
1347 0.841158
1348 0.841862
1349 0.842002
1350 0.84194
1351 0.842355
1352 0.610807
1353 0.842775
1354 0.84234
1355 0.843172
1356 0.843243
1357 0.84371
1358 0.843298
1359 0.758663
1360 0.843257
1361 0.846305
1362 0.8459
1363 0.753167
1364 0.84516
1365 0.844975
1366 0.844673
1367 0.844893
1368 0.84511
1369 0.845222
1370 0.845398
1371 0.4125
1372 0.846695
1373 0.808952
1374 0.846115
1375 0.845765
1376 0.842255
1377 0.8401
1378 0.421602
1379 0.83885
1380 0.839405
1381 0.840383
1382 0.840178
1383 0.84066
1384 0.840465
1385 0.67629
1386 0.837005
1387 0.8369
1388 0.83658
1389 0.83625
1390 0.835915
1391 0.835725
1392 0.83896
1393 0.839363
1394 0.198155
1395 0.696755
1396 0.83997
1397 0.840075
1398 0.541675
1399 0.841418
1400 0.841662
1401 0.841545
1402 0.550053
1403 0.842555
1404 0.842908
1405 0.842638
1406 0.83486
1407 0.845855
1408 0.846265
1409 0.84631
1410 0.8657
1411 0.85021
1412 0.850152
1413 0.850452
1414 0.84964
1415 0.547473
1416 0.850097
1417 0.861583
1418 0.84903
1419 0.849097
1420 0.838875
1421 0.47058
1422 0.850152
1423 0.84973
1424 0.849618
1425 0.848298
1426 0.848442
1427 0.849267
1428 0.84894
1429 0.840025
1430 0.493883
1431 0.850248
1432 0.849387
1433 0.849515
1434 0.849725
1435 0.849683
1436 0.855563
1437 0.8561
1438 0.854703
1439 0.854622
1440 0.842677
1441 0.853448
1442 0.85233
1443 0.799245
1444 0.852577
1445 0.851385
1446 0.852585
1447 0.853005
1448 0.854563
1449 0.854145
1450 0.85554
1451 0.85677
1452 0.821982
1453 0.857973
1454 0.35441
1455 0.862355
1456 0.864005
1457 0.863768
1458 0.863533
1459 0.86496
1460 0.866633
1461 0.871265
1462 0.76317
1463 0.873873
1464 0.876463
1465 0.878023
1466 0.879073
1467 0.835202
1468 0.880162
1469 0.87772
1470 0.691573
1471 0.87618
1472 0.875683
1473 0.873112
1474 0.871165
1475 0.870857
1476 0.870393
1477 0.867173
1478 0.867123
1479 0.868505
1480 0.866162
1481 0.86528
1482 0.863982
1483 0.880408
1484 0.863892
1485 0.86359
1486 0.843745
1487 0.54349
1488 0.86644
1489 0.868745
1490 0.869472
1491 0.873653
1492 0.875058
1493 0.87564
1494 0.878345
1495 0.87819
1496 0.87902
1497 0.87915
1498 0.87819
1499 0.876748
1500 0.87731
1501 0.875903
1502 0.875467
1503 0.876873
1504 0.889413
1505 0.276033
1506 0.87886
1507 0.880985
1508 0.880408
1509 0.638232
1510 0.882297
1511 0.220408
1512 0.885135
1513 0.884907
1514 0.884238
1515 0.88419
1516 0.882408
1517 0.882818
1518 0.776565
1519 0.883385
1520 0.883683
1521 0.810427
1522 0.834573
1523 0.882513
1524 0.882252
1525 0.880765
1526 0.879323
1527 0.87753
1528 0.877042
1529 0.876855
1530 0.867402
1531 0.873607
1532 0.255167
1533 0.688222
1534 0.868235
1535 0.86941
1536 0.861977
1537 0.860818
1538 0.859885
1539 0.8603
1540 0.840117
1541 0.860958
1542 0.860932
1543 0.859535
1544 0.860703
1545 0.860328
1546 0.858745
1547 0.856402
1548 0.855553
1549 0.853715
1550 0.842745
1551 0.836575
1552 0.832102
1553 0.828688
1554 0.826852
1555 0.825488
1556 0.826008
1557 0.80365
1558 0.832263
1559 0.832533
1560 0.836413
1561 0.834735
1562 0.838035
1563 0.842122
1564 0.844745
1565 0.846325
1566 0.847692
1567 0.848993
1568 0.84824
1569 0.849208
1570 0.831435
1571 0.84928
1572 0.851392
1573 0.852448
1574 0.854503
1575 0.859925
1576 0.861213
1577 0.86308
1578 0.863138
1579 0.863853
1580 0.865145
1581 0.863885
1582 0.864328
1583 0.863305
1584 0.86233
1585 0.859575
1586 0.856925
1587 0.855193
1588 0.855158
1589 0.854145
1590 0.850352
1591 0.847442
1592 0.84561
1593 0.847385
1594 0.83138
1595 0.846002
1596 0.827453
1597 0.824712
1598 0.82268
1599 0.823645
1600 0.822313
1601 0.823072
1602 0.823403
1603 0.822168
1604 0.822383
1605 0.129935
1606 0.819708
1607 0.821987
1608 0.821695
1609 0.821183
1610 0.821178
1611 0.820412
1612 0.825697
1613 0.209627
1614 0.827695
1615 0.845402
1616 0.484135
1617 0.822703
1618 0.817667
1619 0.83327
1620 0.81518
1621 0.818503
1622 0.822665
1623 0.82415
1624 0.146783
1625 0.832952
1626 0.83502
1627 0.840387
1628 0.84451
1629 0.851293
1630 0.8585
1631 0.859825
1632 0.861792
1633 0.869082
1634 0.87
1635 0.872607
1636 0.86624
1637 0.488485
1638 0.114495
1639 0.875705
1640 0.852245
1641 0.875495
1642 0.873685
1643 0.871853
1644 0.870533
1645 0.871073
1646 0.872162
1647 0.84579
1648 0.870337
1649 0.869803
1650 0.866443
1651 0.8671
1652 0.866115
1653 0.8601
1654 0.862585
1655 0.854768
1656 0.853475
1657 0.85543
1658 0.861485
1659 0.863463
1660 0.862285
1661 0.861903
1662 0.738877
1663 0.860363
1664 0.861478
1665 0.859555
1666 0.881035
1667 0.880478
1668 0.756777
1669 0.860102
1670 0.859923
1671 0.129373
1672 0.85946
1673 0.85815
1674 0.855378
1675 0.855875
1676 0.849198
1677 0.84569
1678 0.843435
1679 0.832225
1680 0.820462
1681 0.87622
1682 0.807858
1683 0.806028
1684 0.805377
1685 0.779035
1686 0.77966
1687 0.778338
1688 0.771308
1689 0.77228
1690 0.7899
1691 0.782452
1692 0.783992
1693 0.78457
1694 0.78683
1695 0.791682
1696 0.31179
1697 0.800998
1698 0.80602
1699 0.808405
1700 0.815035
1701 0.81619
1702 0.817222
1703 0.819372
1704 0.823902
1705 0.82586
1706 0.823967
1707 0.816298
1708 0.809002
1709 0.802805
1710 0.78814
1711 0.788007
1712 0.784277
1713 0.780042
1714 0.77884
1715 0.773992
1716 0.77395
1717 0.773895
1718 0.76955
1719 0.767443
1720 0.769423
1721 0.782165
1722 0.799273
1723 0.76299
1724 0.765255
1725 0.778097
1726 0.80355
1727 0.76498
1728 0.766367
1729 0.768088
1730 0.74831
1731 0.72214
1732 0.70311
1733 0.660632
1734 0.654658
1735 0.632397
1736 0.68596
1737 0.72255
1738 0.616478
1739 0.616405
1740 0.593245
1741 0.588665
1742 0.581377
1743 0.559655
1744 0.55312
1745 0.546418
1746 0.540968
1747 0.511607
1748 0.504223
1749 0.494393
1750 0.49264
1751 0.335292
1752 0.229057
1753 0.471237
1754 0.46658
1755 0.466712
1756 0.46258
1757 0.462835
1758 0.460933
1759 0.461917
1760 0.814972
1761 0.457165
1762 0.45823
1763 0.454805
1764 0.453612
1765 0.454215
1766 0.466537
1767 0.47218
1768 0.432957
1769 0.474168
1770 0.62149
1771 0.482545
1772 0.483395
1773 0.478523
1774 0.12322
1775 0.128795
1776 0.477152
1777 0.474278
1778 0.470662
1779 0.464365
1780 0.513558
1781 0.45429
1782 0.455053
1783 0.444625
1784 0.433047
1785 0.431895
1786 0.42952
1787 0.417955
1788 0.411175
1789 0.410017
1790 0.264383
1791 0.399232
1792 0.398068
1793 0.6097
1794 0.385528
1795 0.0785975
1796 0.378015
1797 0.37667
1798 0.378368
1799 0.376595
1800 0.378727
1801 0.375482
1802 0.376258
1803 0.37678
1804 0.309403
1805 0.784987
1806 0.37839
1807 0.377825
1808 0.377015
1809 0.66966
1810 0.370285
1811 0.36872
1812 0.364675
1813 0.363885
1814 0.358708
1815 0.35431
1816 0.35351
1817 0.347985
1818 0.339355
1819 0.334442
1820 0.327688
1821 0.230297
1822 0.327908
1823 0.32844
1824 0.32837
1825 0.695315
1826 0.328912
1827 0.329242
1828 0.331442
1829 0.326163
1830 0.749293
1831 0.325562
1832 0.281442
1833 0.32473
1834 0.323493
1835 0.31798
1836 0.32007
1837 0.32094
1838 0.333835
1839 0.319962
1840 0.321923
1841 0.31674
1842 0.31206
1843 0.310262
1844 0.305065
1845 0.300455
1846 0.297895
1847 0.397442
1848 0.288262
1849 0.285835
1850 0.279672
1851 0.24764
1852 0.267495
1853 0.262118
1854 0.261672
1855 0.26164
1856 0.269143
1857 0.263918
1858 0.30697
1859 0.261798
1860 0.25458
1861 0.253157
1862 0.247805
1863 0.239923
1864 0.237572
1865 0.232825
1866 0.240365
1867 0.245938
1868 0.251812
1869 0.83081
1870 0.26419
1871 0.269327
1872 0.378335
1873 0.270267
1874 0.274355
1875 0.250115
1876 0.27805
1877 0.280927
1878 0.28398
1879 0.246172
1880 0.286325
1881 0.235313
1882 0.14367
1883 0.31815
1884 0.292677
1885 0.29144
1886 0.292425
1887 0.419052
1888 0.304438
1889 0.311933
1890 0.31965
1891 0.320398
1892 0.321393
1893 0.302368
1894 0.322508
1895 0.284423
1896 0.305297
1897 0.316702
1898 0.164763
1899 0.318028
1900 0.556338
1901 0.357517
1902 0.38553
1903 0.39478
1904 0.27692
1905 0.449365
1906 0.456175
1907 0.471145
1908 0.457968
1909 0.479195
1910 0.470743
1911 0.466728
1912 0.464392
1913 0.451282
1914 0.44207
1915 0.438235
1916 0.43398
1917 0.417235
1918 0.414683
1919 0.586325
1920 0.405172
1921 0.4004
1922 0.396392
1923 0.386192
1924 0.365853
1925 0.356683
1926 0.349365
1927 0.341558
1928 0.33314
1929 0.399373
1930 0.323537
1931 0.316035
1932 0.299885
1933 0.29859
1934 0.293708
1935 0.18125
1936 0.197802
1937 0.286955
1938 0.284477
1939 0.39312
1940 0.281222
1941 0.273068
1942 0.275845
1943 0.266892
1944 0.25944
1945 0.258908
1946 0.218548
1947 0.243135
1948 0.239877
1949 0.232775
1950 0.224735
1951 0.376958
1952 0.360262
1953 0.207065
1954 0.204847
1955 0.197545
1956 0.188867
1957 0.18442
1958 0.177638
1959 0.8205
1960 0.16189
1961 0.159858
1962 0.151548
1963 0.266045
1964 0.141625
1965 0.131823
1966 0.12596
1967 0.125135
1968 0.109213
1969 0.106883
1970 0.440425
1971 0.215482
1972 0.0943925
1973 0.0894475
1974 0.08483
1975 0.322875
1976 0.07978
1977 0.07949
1978 0.161595
1979 0.079255
1980 0.0787675
1981 0.0788825
1982 0.079175
1983 0.824608
1984 0.079005
1985 0.07877
1986 0.07855
1987 0.078415
1988 0.077965
1989 0.0778325
1990 0.39639
1991 0.0882825
1992 0.07787
1993 0.07784
1994 0.0779075
1995 0.0777575
1996 0.0808075
1997 0.077715
1998 0.0780175
1999 0.07836
2000 0.08235
2001 0.0916375
2002 0.097575
2003 0.11103
2004 0.125378
2005 0.13273
2006 0.14926
2007 0.165405
2008 0.175045
2009 0.19282
2010 0.208657
2011 0.216363
2012 0.233267
2013 0.172645
2014 0.259065
2015 0.278725
2016 0.868313
2017 0.312478
2018 0.327728
2019 0.337317
2020 0.460232
2021 0.347595
2022 0.349305
2023 0.353473
2024 0.171635
2025 0.370625
2026 0.376348
2027 0.386395
2028 0.333068
2029 0.403052
2030 0.40312
2031 0.400367
2032 0.398942
2033 0.41183
2034 0.379335
2035 0.378298
2036 0.367555
2037 0.346643
2038 0.344137
2039 0.33475
2040 0.322408
2041 0.30889
2042 0.20342
2043 0.867
2044 0.275062
2045 0.29674
2046 0.26016
2047 0.65927
2048 0.68723
2049 0.231717
2050 0.227598
2051 0.218287
2052 0.210492
2053 0.20974
2054 0.294845
2055 0.195463
2056 0.192837
2057 0.184447
2058 0.178177
2059 0.221197
2060 0.162027
2061 0.151377
2062 0.82421
2063 0.143157
2064 0.136545
2065 0.133815
2066 0.131275
2067 0.12951
2068 0.131452
2069 0.130952
2070 0.130527
2071 0.130412
2072 0.12483
2073 0.121655
2074 0.119758
2075 0.113248
2076 0.106552
2077 0.689295
2078 0.0978075
2079 0.092745
2080 0.0906775
2081 0.0869625
2082 0.086575
2083 0.08673
2084 0.08673
2085 0.09429
2086 0.828845
2087 0.086965
2088 0.0867775
2089 0.086445
2090 0.086155
2091 0.0889425
2092 0.085975
2093 0.163112
2094 0.28716
2095 0.0864675
2096 0.087015
2097 0.08668
2098 0.14637
2099 0.0878675
2100 0.09072
2101 0.091085
2102 0.354668
2103 0.101825
2104 0.160312
2105 0.110308
2106 0.11717
2107 0.121143
2108 0.12891
2109 0.139203
2110 0.14408
2111 0.155188
2112 0.164587
2113 0.169715
2114 0.366428
2115 0.210932
2116 0.200165
2117 0.212285
2118 0.22687
2119 0.23381
2120 0.248347
2121 0.263295
2122 0.274562
2123 0.29145
2124 0.307673
2125 0.313233
2126 0.33733
2127 0.359893
2128 0.367607
2129 0.383895
2130 0.400155
2131 0.407865
2132 0.431507
2133 0.42286
2134 0.424903
2135 0.425145
2136 0.421255
2137 0.420428
2138 0.412658
2139 0.409778
2140 0.409548
2141 0.402653
2142 0.395883
2143 0.329827
2144 0.383415
2145 0.375395
2146 0.37277
2147 0.362548
2148 0.35403
2149 0.602415
2150 0.33746
2151 0.29761
2152 0.296098
2153 0.28031
2154 0.287172
2155 0.29171
2156 0.284285
2157 0.537717
2158 0.289548
2159 0.289637
2160 0.287423
2161 0.543412
2162 0.284715
2163 0.839732
2164 0.280743
2165 0.278665
2166 0.273373
2167 0.27293
2168 0.268838
2169 0.264292
2170 0.26523
2171 0.255528
2172 0.25246
2173 0.252155
2174 0.858618
2175 0.22834
2176 0.22444
2177 0.21848
2178 0.213588
2179 0.221615
2180 0.199008
2181 0.195392
2182 0.277325
2183 0.190803
2184 0.184638
2185 0.186455
2186 0.173157
2187 0.166628
2188 0.657065
2189 0.155005
2190 0.147677
2191 0.190532
2192 0.1332
2193 0.22579
2194 0.233895
2195 0.116587
2196 0.11111
2197 0.108397
2198 0.367453
2199 0.09603
2200 0.094065
2201 0.149748
2202 0.229038
2203 0.271958
2204 0.08708
2205 0.0847225
2206 0.0839325
2207 0.0812675
2208 0.328522
2209 0.07692
2210 0.0737575
2211 0.257068
2212 0.0742275
2213 0.07556
2214 0.0759375
2215 0.324933
2216 0.0752975
2217 0.0769325
2218 0.0792375
2219 0.0763
2220 0.551743
2221 0.0757925
2222 0.0856575
2223 0.0775675
2224 0.093415
2225 0.077795
2226 0.0778975
2227 0.078105
2228 0.0785625
2229 0.0785025
2230 0.0782675
2231 0.0782875
2232 0.07828
2233 0.0782725
2234 0.07848
2235 0.0781025
2236 0.0784175
2237 0.0786425
2238 0.38804
2239 0.07883
2240 0.0790525
2241 0.118212
2242 0.078835
2243 0.0777375
2244 0.252843
2245 0.132683
2246 0.0994475
2247 0.07912
2248 0.13175
2249 0.0797075
2250 0.0797875
2251 0.0801625
2252 0.0806575
2253 0.431045
2254 0.0814375
2255 0.30014
2256 0.080825
2257 0.0816325
2258 0.081885
2259 0.0824825
2260 0.082535
2261 0.22543
2262 0.344235
2263 0.0833925
2264 0.0840475
2265 0.08665
2266 0.0886975
2267 0.094055
2268 0.101745
2269 0.105557
2270 0.618792
2271 0.122408
2272 0.126952
2273 0.147937
2274 0.142395
2275 0.352772
2276 0.14993
2277 0.196577
2278 0.155402
2279 0.160055
2280 0.163598
2281 0.16497
2282 0.476162
2283 0.170387
2284 0.171645
2285 0.173758
2286 0.310142
2287 0.838548
2288 0.378472
2289 0.176987
2290 0.177473
2291 0.176707
2292 0.704325
2293 0.173187
2294 0.170212
2295 0.325462
2296 0.16393
2297 0.15796
2298 0.156592
2299 0.15681
2300 0.154615
2301 0.15084
2302 0.779795
2303 0.143125
2304 0.140277
2305 0.13965
2306 0.138747
2307 0.138643
2308 0.13708
2309 0.136252
2310 0.358755
2311 0.123725
2312 0.13869
2313 0.136825
2314 0.137145
2315 0.135937
2316 0.133318
2317 0.1314
2318 0.707527
2319 0.193078
2320 0.121413
2321 0.70888
2322 0.11294
2323 0.112525
2324 0.112793
2325 0.112958
2326 0.112715
2327 0.113662
2328 0.38794
2329 0.11049
2330 0.813523
2331 0.280285
2332 0.100937
2333 0.0936075
2334 0.088425
2335 0.309937
2336 0.0824825
2337 0.081995
2338 0.079905
2339 0.08036
2340 0.10484
2341 0.0846975
2342 0.0876325
2343 0.08847
2344 0.0894125
2345 0.09045
2346 0.089905
2347 0.0888525
2348 0.088125
2349 0.0882025
2350 0.08928
2351 0.0902275
2352 0.0920425
2353 0.09233
2354 0.0909075
2355 0.1934
2356 0.079525
2357 0.089825
2358 0.08929
2359 0.09638
2360 0.0905
2361 0.090325
2362 0.09022
2363 0.090505
2364 0.0896025
2365 0.82282
2366 0.0940875
2367 0.0895
2368 0.08965
2369 0.088965
2370 0.08878
2371 0.238778
2372 0.0905525
2373 0.09078
2374 0.09051
2375 0.0902775
2376 0.0896825
2377 0.0893625
2378 0.08938
2379 0.088705
2380 0.0882925
2381 0.086915
2382 0.0884075
2383 0.088765
2384 0.798265
2385 0.21684
2386 0.12016
2387 0.131305
2388 0.139515
2389 0.08139
2390 0.24758
2391 0.151635
2392 0.56923
2393 0.150608
2394 0.152682
2395 0.15562
2396 0.223128
2397 0.150578
2398 0.172808
2399 0.14425
2400 0.14452
2401 0.142783
2402 0.136807
2403 0.133005
2404 0.217353
2405 0.132688
2406 0.131942
2407 0.132428
2408 0.135065
2409 0.140058
2410 0.14158
2411 0.76895
2412 0.143008
2413 0.185745
2414 0.136513
2415 0.131128
2416 0.130415
2417 0.841765
2418 0.119475
2419 0.116425
2420 0.078835
2421 0.10334
2422 0.100708
2423 0.594395
2424 0.0885475
2425 0.08584
2426 0.080995
2427 0.07513
2428 0.07297
2429 0.0739
2430 0.0756025
2431 0.0758475
2432 0.0869825
2433 0.099495
2434 0.104673
2435 0.390647
2436 0.117263
2437 0.119885
2438 0.12273
2439 0.124915
2440 0.126312
2441 0.12796
2442 0.129075
2443 0.129385
2444 0.130878
2445 0.127925
2446 0.0789625
2447 0.118673
2448 0.113458
2449 0.111805
2450 0.103688
2451 0.0955025
2452 0.0932325
2453 0.08883
2454 0.717588
2455 0.08835
2456 0.090625
2457 0.102065
2458 0.107747
2459 0.115407
2460 0.121105
2461 0.0568525
2462 0.0566025
2463 0.05306
2464 0.04827
2465 0.053315
2466 0.04076
2467 0.22421
2468 0.032345
2469 0.030145
2470 0.024965
2471 0.023155
2472 0.02019
2473 0.017575
2474 0.0162675
2475 0.01413
2476 0.01202
2477 0.0168225
2478 0.0183875
2479 0.0163825
2480 0.0742775
2481 0.0156875
2482 0.738357
2483 0.01733
2484 0.0178425
2485 0.0180175
2486 0.0185075
2487 0.0189025
2488 0.019125
2489 0.01901
2490 0.07375
2491 0.0201475
2492 0.019865
2493 0.019925
2494 0.019755
2495 0.889038
2496 0.0199425
2497 0.02008
2498 0.0201275
2499 0.02033
2500 0.0203975
2501 0.0201
2502 0.0199475
2503 0.181363
2504 0.655555
2505 0.0205575
2506 0.020525
2507 0.02023
2508 0.0728525
2509 0.145462
2510 0.040005
2511 0.0489525
2512 0.05841
2513 0.0628225
2514 0.072795
2515 0.075695
2516 0.22428
2517 0.0759925
2518 0.0758325
2519 0.07644
2520 0.312165
2521 0.080045
2522 0.0809525
2523 0.08397
2524 0.085095
2525 0.774563
2526 0.0868825
2527 0.0887425
2528 0.08969
2529 0.09186
2530 0.0921375
2531 0.091845
2532 0.0915775
2533 0.0913025
2534 0.0913175
2535 0.17864
2536 0.144052
2537 0.0914275
2538 0.09233
2539 0.0926775
2540 0.0929275
2541 0.35017
2542 0.0893825
2543 0.0882125
2544 0.0864125
2545 0.0883075
2546 0.0867325
2547 0.0837425
2548 0.0845775
2549 0.083725
2550 0.078205
2551 0.0731875
2552 0.80185
2553 0.0682525
2554 0.064855
2555 0.0625675
2556 0.0577725
2557 0.570788
2558 0.0486025
2559 0.0418575
2560 0.889487
2561 0.0337325
2562 0.0282675
2563 0.023405
2564 0.0206825
2565 0.0163875
2566 0.0120625
2567 0.845017
2568 0.006265
2569 0.0041725
2570 0.003485
2571 0.00237
2572 0.001645
2573 0.0015275
2574 0.00163
2575 0.0017075
2576 0.00169
2577 0.001725
2578 0.0016775
2579 0.00171
2580 0.0016775
2581 0.0016075
2582 0.001645
2583 0.04266
2584 0.00156
2585 0.001525
2586 0.00211
2587 0.002035
2588 0.00202
2589 0.00188
2590 0.0018425
2591 0.001835
2592 0.0018525
2593 0.0018725
2594 0.0018225
2595 0.00185
2596 0.05266
2597 0.0017725
2598 0.0017875
2599 0.00172
2600 0.0017
2601 0.00169
2602 0.88148
2603 0.886962
2604 0.0017375
2605 0.22163
2606 0.0017775
2607 0.0018675
2608 0.0019075
2609 0.0019125
2610 0.406602
2611 0.0387525
2612 0.0018975
2613 0.00225
2614 0.0017025
2615 0.001645
2616 0.901717
2617 0.0131175
2618 0.00176
2619 0.0016325
2620 0.0016775
2621 0.0018675
2622 0.222328
2623 0.309485
2624 0.002695
2625 0.00967
2626 0.337275
2627 0.02483
2628 0.0330975
2629 0.0398175
2630 0.043735
2631 0.046765
2632 0.048695
2633 0.219917
2634 0.052165
2635 0.0529575
2636 0.053675
2637 0.0594875
2638 0.184152
2639 0.146063
2640 0.0587225
2641 0.09679
2642 0.102227
2643 0.117055
2644 0.13141
2645 0.138027
2646 0.282485
2647 0.162995
2648 0.16914
2649 0.183175
2650 0.191355
2651 0.194983
2652 0.208295
2653 0.848422
2654 0.211295
2655 0.21365
2656 0.21419
2657 0.369783
2658 0.2184
2659 0.219392
2660 0.218647
2661 0.221578
2662 0.219562
2663 0.218755
2664 0.315443
2665 0.209327
2666 0.201325
2667 0.199285
2668 0.197465
2669 0.19898
2670 0.198285
2671 0.45461
2672 0.199267
2673 0.19806
2674 0.203168
2675 0.217885
2676 0.207355
2677 0.206687
2678 0.205012
2679 0.20001
2680 0.193162
2681 0.183523
2682 0.02894
2683 0.171765
2684 0.168655
2685 0.163445
2686 0.142407
2687 0.153792
2688 0.767822
2689 0.22899
2690 0.146097
2691 0.13914
2692 0.397902
2693 0.708553
2694 0.774678
2695 0.886783
2696 0.622718
2697 0.112115
2698 0.106015
2699 0.103645
2700 0.099625
2701 0.0941925
2702 0.792965
2703 0.19826
2704 0.07917
2705 0.0766275
2706 0.07195
2707 0.02746
2708 0.0662425
2709 0.0008375
2710 0.06394
2711 0.06458
2712 0.0831725
2713 0.0655275
2714 0.0658125
2715 0.066415
2716 0.0667825
2717 0.066425
2718 0.622035
2719 0.066075
2720 0.0628975
2721 0.0630325
2722 0.063215
2723 0.0634725
2724 0.886045
2725 0.0640075
2726 0.0638775
2727 0.06649
2728 0.072715
2729 0.0763225
2730 0.144288
2731 0.09117
2732 0.256283
2733 0.318678
2734 0.104233
2735 0.108635
2736 0.108262
2737 0.1109
2738 0.111967
2739 0.11194
2740 0.104678
2741 0.22069
2742 0.11403
2743 0.114785
2744 0.115498
2745 0.11624
2746 0.7492
2747 0.117697
2748 0.119828
2749 0.122325
2750 0.123105
2751 0.12376
2752 0.119498
2753 0.098495
2754 0.22486
2755 0.219117
2756 0.126895
2757 0.12806
2758 0.127515
2759 0.127873
2760 0.128578
2761 0.129507
2762 0.130282
2763 0.271143
2764 0.130883
2765 0.096705
2766 0.14026
2767 0.847838
2768 0.133628
2769 0.133815
2770 0.133545
2771 0.133887
2772 0.133898
2773 0.13503
2774 0.135492
2775 0.135398
2776 0.135697
2777 0.13579
2778 0.13695
2779 0.138373
2780 0.385813
2781 0.13999
2782 0.374685
2783 0.14279
2784 0.141955
2785 0.14148
2786 0.142565
2787 0.141712
2788 0.143212
2789 0.141692
2790 0.142297
2791 0.14269
2792 0.143072
2793 0.142783
2794 0.142685
2795 0.142478
2796 0.142705
2797 0.142662
2798 0.142595
2799 0.14266
2800 0.142388
2801 0.142267
2802 0.14239
2803 0.142267
2804 0.142097
2805 0.142008
2806 0.142437
2807 0.142253
2808 0.142992
2809 0.142915
2810 0.142873
2811 0.142765
2812 0.142607
2813 0.699163
2814 0.14381
2815 0.143365
2816 0.143437
2817 0.143843
2818 0.143905
2819 0.14382
2820 0.144517
2821 0.14418
2822 0.14442
2823 0.144648
2824 0.652045
2825 0.144338
2826 0.84712
2827 0.143833
2828 0.143882
2829 0.14339
2830 0.143107
2831 0.143223
2832 0.142918
2833 0.177575
2834 0.14341
2835 0.143407
2836 0.146455
2837 0.146822
2838 0.146905
2839 0.146813
2840 0.14675
2841 0.146558
2842 0.14585
2843 0.145705
2844 0.27895
2845 0.14459
2846 0.144535
2847 0.14464
2848 0.14479
2849 0.144932
2850 0.145475
2851 0.888245
2852 0.145657
2853 0.145792
2854 0.14583
2855 0.146067
2856 0.612557
2857 0.146122
2858 0.146322
2859 0.146652
2860 0.146675
2861 0.145427
2862 0.14582
2863 0.157075
2864 0.14608
2865 0.146735
2866 0.146975
2867 0.147092
2868 0.147885
2869 0.159645
2870 0.149415
2871 0.149987
2872 0.247575
2873 0.150232
2874 0.14988
2875 0.14957
2876 0.149468
2877 0.148498
2878 0.149482
2879 0.15035
2880 0.848615
2881 0.148778
2882 0.157133
2883 0.158775
2884 0.159465
2885 0.351347
2886 0.161593
2887 0.16208
2888 0.162178
2889 0.162305
2890 0.19928
2891 0.163252
2892 0.410712
2893 0.161112
2894 0.160913
2895 0.216197
2896 0.158702
2897 0.15896
2898 0.158755
2899 0.158145
2900 0.15879
2901 0.157958
2902 0.158048
2903 0.467707
2904 0.755818
2905 0.156598
2906 0.156395
2907 0.577575
2908 0.850047
2909 0.17941
2910 0.493138
2911 0.155793
2912 0.155502
2913 0.15525
2914 0.155257
2915 0.15545
2916 0.155278
2917 0.154975
2918 0.45523
2919 0.153927
2920 0.153785
2921 0.15378
2922 0.154002
2923 0.1546
2924 0.847518
2925 0.154875
2926 0.154415
2927 0.774223
2928 0.154707
2929 0.155468
2930 0.29425
2931 0.424113
2932 0.159252
2933 0.160068
2934 0.887305
2935 0.65842
2936 0.162772
2937 0.162607
2938 0.163243
2939 0.163373
2940 0.164353
2941 0.165123
2942 0.165585
2943 0.170925
2944 0.166837
2945 0.167615
2946 0.170005
2947 0.17318
2948 0.185633
2949 0.177673
2950 0.181295
2951 0.183012
2952 0.396025
2953 0.259622
2954 0.849245
2955 0.19485
2956 0.199355
2957 0.201785
2958 0.208077
2959 0.21367
2960 0.21948
2961 0.23376
2962 0.238418
2963 0.240745
2964 0.248438
2965 0.254402
2966 0.257572
2967 0.264533
2968 0.2746
2969 0.28083
2970 0.290083
2971 0.2974
2972 0.30068
2973 0.311503
2974 0.323915
2975 0.652785
2976 0.335272
2977 0.344473
2978 0.347685
2979 0.353825
2980 0.358318
2981 0.414785
2982 0.376063
2983 0.442478
2984 0.396973
2985 0.404178
2986 0.447153
2987 0.397813
2988 0.450345
2989 0.397577
2990 0.465392
2991 0.490545
2992 0.403332
2993 0.524955
2994 0.545623
2995 0.561512
2996 0.568752
2997 0.581838
2998 0.63781
2999 0.67234
3000 0.723348
3001 0.756097
3002 0.58256
3003 0.797072
3004 0.811708
3005 0.821233
3006 0.834673
3007 0.838755
3008 0.84205
3009 0.843925
3010 0.74361
3011 0.889175
3012 0.89042
3013 0.888855
3014 0.888877
3015 0.888227
3016 0.89204
3017 0.720873
3018 0.898423
3019 0.900968
3020 0.7355
3021 0.90554
3022 0.90554
3023 0.906277
3024 0.84244
3025 0.907015
3026 0.906208
3027 0.906865
3028 0.794057
3029 0.90813
3030 0.67238
3031 0.910103
3032 0.911033
3033 0.909998
3034 0.910525
3035 0.910377
3036 0.451302
3037 0.913587
3038 0.91376
3039 0.913848
3040 0.456558
3041 0.8171
3042 0.911813
3043 0.90772
3044 0.00249
3045 0.91059
3046 0.714815
3047 0.859272
3048 0.539245
3049 0.909343
3050 0.708387
3051 0.909212
3052 0.909022
3053 0.908783
3054 0.846847
3055 0.908613
3056 0.908667
3057 0.907675
3058 0.907602
3059 0.848232
3060 0.905842
3061 0.904347
3062 0.904722
3063 0.903983
3064 0.90201
3065 0.90163
3066 0.900288
3067 0.899177
3068 0.898865
3069 0.898608
3070 0.898575
3071 0.889125
3072 0.897643
3073 0.89628
3074 0.896513
3075 0.87886
3076 0.68975
3077 0.894033
3078 0.89292
3079 0.893168
3080 0.892695
3081 0.892617
3082 0.845155
3083 0.89244
3084 0.89171
3085 0.891458
3086 0.61966
3087 0.84884
3088 0.887795
3089 0.887182
3090 0.89172
3091 0.885907
3092 0.88565
3093 0.884517
3094 0.881962
3095 0.893607
3096 0.88141
3097 0.799972
3098 0.87966
3099 0.323752
3100 0.872387
3101 0.878513
3102 0.807455
3103 0.880093
3104 0.87996
3105 0.881023
3106 0.881443
3107 0.65858
3108 0.881288
3109 0.8818
3110 0.88209
3111 0.883748
3112 0.883382
3113 0.883215
3114 0.88176
3115 0.881583
3116 0.880378
3117 0.879177
3118 0.778007
3119 0.877737
3120 0.877458
3121 0.87722
3122 0.430602
3123 0.878328
3124 0.877337
3125 0.876428
3126 0.875915
3127 0.876273
3128 0.876075
3129 0.875238
3130 0.874912
3131 0.874375
3132 0.872625
3133 0.874088
3134 0.870727
3135 0.869202
3136 0.867415
3137 0.867575
3138 0.8687
3139 0.865892
3140 0.864795
3141 0.865058
3142 0.864165
3143 0.587967
3144 0.451418
3145 0.860568
3146 0.85968
3147 0.859367
3148 0.85902
3149 0.859058
3150 0.858908
3151 0.846355
3152 0.85815
3153 0.858248
3154 0.85835
3155 0.858402
3156 0.858043
3157 0.858258
3158 0.85796
3159 0.858182
3160 0.858005
3161 0.857715
3162 0.857792
3163 0.858195
3164 0.329765
3165 0.858483
3166 0.85873
3167 0.85887
3168 0.858468
3169 0.8583
3170 0.858222
3171 0.858317
3172 0.858605
3173 0.858217
3174 0.858387
3175 0.858325
3176 0.858195
3177 0.857525
3178 0.857393
3179 0.864675
3180 0.855495
3181 0.853853
3182 0.853375
3183 0.852505
3184 0.852595
3185 0.879493
3186 0.87703
3187 0.851962
3188 0.843455
3189 0.856515
3190 0.80829
3191 0.848988
3192 0.84775
3193 0.847335
3194 0.846677
3195 0.846317
3196 0.846483
3197 0.0868825
3198 0.846475
3199 0.846325
3200 0.846427
3201 0.845993
3202 0.84604
3203 0.846095
3204 0.84605
3205 0.845947
3206 0.845995
3207 0.839422
3208 0.845912
3209 0.845885
3210 0.89286
3211 0.844233
3212 0.89054
3213 0.688775
3214 0.844545
3215 0.844592
3216 0.843982
3217 0.843858
3218 0.843685
3219 0.843683
3220 0.853
3221 0.843932
3222 0.843943
3223 0.843873
3224 0.843973
3225 0.843627
3226 0.843265
3227 0.84304
3228 0.842705
3229 0.832067
3230 0.842195
3231 0.842222
3232 0.84225
3233 0.505205
3234 0.841797
3235 0.841812
3236 0.841475
3237 0.841553
3238 0.84178
3239 0.841993
3240 0.841845
3241 0.841803
3242 0.841905
3243 0.841768
3244 0.84952
3245 0.857518
3246 0.81285
3247 0.841585
3248 0.841812
3249 0.8416
3250 0.5869
3251 0.841647
3252 0.842187
3253 0.842742
3254 0.9309
3255 0.842335
3256 0.830002
3257 0.842538
3258 0.842668
3259 0.834187
3260 0.842198
3261 0.84279
3262 0.842585
3263 0.842328
3264 0.84265
3265 0.842855
3266 0.842843
3267 0.843368
3268 0.843087
3269 0.84541
3270 0.842932
3271 0.842785
3272 0.842753
3273 0.842762
3274 0.755167
3275 0.686543
3276 0.85163
3277 0.842683
3278 0.42849
3279 0.842612
3280 0.842398
3281 0.842782
3282 0.842997
3283 0.84314
3284 0.843065
3285 0.843108
3286 0.843182
3287 0.843283
3288 0.843313
3289 0.843627
3290 0.84343
3291 0.843435
3292 0.84347
3293 0.843633
3294 0.843352
3295 0.843148
3296 0.842483
3297 0.843265
3298 0.84254
3299 0.84277
3300 0.84258
3301 0.842853
3302 0.842982
3303 0.842925
3304 0.843028
3305 0.843078
3306 0.842642
3307 0.842675
3308 0.854058
3309 0.754062
3310 0.843108
3311 0.844505
3312 0.844243
3313 0.843375
3314 0.842952
3315 0.843008
3316 0.842245
3317 0.10861
3318 0.842198
3319 0.842385
3320 0.84184
3321 0.842847
3322 0.842867
3323 0.84294
3324 0.842943
3325 0.842962
3326 0.843017
3327 0.84315
3328 0.843207
3329 0.84343
3330 0.843453
3331 0.134882
3332 0.843505
3333 0.84379
3334 0.843457
3335 0.843283
3336 0.841427
3337 0.84141
3338 0.84101
3339 0.841553
3340 0.84139
3341 0.22064
3342 0.799015
3343 0.271985
3344 0.840505
3345 0.84051
3346 0.840335
3347 0.839777
3348 0.855595
3349 0.839167
3350 0.83923
3351 0.838925
3352 0.83915
3353 0.83925
3354 0.83993
3355 0.840503
3356 0.86803
3357 0.840522
3358 0.840793
3359 0.840908
3360 0.841183
3361 0.854435
3362 0.843993
3363 0.844333
3364 0.84451
3365 0.844565
3366 0.845025
3367 0.845085
3368 0.84503
3369 0.11584
3370 0.845522
3371 0.844598
3372 0.845988
3373 0.845928
3374 0.84572
3375 0.845675
3376 0.845612
3377 0.845645
3378 0.84576
3379 0.305922
3380 0.845923
3381 0.73852
3382 0.845703
3383 0.845522
3384 0.09233
3385 0.859407
3386 0.844487
3387 0.844407
3388 0.844398
3389 0.8442
3390 0.844132
3391 0.87778
3392 0.843935
3393 0.51707
3394 0.84386
3395 0.84369
3396 0.621077
3397 0.843372
3398 0.843333
3399 0.853557
3400 0.843515
3401 0.843487
3402 0.843548
3403 0.73309
3404 0.843675
3405 0.484428
3406 0.8418
3407 0.252947
3408 0.207643
3409 0.843445
3410 0.843507
3411 0.638235
3412 0.74556
3413 0.845017
3414 0.844333
3415 0.84441
3416 0.844335
3417 0.844172
3418 0.844063
3419 0.84408
3420 0.844178
3421 0.843988
3422 0.844322
3423 0.844418
3424 0.885337
3425 0.844683
3426 0.624855
3427 0.844533
3428 0.844565
3429 0.844952
3430 0.845063
3431 0.739485
3432 0.845005
3433 0.84488
3434 0.844935
3435 0.84478
3436 0.846483
3437 0.812608
3438 0.846028
3439 0.845838
3440 0.845965
3441 0.84622
3442 0.782855
3443 0.846235
3444 0.846125
3445 0.845985
3446 0.846113
3447 0.8608
3448 0.846165
3449 0.846132
3450 0.846145
3451 0.589198
3452 0.846557
3453 0.694725
3454 0.84721
3455 0.847205
3456 0.847422
3457 0.847402
3458 0.847375
3459 0.84756
3460 0.84752
3461 0.847893
3462 0.848278
3463 0.848037
3464 0.847782
3465 0.672465
3466 0.847895
3467 0.848105
3468 0.848073
3469 0.84819
3470 0.848383
3471 0.848158
3472 0.848235
3473 0.848178
3474 0.848067
3475 0.848205
3476 0.848372
3477 0.052165
3478 0.84822
3479 0.848135
3480 0.848202
3481 0.84823
3482 0.848045
3483 0.84813
3484 0.8481
3485 0.848105
3486 0.848673
3487 0.848657
3488 0.848483
3489 0.815645
3490 0.848263
3491 0.848378
3492 0.341322
3493 0.848433
3494 0.848368
3495 0.848422
3496 0.848298
3497 0.848222
3498 0.84835
3499 0.848195
3500 0.84831
3501 0.848428
3502 0.842777
3503 0.848295
3504 0.848252
3505 0.878042
3506 0.848265
3507 0.84818
3508 0.848132
3509 0.848028
3510 0.848145
3511 0.363802
3512 0.698627
3513 0.847213
3514 0.847418
3515 0.847435
3516 0.847422
3517 0.84742
3518 0.847583
3519 0.847662
3520 0.84761
3521 0.847808
3522 0.321447
3523 0.847865
3524 0.847988
3525 0.848145
3526 0.848023
3527 0.847838
3528 0.847735
3529 0.84752
3530 0.847788
3531 0.847897
3532 0.84798
3533 0.847858
3534 0.749803
3535 0.847935
3536 0.849222
3537 0.849073
3538 0.84938
3539 0.642447
3540 0.849137
3541 0.84892
3542 0.848938
3543 0.849065
3544 0.848715
3545 0.84879
3546 0.792965
3547 0.84869
3548 0.885567
3549 0.848633
3550 0.848742
3551 0.848635
3552 0.862032
3553 0.848495
3554 0.848562
3555 0.848485
3556 0.848515
3557 0.848495
3558 0.848293
3559 0.377038
3560 0.848477
3561 0.848518
3562 0.848267
3563 0.848202
3564 0.848278
3565 0.848398
3566 0.848548
3567 0.848463
3568 0.21474
3569 0.771288
3570 0.847835
3571 0.72792
3572 0.847818
3573 0.847808
3574 0.847893
3575 0.847657
3576 0.847588
3577 0.847598
3578 0.847435
3579 0.84758
3580 0.847715
3581 0.826538
3582 0.847727
3583 0.84773
3584 0.847677
3585 0.847668
3586 0.84768
3587 0.218842
3588 0.847982
3589 0.549713
3590 0.847865
3591 0.847908
3592 0.847995
3593 0.848307
3594 0.84823
3595 0.847472
3596 0.43291
3597 0.525813
3598 0.847647
3599 0.84763
3600 0.847545
3601 0.847912
3602 0.848005
3603 0.84787
3604 0.000605
3605 0.848067
3606 0.57043
3607 0.848278
3608 0.22036
3609 0.558732
3610 0.847952
3611 0.84791
3612 0.847838
3613 0.847927
3614 0.847633
3615 0.847555
3616 0.711615
3617 0.847707
3618 0.847492
3619 0.847355
3620 0.404865
3621 0.847313
3622 0.847525
3623 0.847463
3624 0.847215
3625 0.84715
3626 0.846988
3627 0.8469
3628 0.847215
3629 0.84697
3630 0.846832
3631 0.846938
3632 0.84676
3633 0.84683
3634 0.84709
3635 0.847325
3636 0.84715
3637 0.84697
3638 0.846805
3639 0.64936
3640 0.846465
3641 0.846402
3642 0.366632
3643 0.846505
3644 0.846635
3645 0.460995
3646 0.846122
3647 0.846315
3648 0.846028
3649 0.845625
3650 0.868935
3651 0.845132
3652 0.84491
3653 0.845185
3654 0.84521
3655 0.845243
3656 0.845562
3657 0.844747
3658 0.0201625
3659 0.846063
3660 0.548942
3661 0.845978
3662 0.845867
3663 0.845815
3664 0.797915
3665 0.845862
3666 0.171745
3667 0.845853
3668 0.84597
3669 0.846037
3670 0.846938
3671 0.847405
3672 0.84712
3673 0.847012
3674 0.846738
3675 0.84679
3676 0.847128
3677 0.846985
3678 0.847087
3679 0.803497
3680 0.84747
3681 0.88811
3682 0.847812
3683 0.848067
3684 0.848283
3685 0.802765
3686 0.579055
3687 0.848335
3688 0.848402
3689 0.788685
3690 0.862575
3691 0.848235
3692 0.848128
3693 0.84815
3694 0.848135
3695 0.130807
3696 0.847843
3697 0.40451
3698 0.847958
3699 0.847993
3700 0.407867
3701 0.847738
3702 0.886652
3703 0.88819
3704 0.59907
3705 0.847985
3706 0.847917
3707 0.847732
3708 0.84782
3709 0.847888
3710 0.847622
3711 0.352988
3712 0.84802
3713 0.847747
3714 0.847855
3715 0.847865
3716 0.847917
3717 0.84764
3718 0.847988
3719 0.783675
3720 0.817015
3721 0.885092
3722 0.8483
3723 0.848615
3724 0.84883
3725 0.849063
3726 0.84879
3727 0.848945
3728 0.69221
3729 0.84809
3730 0.84813
3731 0.848158
3732 0.848325
3733 0.848178
3734 0.848313
3735 0.848525
3736 0.841355
3737 0.908985
3738 0.84899
3739 0.848865
3740 0.849005
3741 0.849415
3742 0.849495
3743 0.84982
3744 0.925195
3745 0.85007
3746 0.329128
3747 0.849938
3748 0.850015
3749 0.85022
3750 0.849897
3751 0.678192
3752 0.850047
3753 0.849858
3754 0.850115
3755 0.849853
3756 0.849955
3757 0.600723
3758 0.84968
3759 0.90603
3760 0.849707
3761 0.0133725
3762 0.8491
3763 0.848788
3764 0.849125
3765 0.31712
3766 0.84552
3767 0.888095
3768 0.847518
3769 0.847015
3770 0.0994775
3771 0.847785
3772 0.0382825
3773 0.848163
3774 0.848715
3775 0.848927
3776 0.849135
3777 0.295422
3778 0.849692
3779 0.84958
3780 0.84985
3781 0.489085
3782 0.850023
3783 0.849823
3784 0.849835
3785 0.849842
3786 0.849792
3787 0.849638
3788 0.849627
3789 0.849585
3790 0.849385
3791 0.849293
3792 0.822867
3793 0.385578
3794 0.849052
3795 0.849245
3796 0.84916
3797 0.465963
3798 0.887795
3799 0.848448
3800 0.564022
3801 0.846618
3802 0.532675
3803 0.845522
3804 0.844475
3805 0.84423
3806 0.8438
3807 0.8434
3808 0.843023
3809 0.843082
3810 0.84346
3811 0.843855
3812 0.75647
3813 0.844135
3814 0.844252
3815 0.844342
3816 0.84405
3817 0.844073
3818 0.844368
3819 0.826788
3820 0.849668
3821 0.849903
3822 0.849622
3823 0.849625
3824 0.84966
3825 0.531212
3826 0.849518
3827 0.849455
3828 0.849485
3829 0.84965
3830 0.824157
3831 0.849927
3832 0.849888
3833 0.84986
3834 0.849888
3835 0.663455
3836 0.849932
3837 0.849792
3838 0.8496
3839 0.849418
3840 0.849315
3841 0.8493
3842 0.849208
3843 0.849187
3844 0.8493
3845 0.84822
3846 0.848143
3847 0.848135
3848 0.811708
3849 0.848002
3850 0.834265
3851 0.848043
3852 0.848125
3853 0.848017
3854 0.848155
3855 0.848085
3856 0.848148
3857 0.824277
3858 0.847808
3859 0.84763
3860 0.914095
3861 0.8469
3862 0.584438
3863 0.84809
3864 0.847978
3865 0.84802
3866 0.73722
3867 0.847985
3868 0.848035
3869 0.847938
3870 0.849085
3871 0.849065
3872 0.849165
3873 0.785785
3874 0.848923
3875 0.849055
3876 0.871152
3877 0.00218
3878 0.84943
3879 0.849483
3880 0.868927
3881 0.85125
3882 0.84947
3883 0.848938
3884 0.848908
3885 0.823835
3886 0.849195
3887 0.799347
3888 0.84864
3889 0.846912
3890 0.84896
3891 0.848662
3892 0.830202
3893 0.848727
3894 0.848638
3895 0.849385
3896 0.849645
3897 0.889583
3898 0.85042
3899 0.850285
3900 0.850747
3901 0.850618
3902 0.85016
3903 0.850405
3904 0.85032
3905 0.84993
3906 0.85015
3907 0.849947
3908 0.849832
3909 0.849695
3910 0.849715
3911 0.88742
3912 0.707677
3913 0.849325
3914 0.849235
3915 0.84908
3916 0.857622
3917 0.848897
3918 0.574958
3919 0.387813
3920 0.84964
3921 0.8653
3922 0.849862
3923 0.849435
3924 0.849657
3925 0.849642
3926 0.849442
3927 0.849445
3928 0.8495
3929 0.84934
3930 0.849085
3931 0.84913
3932 0.848967
3933 0.84945
3934 0.849402
3935 0.849257
3936 0.849422
3937 0.849252
3938 0.849483
3939 0.850343
3940 0.849232
3941 0.849368
3942 0.849217
3943 0.600562
3944 0.84912
3945 0.85088
3946 0.861565
3947 0.850495
3948 0.850475
3949 0.85029
3950 0.850325
3951 0.473895
3952 0.85003
3953 0.673345
3954 0.850073
3955 0.84992
3956 0.887552
3957 0.850063
3958 0.849995
3959 0.850405
3960 0.853093
3961 0.88453
3962 0.850452
3963 0.85053
3964 0.850167
3965 0.850047
3966 0.850202
3967 0.850225
3968 0.850017
3969 0.872045
3970 0.85162
3971 0.851555
3972 0.851235
3973 0.851193
3974 0.85077
3975 0.85059
3976 0.850518
3977 0.85045
3978 0.85025
3979 0.850295
3980 0.858298
3981 0.849718
3982 0.849745
3983 0.75822
3984 0.849448
3985 0.84885
3986 0.86591
3987 0.878387
3988 0.848333
3989 0.849115
3990 0.849385
3991 0.849723
3992 0.843002
3993 0.849627
3994 0.849548
3995 0.851542
3996 0.859123
3997 0.851305
3998 0.85102
3999 0.660815
4000 0.850945
4001 0.858577
4002 0.851045
4003 0.850982
4004 0.850735
4005 0.850503
4006 0.850407
4007 0.85029
4008 0.850333
4009 0.850163
4010 0.80218
4011 0.849885
4012 0.850017
4013 0.8501
4014 0.85008
4015 0.58494
4016 0.850025
4017 0.84983
4018 0.84965
4019 0.84963
4020 0.850635
4021 0.850885
4022 0.850797
4023 0.865835
4024 0.880557
4025 0.850762
4026 0.851075
4027 0.850733
4028 0.850657
4029 0.843455
4030 0.850243
4031 0.850315
4032 0.850433
4033 0.850235
4034 0.850222
4035 0.850392
4036 0.850217
4037 0.850067
4038 0.850002
4039 0.850025
4040 0.849958
4041 0.850158
4042 0.85007
4043 0.886822
4044 0.853897
4045 0.850603
4046 0.850622
4047 0.850618
4048 0.850875
4049 0.8505
4050 0.86549
4051 0.850498
4052 0.85049
4053 0.85025
4054 0.847267
4055 0.850387
4056 0.850363
4057 0.850208
4058 0.877942
4059 0.850043
4060 0.85015
4061 0.850052
4062 0.849938
4063 0.88854
4064 0.849997
4065 0.850185
4066 0.850315
4067 0.850615
4068 0.625302
4069 0.851075
4070 0.849995
4071 0.85023
4072 0.850008
4073 0.849595
4074 0.849278
4075 0.8495
4076 0.849433
4077 0.849647
4078 0.849553
4079 0.856882
4080 0.849665
4081 0.84948
4082 0.84952
4083 0.849492
4084 0.850252
4085 0.849565
4086 0.860093
4087 0.849707
4088 0.849718
4089 0.84968
4090 0.84989
4091 0.850058
4092 0.850097
4093 0.849683
4094 0.849515
4095 0.851612
4096 0.85157
4097 0.851202
4098 0.851232
4099 0.0106475
4100 0.851368
4101 0.840815
4102 0.667735
4103 0.841122
4104 0.840457
4105 0.840885
4106 0.840838
4107 0.840785
4108 0.8404
4109 0.84063
4110 0.840738
4111 0.840627
4112 0.137107
4113 0.84023
4114 0.840292
4115 0.840183
4116 0.840257
4117 0.612655
4118 0.836017
4119 0.840535
4120 0.842535
4121 0.84244
4122 0.842005
4123 0.792025
4124 0.629572
4125 0.842178
4126 0.841993
4127 0.841838
4128 0.184468
4129 0.841967
4130 0.842008
4131 0.84245
4132 0.842368
4133 0.842498
4134 0.842228
4135 0.121987
4136 0.185823
4137 0.842015
4138 0.841777
4139 0.841902
4140 0.841545
4141 0.84162
4142 0.84166
4143 0.127348
4144 0.817978
4145 0.838498
4146 0.842793
4147 0.842952
4148 0.842422
4149 0.84199
4150 0.841185
4151 0.84081
4152 0.840313
4153 0.840132
4154 0.839433
4155 0.839058
4156 0.838618
4157 0.83867
4158 0.838128
4159 0.838035
4160 0.837858
4161 0.837742
4162 0.813585
4163 0.837843
4164 0.837785
4165 0.8378
4166 0.83734
4167 0.80377
4168 0.83749
4169 0.865365
4170 0.83835
4171 0.83778
4172 0.837117
4173 0.828322
4174 0.83671
4175 0.837105
4176 0.837407
4177 0.837885
4178 0.837932
4179 0.838405
4180 0.838345
4181 0.17739
4182 0.838695
4183 0.839535
4184 0.839615
4185 0.83299
4186 0.840067
4187 0.842095
4188 0.84194
4189 0.84316
4190 0.868565
4191 0.845495
4192 0.778435
4193 0.846485
4194 0.83936
4195 0.411048
4196 0.843873
4197 0.845265
4198 0.8443
4199 0.84348
4200 0.843073
4201 0.843562
4202 0.843788
4203 0.844383
4204 0.845137
4205 0.84598
4206 0.426227
4207 0.848477
4208 0.847853
4209 0.848725
4210 0.849178
4211 0.785833
4212 0.852283
4213 0.854868
4214 0.856147
4215 0.62946
4216 0.854463
4217 0.86213
4218 0.86416
4219 0.867733
4220 0.799297
4221 0.87297
4222 0.876642
4223 0.877555
4224 0.869302
4225 0.878062
4226 0.876745
4227 0.876775
4228 0.877225
4229 0.877045
4230 0.45769
4231 0.87783
4232 0.878777
4233 0.878455
4234 0.881685
4235 0.882127
4236 0.882182
4237 0.884702
4238 0.88544
4239 0.88581
4240 0.883308
4241 0.8818
4242 0.881015
4243 0.877652
4244 0.79735
4245 0.864685
4246 0.869992
4247 0.867603
4248 0.841468
4249 0.86379
4250 0.861515
4251 0.860475
4252 0.859372
4253 0.858795
4254 0.857095
4255 0.853688
4256 0.84527
4257 0.843965
4258 0.825797
4259 0.849398
4260 0.862692
4261 0.841378
4262 0.8448
4263 0.846158
4264 0.849167
4265 0.853947
4266 0.854428
4267 0.858592
4268 0.301507
4269 0.822985
4270 0.855988
4271 0.860385
4272 0.863677
4273 0.661048
4274 0.205075
4275 0.872718
4276 0.37851
4277 0.877008
4278 0.876663
4279 0.879507
4280 0.882763
4281 0.884325
4282 0.885838
4283 0.890265
4284 0.87672
4285 0.894633
4286 0.894502
4287 0.89307
4288 0.892718
4289 0.889687
4290 0.888675
4291 0.881772
4292 0.879905
4293 0.855742
4294 0.845557
4295 0.827845
4296 0.82932
4297 0.83011
4298 0.830545
4299 0.830283
4300 0.825527
4301 0.82368
4302 0.823078
4303 0.819477
4304 0.814765
4305 0.812952
4306 0.809353
4307 0.80551
4308 0.804048
4309 0.806895
4310 0.806075
4311 0.804697
4312 0.746507
4313 0.804257
4314 0.804268
4315 0.803907
4316 0.802408
4317 0.802095
4318 0.77858
4319 0.774515
4320 0.851757
4321 0.77771
4322 0.779273
4323 0.760025
4324 0.750528
4325 0.743575
4326 0.741812
4327 0.733385
4328 0.708327
4329 0.705275
4330 0.70093
4331 0.22445
4332 0.668918
4333 0.7001
4334 0.700218
4335 0.201525
4336 0.845538
4337 0.698348
4338 0.698752
4339 0.701355
4340 0.860372
4341 0.67853
4342 0.70407
4343 0.704028
4344 0.860163
4345 0.829135
4346 0.685033
4347 0.68711
4348 0.6693
4349 0.613263
4350 0.694048
4351 0.698313
4352 0.697975
4353 0.07258
4354 0.691813
4355 0.688203
4356 0.686005
4357 0.839745
4358 0.676122
4359 0.673975
4360 0.6687
4361 0.66229
4362 0.659593
4363 0.512437
4364 0.653273
4365 0.651717
4366 0.653165
4367 0.445557
4368 0.654327
4369 0.651105
4370 0.647765
4371 0.409765
4372 0.647733
4373 0.644833
4374 0.64299
4375 0.641482
4376 0.860815
4377 0.671485
4378 0.645358
4379 0.630188
4380 0.629862
4381 0.634933
4382 0.63736
4383 0.638095
4384 0.63943
4385 0.638335
4386 0.425488
4387 0.633733
4388 0.384415
4389 0.626432
4390 0.753375
4391 0.613302
4392 0.610745
4393 0.602017
4394 0.546752
4395 0.573582
4396 0.564908
4397 0.5549
4398 0.548177
4399 0.857105
4400 0.525925
4401 0.522003
4402 0.512995
4403 0.52633
4404 0.499698
4405 0.498833
4406 0.49064
4407 0.388118
4408 0.49697
4409 0.471938
4410 0.821315
4411 0.475405
4412 0.474778
4413 0.47545
4414 0.490938
4415 0.21449
4416 0.498355
4417 0.57574
4418 0.0723275
4419 0.526297
4420 0.529573
4421 0.8277
4422 0.543922
4423 0.541003
4424 0.545717
4425 0.548517
4426 0.549318
4427 0.544525
4428 0.54483
4429 0.543763
4430 0.163678
4431 0.62012
4432 0.526652
4433 0.816925
4434 0.519842
4435 0.513405
4436 0.50957
4437 0.473083
4438 0.51197
4439 0.513975
4440 0.5156
4441 0.523652
4442 0.529728
4443 0.533733
4444 0.540055
4445 0.4696
4446 0.549795
4447 0.558013
4448 0.56433
4449 0.1497
4450 0.57318
4451 0.844703
4452 0.164518
4453 0.572475
4454 0.44639
4455 0.57388
4456 0.577102
4457 0.577723
4458 0.57997
4459 0.579377
4460 0.544157
4461 0.68606
4462 0.511317
4463 0.587025
4464 0.587483
4465 0.143357
4466 0.589385
4467 0.593468
4468 0.599498
4469 0.605753
4470 0.60345
4471 0.615365
4472 0.62666
4473 0.634328
4474 0.343847
4475 0.655728
4476 0.64465
4477 0.545475
4478 0.25263
4479 0.630143
4480 0.626568
4481 0.65557
4482 0.624992
4483 0.594233
4484 0.66102
4485 0.59181
4486 0.589705
4487 0.56557
4488 0.563978
4489 0.562778
4490 0.559485
4491 0.557543
4492 0.556848
4493 0.557377
4494 0.556747
4495 0.557737
4496 0.564835
4497 0.567905
4498 0.572658
4499 0.577773
4500 0.579982
4501 0.584245
4502 0.588982
4503 0.591383
4504 0.61482
4505 0.624935
4506 0.624975
4507 0.862237
4508 0.643323
4509 0.643675
4510 0.667758
4511 0.673865
4512 0.674235
4513 0.692248
4514 0.69341
4515 0.85889
4516 0.72232
4517 0.737335
4518 0.765675
4519 0.334012
4520 0.764387
4521 0.767578
4522 0.770707
4523 0.762428
4524 0.762855
4525 0.489565
4526 0.838945
4527 0.803837
4528 0.712945
4529 0.8327
4530 0.83998
4531 0.849747
4532 0.856888
4533 0.859675
4534 0.865315
4535 0.869145
4536 0.86978
4537 0.842633
4538 0.869415
4539 0.64458
4540 0.867422
4541 0.86714
4542 0.86695
4543 0.777105
4544 0.863065
4545 0.858572
4546 0.856733
4547 0.857405
4548 0.881735
4549 0.379325
4550 0.856005
4551 0.854668
4552 0.852625
4553 0.881115
4554 0.856585
4555 0.855293
4556 0.85177
4557 0.849673
4558 0.796388
4559 0.782543
4560 0.778053
4561 0.768607
4562 0.765825
4563 0.763938
4564 0.763742
4565 0.62229
4566 0.310145
4567 0.633815
4568 0.698122
4569 0.307318
4570 0.687715
4571 0.636665
4572 0.635223
4573 0.326132
4574 0.633205
4575 0.63187
4576 0.588115
4577 0.623722
4578 0.616925
4579 0.608792
4580 0.302195
4581 0.595867
4582 0.58972
4583 0.587115
4584 0.58602
4585 0.582488
4586 0.57895
4587 0.581908
4588 0.585287
4589 0.585475
4590 0.472203
4591 0.58808
4592 0.607568
4593 0.524188
4594 0.616445
4595 0.541157
4596 0.652155
4597 0.481245
4598 0.683808
4599 0.654183
4600 0.657705
4601 0.239115
4602 0.655743
4603 0.654188
4604 0.654845
4605 0.418017
4606 0.658935
4607 0.814523
4608 0.647652
4609 0.662645
4610 0.663055
4611 0.66348
4612 0.66179
4613 0.65672
4614 0.284225
4615 0.642115
4616 0.634805
4617 0.629023
4618 0.627975
4619 0.612627
4620 0.581947
4621 0.587455
4622 0.577865
4623 0.573778
4624 0.506472
4625 0.453058
4626 0.490422
4627 0.477272
4628 0.468097
4629 0.462118
4630 0.456962
4631 0.621085
4632 0.458413
4633 0.456332
4634 0.460083
4635 0.461515
4636 0.46111
4637 0.458505
4638 0.455742
4639 0.570213
4640 0.50351
4641 0.50738
4642 0.515432
4643 0.52925
4644 0.52878
4645 0.521717
4646 0.527828
4647 0.532632
4648 0.561298
4649 0.546412
4650 0.55013
4651 0.52282
4652 0.56542
4653 0.775768
4654 0.57475
4655 0.764188
4656 0.5734
4657 0.571597
4658 0.573675
4659 0.574205
4660 0.546567
4661 0.5493
4662 0.54706
4663 0.670482
4664 0.549165
4665 0.552275
4666 0.54926
4667 0.548055
4668 0.550355
4669 0.545035
4670 0.532705
4671 0.532405
4672 0.87635
4673 0.517262
4674 0.572653
4675 0.770057
4676 0.451945
4677 0.44633
4678 0.440015
4679 0.43429
4680 0.402483
4681 0.635007
4682 0.37088
4683 0.3624
4684 0.354465
4685 0.30787
4686 0.321317
4687 0.318315
4688 0.380427
4689 0.31997
4690 0.321915
4691 0.324025
4692 0.324985
4693 0.329838
4694 0.33266
4695 0.334945
4696 0.333738
4697 0.335348
4698 0.775815
4699 0.348008
4700 0.351023
4701 0.350737
4702 0.352998
4703 0.354988
4704 0.352473
4705 0.353725
4706 0.548262
4707 0.356633
4708 0.43544
4709 0.558218
4710 0.357655
4711 0.365255
4712 0.376723
4713 0.378455
4714 0.399442
4715 0.485567
4716 0.413967
4717 0.431025
4718 0.462938
4719 0.136465
4720 0.491163
4721 0.0778075
4722 0.497737
4723 0.497265
4724 0.4978
4725 0.500162
4726 0.661425
4727 0.50254
4728 0.50247
4729 0.50143
4730 0.48511
4731 0.547385
4732 0.476895
4733 0.471378
4734 0.839465
4735 0.45649
4736 0.444288
4737 0.435397
4738 0.424695
4739 0.406363
4740 0.40022
4741 0.380547
4742 0.622337
4743 0.36169
4744 0.559013
4745 0.361617
4746 0.350598
4747 0.349155
4748 0.346957
4749 0.345678
4750 0.336572
4751 0.333803
4752 0.33555
4753 0.329302
4754 0.3196
4755 0.317348
4756 0.308022
4757 0.7134
4758 0.299535
4759 0.28772
4760 0.27667
4761 0.87914
4762 0.258015
4763 0.24843
4764 0.244487
4765 0.233475
4766 0.221665
4767 0.2161
4768 0.207742
4769 0.199903
4770 0.19244
4771 0.18662
4772 0.179525
4773 0.51978
4774 0.171027
4775 0.163247
4776 0.15911
4777 0.149715
4778 0.142055
4779 0.13849
4780 0.78939
4781 0.125892
4782 0.881827
4783 0.11883
4784 0.47077
4785 0.108963
4786 0.101145
4787 0.098625
4788 0.0970925
4789 0.484245
4790 0.090565
4791 0.089545
4792 0.08722
4793 0.111963
4794 0.746522
4795 0.0796825
4796 0.155188
4797 0.0750575
4798 0.0724825
4799 0.06995
4800 0.0696825
4801 0.0688775
4802 0.0688125
4803 0.0686075
4804 0.0684725
4805 0.06846
4806 0.0683925
4807 0.0715725
4808 0.068425
4809 0.0682725
4810 0.0682775
4811 0.0684525
4812 0.0684425
4813 0.068615
4814 0.06885
4815 0.068995
4816 0.0691225
4817 0.26096
4818 0.0694675
4819 0.0695
4820 0.0704825
4821 0.07059
4822 0.0706475
4823 0.0707275
4824 0.07075
4825 0.0921125
4826 0.0707175
4827 0.07075
4828 0.337033
4829 0.070715
4830 0.07077
4831 0.0707775
4832 0.07079
4833 0.0708025
4834 0.0720225
4835 0.0720825
4836 0.071935
4837 0.071985
4838 0.072065
4839 0.072215
4840 0.072435
4841 0.0724925
4842 0.415237
4843 0.0727675
4844 0.0728
4845 0.0730475
4846 0.0730125
4847 0.21073
4848 0.0730075
4849 0.084315
4850 0.073055
4851 0.073
4852 0.0730725
4853 0.073095
4854 0.859577
4855 0.0734475
4856 0.0734775
4857 0.073425
4858 0.0734475
4859 0.0741175
4860 0.074005
4861 0.13739
4862 0.07396
4863 0.302503
4864 0.09065
4865 0.0736775
4866 0.610158
4867 0.18966
4868 0.0730675
4869 0.788497
4870 0.0732375
4871 0.0730525
4872 0.0731175
4873 0.072865
4874 0.07282
4875 0.0726875
4876 0.0725975
4877 0.072555
4878 0.07246
4879 0.072455
4880 0.0724075
4881 0.0721975
4882 0.07234
4883 0.07233
4884 0.78944
4885 0.0722675
4886 0.072145
4887 0.0723375
4888 0.0722925
4889 0.072235
4890 0.0927775
4891 0.0722925
4892 0.1121
4893 0.0723075
4894 0.07216
4895 0.0719625
4896 0.229148
4897 0.071585
4898 0.07139
4899 0.0711925
4900 0.0710475
4901 0.07107
4902 0.071025
4903 0.0709575
4904 0.070885
4905 0.070845
4906 0.070865
4907 0.0856725
4908 0.07084
4909 0.070965
4910 0.070995
4911 0.0709525
4912 0.0709475
4913 0.07093
4914 0.0709475
4915 0.070925
4916 0.06996
4917 0.0799
4918 0.0931475
4919 0.0989125
4920 0.107078
4921 0.092025
4922 0.110268
4923 0.116072
4924 0.12352
4925 0.121798
4926 0.172233
4927 0.142107
4928 0.154285
4929 0.16196
4930 0.174295
4931 0.186138
4932 0.190913
4933 0.196105
4934 0.198882
4935 0.198462
4936 0.19854
4937 0.199027
4938 0.19911
4939 0.198252
4940 0.19907
4941 0.19954
4942 0.20148
4943 0.201637
4944 0.202627
4945 0.199967
4946 0.196385
4947 0.192683
4948 0.19084
4949 0.18642
4950 0.564148
4951 0.163548
4952 0.150652
4953 0.794615
4954 0.128988
4955 0.112552
4956 0.103657
4957 0.311468
4958 0.107063
4959 0.107643
4960 0.110345
4961 0.140168
4962 0.118722
4963 0.122315
4964 0.125735
4965 0.125718
4966 0.125823
4967 0.127055
4968 0.254933
4969 0.129765
4970 0.400747
4971 0.141775
4972 0.148698
4973 0.159183
4974 0.166955
4975 0.1799
4976 0.18932
4977 0.22728
4978 0.1975
4979 0.197368
4980 0.197305
4981 0.195345
4982 0.19348
4983 0.193715
4984 0.19308
4985 0.267115
4986 0.193417
4987 0.211792
4988 0.192733
4989 0.21721
4990 0.190935
4991 0.35504
4992 0.189095
4993 0.185603
4994 0.18209
4995 0.180418
4996 0.17619
4997 0.170722
4998 0.167095
4999 0.1609
5000 0.156745
5001 0.152133
5002 0.604137
5003 0.126545
5004 0.125392
5005 0.126185
5006 0.12832
5007 0.129043
5008 0.21696
5009 0.130885
5010 0.13176
5011 0.13361
5012 0.175168
5013 0.131862
5014 0.13103
5015 0.46639
5016 0.125777
5017 0.12255
5018 0.118517
5019 0.116843
5020 0.85295
5021 0.107005
5022 0.105612
5023 0.103873
5024 0.10348
5025 0.104155
5026 0.10551
5027 0.106082
5028 0.105118
5029 0.102053
5030 0.0999225
5031 0.0951525
5032 0.099805
5033 0.10014
5034 0.10022
5035 0.101042
5036 0.101337
5037 0.806512
5038 0.101472
5039 0.101445
5040 0.10156
5041 0.101347
5042 0.100815
5043 0.10096
5044 0.806952
5045 0.101428
5046 0.101447
5047 0.75933
5048 0.155883
5049 0.104932
5050 0.102955
5051 0.869853
5052 0.20319
5053 0.12229
5054 0.12861
5055 0.131898
5056 0.138222
5057 0.144985
5058 0.148702
5059 0.15638
5060 0.169535
5061 0.196915
5062 0.182278
5063 0.119228
5064 0.199077
5065 0.211138
5066 0.222307
5067 0.226378
5068 0.238405
5069 0.284753
5070 0.26167
5071 0.276527
5072 0.471998
5073 0.260902
5074 0.304418
5075 0.474152
5076 0.31183
5077 0.327685
5078 0.333267
5079 0.332107
5080 0.329323
5081 0.32558
5082 0.391373
5083 0.31725
5084 0.310183
5085 0.30468
5086 0.29754
5087 0.280297
5088 0.278672
5089 0.126548
5090 0.251895
5091 0.894707
5092 0.242355
5093 0.224282
5094 0.221615
5095 0.214587
5096 0.21114
5097 0.20965
5098 0.2079
5099 0.202653
5100 0.20089
5101 0.828405
5102 0.656887
5103 0.1828
5104 0.178523
5105 0.29453
5106 0.169448
5107 0.164162
5108 0.159848
5109 0.216265
5110 0.15148
5111 0.149677
5112 0.149995
5113 0.149685
5114 0.148173
5115 0.147935
5116 0.145445
5117 0.70045
5118 0.868932
5119 0.247682
5120 0.132497
5121 0.168582
5122 0.125282
5123 0.11839
5124 0.114742
5125 0.10768
5126 0.793578
5127 0.09747
5128 0.091935
5129 0.413378
5130 0.08655
5131 0.769607
5132 0.09779
5133 0.08642
5134 0.086445
5135 0.0878125
5136 0.0875575
5137 0.0875275
5138 0.08753
5139 0.345197
5140 0.08751
5141 0.087475
5142 0.087435
5143 0.08742
5144 0.136268
5145 0.0874375
5146 0.0874425
5147 0.087475
5148 0.08745
5149 0.087335
5150 0.0873025
5151 0.0872725
5152 0.08727
5153 0.087295
5154 0.087305
5155 0.087275
5156 0.0874075
5157 0.092425
5158 0.0873475
5159 0.79729
5160 0.0875225
5161 0.0874475
5162 0.0874
5163 0.087375
5164 0.0873425
5165 0.0873625
5166 0.0873025
5167 0.868955
5168 0.087455
5169 0.087455
5170 0.192683
5171 0.0875375
5172 0.0875575
5173 0.0875825
5174 0.0875925
5175 0.0876375
5176 0.08762
5177 0.0876275
5178 0.0876475
5179 0.087595
5180 0.0876025
5181 0.087565
5182 0.08757
5183 0.08739
5184 0.087535
5185 0.0873275
5186 0.132378
5187 0.0866825
5188 0.08729
5189 0.23446
5190 0.0872275
5191 0.225945
5192 0.0871675
5193 0.087145
5194 0.08713
5195 0.08717
5196 0.0869275
5197 0.086905
5198 0.086875
5199 0.173457
5200 0.1517
5201 0.086845
5202 0.115827
5203 0.0869125
5204 0.0869125
5205 0.189225
5206 0.0868975
5207 0.08685
5208 0.086875
5209 0.0868975
5210 0.209575
5211 0.086895
5212 0.102688
5213 0.0867275
5214 0.086935
5215 0.086925
5216 0.086895
5217 0.0869075
5218 0.0869025
5219 0.086975
5220 0.086995
5221 0.08683
5222 0.0867775
5223 0.08679
5224 0.529
5225 0.08661
5226 0.09893
5227 0.0864425
5228 0.210602
5229 0.0865275
5230 0.0866
5231 0.086605
5232 0.0939025
5233 0.08662
5234 0.086605
5235 0.0866325
5236 0.714167
5237 0.0866675
5238 0.0866525
5239 0.737742
5240 0.08664
5241 0.0866275
5242 0.08663
5243 0.371322
5244 0.219287
5245 0.0866875
5246 0.08726
5247 0.087225
5248 0.550358
5249 0.08724
5250 0.0872975
5251 0.0873
5252 0.0873025
5253 0.49057
5254 0.0873075
5255 0.0873475
5256 0.168852
5257 0.09128
5258 0.091685
5259 0.101395
5260 0.106432
5261 0.11701
5262 0.784265
5263 0.130878
5264 0.13823
5265 0.180445
5266 0.145948
5267 0.23389
5268 0.150565
5269 0.151465
5270 0.153355
5271 0.15369
5272 0.154097
5273 0.154895
5274 0.230475
5275 0.283442
5276 0.15578
5277 0.156362
5278 0.156445
5279 0.512665
5280 0.156748
5281 0.15644
5282 0.15692
5283 0.157167
5284 0.157255
5285 0.157205
5286 0.210118
5287 0.157095
5288 0.156705
5289 0.158082
5290 0.171505
5291 0.360303
5292 0.7476
5293 0.183015
5294 0.19406
5295 0.198502
5296 0.868125
5297 0.31642
5298 0.215152
5299 0.49826
5300 0.22135
5301 0.866812
5302 0.226502
5303 0.291158
5304 0.237985
5305 0.239278
5306 0.240968
5307 0.26514
5308 0.498057
5309 0.231378
5310 0.24462
5311 0.244172
5312 0.166818
5313 0.690682
5314 0.236423
5315 0.238732
5316 0.237233
5317 0.2368
5318 0.235613
5319 0.234418
5320 0.233593
5321 0.23241
5322 0.231057
5323 0.231547
5324 0.228703
5325 0.228105
5326 0.22776
5327 0.227032
5328 0.226433
5329 0.23028
5330 0.227492
5331 0.231125
5332 0.233275
5333 0.234685
5334 0.240258
5335 0.243668
5336 0.249587
5337 0.254883
5338 0.326745
5339 0.26024
5340 0.26337
5341 0.265182
5342 0.268937
5343 0.272103
5344 0.378345
5345 0.575527
5346 0.273338
5347 0.27385
5348 0.265518
5349 0.273633
5350 0.273543
5351 0.274985
5352 0.280338
5353 0.282803
5354 0.29132
5355 0.30141
5356 0.305107
5357 0.311287
5358 0.317873
5359 0.320117
5360 0.326918
5361 0.463375
5362 0.33639
5363 0.796408
5364 0.342683
5365 0.343133
5366 0.343938
5367 0.282087
5368 0.343542
5369 0.3366
5370 0.334805
5371 0.331068
5372 0.329653
5373 0.332547
5374 0.326852
5375 0.325665
5376 0.32486
5377 0.324975
5378 0.324485
5379 0.3254
5380 0.324182
5381 0.323225
5382 0.322425
5383 0.322447
5384 0.320875
5385 0.320075
5386 0.641795
5387 0.317015
5388 0.315032
5389 0.311657
5390 0.31521
5391 0.303195
5392 0.300503
5393 0.304102
5394 0.308655
5395 0.31006
5396 0.311877
5397 0.47355
5398 0.319983
5399 0.321575
5400 0.493375
5401 0.328973
5402 0.33515
5403 0.34
5404 0.342678
5405 0.3545
5406 0.35132
5407 0.353478
5408 0.400543
5409 0.359357
5410 0.35967
5411 0.360272
5412 0.360935
5413 0.408112
5414 0.522235
5415 0.540305
5416 0.3605
5417 0.363418
5418 0.530423
5419 0.374053
5420 0.74296
5421 0.38941
5422 0.391883
5423 0.858967
5424 0.3577
5425 0.403348
5426 0.40616
5427 0.409013
5428 0.50292
5429 0.432885
5430 0.413045
5431 0.41274
5432 0.414868
5433 0.423283
5434 0.417812
5435 0.418988
5436 0.422803
5437 0.498745
5438 0.458898
5439 0.429793
5440 0.430475
5441 0.434847
5442 0.43731
5443 0.439412
5444 0.44349
5445 0.447898
5446 0.44685
5447 0.449437
5448 0.453788
5449 0.45603
5450 0.486862
5451 0.463757
5452 0.464222
5453 0.46656
5454 0.468772
5455 0.46918
5456 0.538602
5457 0.469825
5458 0.469293
5459 0.469373
5460 0.512393
5461 0.468763
5462 0.467905
5463 0.469622
5464 0.470125
5465 0.469228
5466 0.771362
5467 0.469423
5468 0.468552
5469 0.373625
5470 0.468357
5471 0.46757
5472 0.466543
5473 0.466378
5474 0.46492
5475 0.463452
5476 0.46343
5477 0.463015
5478 0.461525
5479 0.627073
5480 0.462803
5481 0.465587
5482 0.466888
5483 0.470608
5484 0.645752
5485 0.475615
5486 0.48842
5487 0.55582
5488 0.484042
5489 0.487245
5490 0.490148
5491 0.491248
5492 0.49382
5493 0.49647
5494 0.148438
5495 0.49953
5496 0.515752
5497 0.516495
5498 0.519317
5499 0.521835
5500 0.525802
5501 0.531497
5502 0.561168
5503 0.5574
5504 0.550705
5505 0.836375
5506 0.57337
5507 0.369242
5508 0.568858
5509 0.697935
5510 0.574603
5511 0.579597
5512 0.6153
5513 0.586803
5514 0.589032
5515 0.589703
5516 0.5903
5517 0.591448
5518 0.591738
5519 0.593225
5520 0.595905
5521 0.61177
5522 0.612587
5523 0.613093
5524 0.613733
5525 0.616433
5526 0.620455
5527 0.604108
5528 0.627807
5529 0.639833
5530 0.847235
5531 0.660412
5532 0.617992
5533 0.676288
5534 0.685438
5535 0.694365
5536 0.70368
5537 0.711457
5538 0.719337
5539 0.721952
5540 0.729093
5541 0.733985
5542 0.168513
5543 0.741965
5544 0.745992
5545 0.768625
5546 0.762382
5547 0.764655
5548 0.765695
5549 0.768657
5550 0.771308
5551 0.771027
5552 0.772833
5553 0.77606
5554 0.776153
5555 0.777435
5556 0.777225
5557 0.777303
5558 0.62965
5559 0.78013
5560 0.22392
5561 0.780412
5562 0.785493
5563 0.78142
5564 0.78223
5565 0.783652
5566 0.783425
5567 0.78381
5568 0.783455
5569 0.433302
5570 0.7824
5571 0.782022
5572 0.55645
5573 0.781467
5574 0.78061
5575 0.780473
5576 0.823732
5577 0.771107
5578 0.781717
5579 0.781513
5580 0.781255
5581 0.766417
5582 0.779675
5583 0.77846
5584 0.778552
5585 0.692758
5586 0.77922
5587 0.778702
5588 0.77991
5589 0.782637
5590 0.7032
5591 0.789655
5592 0.791928
5593 0.794427
5594 0.795253
5595 0.795617
5596 0.82038
5597 0.821145
5598 0.80144
5599 0.820395
5600 0.4756
5601 0.822688
5602 0.190887
5603 0.825647
5604 0.82705
5605 0.82877
5606 0.82847
5607 0.827618
5608 0.826032
5609 0.825087
5610 0.823817
5611 0.822727
5612 0.821717
5613 0.819985
5614 0.820412
5615 0.820747
5616 0.82175
5617 0.823735
5618 0.82613
5619 0.845398
5620 0.827795
5621 0.841718
5622 0.843642
5623 0.843915
5624 0.841445
5625 0.845172
5626 0.844463
5627 0.84485
5628 0.844498
5629 0.843775
5630 0.842978
5631 0.82594
5632 0.841893
5633 0.842328
5634 0.841425
5635 0.84135
5636 0.841235
5637 0.842955
5638 0.845073
5639 0.849063
5640 0.848472
5641 0.849927
5642 0.851407
5643 0.85397
5644 0.858078
5645 0.862035
5646 0.868932
5647 0.622525
5648 0.868223
5649 0.867568
5650 0.867467
5651 0.867348
5652 0.867217
5653 0.866598
5654 0.86583
5655 0.865293
5656 0.864823
5657 0.84412
5658 0.86634
5659 0.16264
5660 0.863733
5661 0.863855
5662 0.44843
5663 0.863945
5664 0.864008
5665 0.870622
5666 0.863975
5667 0.400323
5668 0.863945
5669 0.864295
5670 0.86453
5671 0.863173
5672 0.862835
5673 0.863282
5674 0.863885
5675 0.86444
5676 0.647675
5677 0.86442
5678 0.139423
5679 0.866772
5680 0.86433
5681 0.84128
5682 0.864835
5683 0.8648
5684 0.86482
5685 0.86431
5686 0.862768
5687 0.863857
5688 0.449232
5689 0.863807
5690 0.86355
5691 0.294845
5692 0.864313
5693 0.86425
5694 0.86456
5695 0.864545
5696 0.862927
5697 0.86382
5698 0.863905
5699 0.864722
5700 0.865117
5701 0.865075
5702 0.851727
5703 0.86626
5704 0.866315
5705 0.865982
5706 0.866385
5707 0.866343
5708 0.867077
5709 0.803867
5710 0.866807
5711 0.08598
5712 0.867572
5713 0.865663
5714 0.8666
5715 0.866973
5716 0.866245
5717 0.866515
5718 0.866417
5719 0.866027
5720 0.866015
5721 0.863885
5722 0.863587
5723 0.863757
5724 0.863405
5725 0.863215
5726 0.863375
5727 0.863603
5728 0.863672
5729 0.863555
5730 0.863613
5731 0.86348
5732 0.863302
5733 0.862965
5734 0.862692
5735 0.862537
5736 0.862715
5737 0.862845
5738 0.862753
