1 0.0753275
2 0.0729775
3 0.07459
4 0.0786275
5 0.0837125
6 0.0871525
7 0.0922075
8 0.0999575
9 0.102438
10 0.105085
11 0.106938
12 0.107735
13 0.10911
14 0.111235
15 0.111585
16 0.113003
17 0.000505
18 0.114382
19 0.114837
20 0.115538
21 0.115975
22 0.11602
23 0.116532
24 0.117035
25 0.423378
26 0.12333
27 0.124205
28 0.1273
29 0.386157
30 0.159205
31 0.130315
32 0.130955
33 0.847808
34 0.12082
35 0.130543
36 0.1313
37 0.13078
38 0.130903
39 0.2361
40 0.131683
41 0.1317
42 0.283002
43 0.13295
44 0.133355
45 0.136398
46 0.676808
47 0.135505
48 0.135483
49 0.135585
50 0.135382
51 0.135947
52 0.135797
53 0.135442
54 0.13514
55 0.134662
56 0.134112
57 0.133685
58 0.888215
59 0.888235
60 0.132667
61 0.132617
62 0.888413
63 0.296897
64 0.132552
65 0.13284
66 0.133353
67 0.133785
68 0.185075
69 0.13397
70 0.134353
71 0.134882
72 0.135697
73 0.137293
74 0.138827
75 0.13951
76 0.140363
77 0.140698
78 0.141402
79 0.142377
80 0.016235
81 0.146292
82 0.14895
83 0.147655
84 0.158062
85 0.165673
86 0.17238
87 0.175987
88 0.182973
89 0.189722
90 0.19221
91 0.19941
92 0.0052125
93 0.202623
94 0.20292
95 0.203965
96 0.204852
97 0.205058
98 0.205902
99 0.206425
100 0.84934
101 0.207965
102 0.819433
103 0.208058
104 0.207577
105 0.20693
106 0.167547
107 0.208655
108 0.209872
109 0.212838
110 0.217383
111 0.219642
112 0.22458
113 0.228325
114 0.22956
115 0.311503
116 0.237995
117 0.282585
118 0.240755
119 0.352322
120 0.238865
121 0.238325
122 0.238165
123 0.23784
124 0.238015
125 0.238205
126 0.237665
127 0.238588
128 0.25496
129 0.240707
130 0.24146
131 0.243913
132 0.244455
133 0.248548
134 0.249745
135 0.25052
136 0.252242
137 0.253945
138 0.255362
139 0.13314
140 0.256383
141 0.256537
142 0.447132
143 0.253885
144 0.252875
145 0.648277
146 0.25105
147 0.250908
148 0.248567
149 0.247205
150 0.246402
151 0.24493
152 0.24355
153 0.24329
154 0.242083
155 0.240773
156 0.239932
157 0.237505
158 0.236075
159 0.460122
160 0.23393
161 0.2333
162 0.232407
163 0.231068
164 0.279035
165 0.229513
166 0.229123
167 0.250565
168 0.22873
169 0.227837
170 0.229435
171 0.229085
172 0.2282
173 0.227135
174 0.228653
175 0.640007
176 0.22602
177 0.225518
178 0.224763
179 0.224843
180 0.224947
181 0.225015
182 0.245528
183 0.224365
184 0.22419
185 0.337178
186 0.22307
187 0.221642
188 0.221078
189 0.221293
190 0.22163
191 0.221755
192 0.221603
193 0.222688
194 0.221335
195 0.24102
196 0.511827
197 0.7139
198 0.222312
199 0.222062
200 0.222255
201 0.222562
202 0.885552
203 0.217702
204 0.380512
205 0.22349
206 0.222993
207 0.222672
208 0.222405
209 0.222328
210 0.222235
211 0.2396
212 0.0120125
213 0.22246
214 0.222037
215 0.222105
216 0.244317
217 0.22156
218 0.221637
219 0.221865
220 0.848777
221 0.221905
222 0.221413
223 0.22134
224 0.221078
225 0.220892
226 0.22095
227 0.22087
228 0.357835
229 0.173962
230 0.22053
231 0.220545
232 0.220435
233 0.22088
234 0.220925
235 0.221205
236 0.330505
237 0.22105
238 0.220837
239 0.220307
240 0.21966
241 0.219872
242 0.220895
243 0.220975
244 0.221535
245 0.221172
246 0.22104
247 0.031465
248 0.221015
249 0.397975
250 0.220403
251 0.220095
252 0.219775
253 0.219257
254 0.21904
255 0.219018
256 0.219045
257 0.219248
258 0.219105
259 0.219408
260 0.219282
261 0.219112
262 0.849683
263 0.219105
264 0.218977
265 0.44401
266 0.2187
267 0.218427
268 0.218335
269 0.218305
270 0.270512
271 0.218565
272 0.218287
273 0.218117
274 0.218273
275 0.218633
276 0.220628
277 0.217587
278 0.217053
279 0.216628
280 0.216625
281 0.216635
282 0.216892
283 0.221812
284 0.215195
285 0.2174
286 0.67672
287 0.216817
288 0.216397
289 0.21582
290 0.214995
291 0.214778
292 0.174402
293 0.214172
294 0.214285
295 0.215138
296 0.215358
297 0.215215
298 0.21508
299 0.214952
300 0.711422
301 0.214753
302 0.21487
303 0.214647
304 0.214842
305 0.21474
306 0.194367
307 0.143418
308 0.214998
309 0.391027
310 0.851697
311 0.215987
312 0.21609
313 0.215957
314 0.21772
315 0.384543
316 0.218048
317 0.217883
318 0.0796775
319 0.217528
320 0.21933
321 0.219245
322 0.218895
323 0.218842
324 0.218828
325 0.646985
326 0.219773
327 0.21956
328 0.21962
329 0.0023475
330 0.219433
331 0.219218
332 0.21901
333 0.694893
334 0.219222
335 0.219117
336 0.21919
337 0.2192
338 0.603495
339 0.219617
340 0.219998
341 0.22203
342 0.223463
343 0.225633
344 0.227928
345 0.228793
346 0.23134
347 0.232563
348 0.232997
349 0.23302
350 0.233095
351 0.378742
352 0.49387
353 0.232428
354 0.23218
355 0.09166
356 0.231565
357 0.253422
358 0.2316
359 0.231783
360 0.23155
361 0.0042825
362 0.88779
363 0.189658
364 0.230935
365 0.23086
366 0.886872
367 0.23047
368 0.23
369 0.229827
370 0.229112
371 0.228742
372 0.228882
373 0.228428
374 0.228225
375 0.22802
376 0.227422
377 0.55881
378 0.227128
379 0.226687
380 0.226645
381 0.226298
382 0.226387
383 0.888282
384 0.225925
385 0.227873
386 0.22942
387 0.0985675
388 0.232283
389 0.29645
390 0.23675
391 0.237835
392 0.238932
393 0.238965
394 0.23954
395 0.242388
396 0.243055
397 0.846342
398 0.24384
399 0.244407
400 0.244938
401 0.245897
402 0.246075
403 0.639065
404 0.248438
405 0.694653
406 0.25021
407 0.252412
408 0.359183
409 0.255358
410 0.257015
411 0.50255
412 0.261593
413 0.275792
414 0.818067
415 0.273008
416 0.27724
417 0.27895
418 0.837363
419 0.266452
420 0.89909
421 0.29205
422 0.29721
423 0.299245
424 0.304152
425 0.304472
426 0.312113
427 0.31727
428 0.321657
429 0.323635
430 0.3297
431 0.286895
432 0.30788
433 0.46854
434 0.0920625
435 0.35099
436 0.740102
437 0.359743
438 0.360555
439 0.363835
440 0.366808
441 0.36743
442 0.371273
443 0.37305
444 0.374198
445 0.383105
446 0.384757
447 0.668957
448 0.38685
449 0.38941
450 0.39033
451 0.393027
452 0.39507
453 0.633988
454 0.49824
455 0.400718
456 0.401025
457 0.40275
458 0.913223
459 0.405687
460 0.842712
461 0.408573
462 0.40879
463 0.410712
464 0.41164
465 0.411872
466 0.41189
467 0.412307
468 0.411378
469 0.41259
470 0.41786
471 0.418038
472 0.020455
473 0.4182
474 0.418285
475 0.842943
476 0.417455
477 0.416492
478 0.41677
479 0.41611
480 0.416137
481 0.416673
482 0.415917
483 0.415737
484 0.41654
485 0.416513
486 0.41634
487 0.097875
488 0.416227
489 0.41569
490 0.41516
491 0.415482
492 0.41541
493 0.41588
494 0.415755
495 0.416577
496 0.41647
497 0.416705
498 0.416255
499 0.419058
500 0.424113
501 0.426555
502 0.43283
503 0.440408
504 0.445288
505 0.45442
506 0.458367
507 0.461118
508 0.465925
509 0.470415
510 0.472542
511 0.474287
512 0.47478
513 0.475155
514 0.477938
515 0.735692
516 0.481162
517 0.486183
518 0.490862
519 0.493343
520 0.507308
521 0.510872
522 0.512795
523 0.517373
524 0.521467
525 0.561945
526 0.526425
527 0.528635
528 0.530687
529 0.560985
530 0.532675
531 0.532412
532 0.53248
533 0.532308
534 0.53283
535 0.535088
536 0.535295
537 0.534942
538 0.53516
539 0.623775
540 0.534798
541 0.533253
542 0.533977
543 0.658095
544 0.533317
545 0.533658
546 0.532845
547 0.517643
548 0.53189
549 0.531532
550 0.542933
551 0.528752
552 0.528083
553 0.527632
554 0.52625
555 0.52617
556 0.524955
557 0.523828
558 0.52361
559 0.52287
560 0.522608
561 0.522097
562 0.527443
563 0.718
564 0.51921
565 0.224662
566 0.51769
567 0.716193
568 0.51698
569 0.519745
570 0.297428
571 0.519277
572 0.410115
573 0.521825
574 0.525713
575 0.529127
576 0.531432
577 0.53502
578 0.539467
579 0.541242
580 0.5461
581 0.55078
582 0.545975
583 0.558318
584 0.579143
585 0.566573
586 0.571732
587 0.576562
588 0.579542
589 0.584438
590 0.589368
591 0.024965
592 0.595598
593 0.604572
594 0.571945
595 0.62291
596 0.63103
597 0.63485
598 0.639593
599 0.645015
600 0.647212
601 0.904648
602 0.655598
603 0.655992
604 0.658038
605 0.495595
606 0.589938
607 0.672455
608 0.678843
609 0.695285
610 0.686447
611 0.690418
612 0.692067
613 0.693928
614 0.696083
615 0.597927
616 0.696785
617 0.02789
618 0.706233
619 0.69756
620 0.707557
621 0.700955
622 0.708387
623 0.708385
624 0.707935
625 0.708395
626 0.70793
627 0.707222
628 0.707125
629 0.70755
630 0.709503
631 0.71067
632 0.713345
633 0.713738
634 0.7146
635 0.715318
636 0.7174
637 0.848483
638 0.718522
639 0.749915
640 0.720167
641 0.720357
642 0.720962
643 0.720847
644 0.72169
645 0.740947
646 0.741375
647 0.74237
648 0.74337
649 0.744433
650 0.68474
651 0.74629
652 0.746938
653 0.2085
654 0.74792
655 0.621862
656 0.737263
657 0.749587
658 0.454235
659 0.74969
660 0.749367
661 0.748962
662 0.4683
663 0.461178
664 0.749892
665 0.749975
666 0.459755
667 0.748827
668 0.748463
669 0.748125
670 0.748
671 0.747788
672 0.747302
673 0.747247
674 0.746533
675 0.769305
676 0.746452
677 0.745847
678 0.746263
679 0.86143
680 0.746398
681 0.0342375
682 0.747323
683 0.746505
684 0.746653
685 0.746205
686 0.74571
687 0.74561
688 0.745263
689 0.745762
690 0.745537
691 0.744968
692 0.744633
693 0.744633
694 0.744393
695 0.701635
696 0.750202
697 0.749997
698 0.749668
699 0.7495
700 0.749117
701 0.749138
702 0.748692
703 0.748807
704 0.748918
705 0.749297
706 0.75126
707 0.0018725
708 0.752417
709 0.75356
710 0.755458
711 0.757232
712 0.75822
713 0.758585
714 0.759493
715 0.759315
716 0.761798
717 0.765437
718 0.770315
719 0.77642
720 0.817603
721 0.81699
722 0.865075
723 0.817002
724 0.716158
725 0.818057
726 0.81838
727 0.818067
728 0.81748
729 0.83961
730 0.817943
731 0.819462
732 0.820125
733 0.820163
734 0.822843
735 0.824762
736 0.827368
737 0.83034
738 0.82131
739 0.812695
740 0.835873
741 0.83566
742 0.83767
743 0.838407
744 0.790835
745 0.8547
746 0.856225
747 0.855938
748 0.856468
749 0.851355
750 0.857973
751 0.86205
752 0.862748
753 0.862773
754 0.862587
755 0.86243
756 0.863175
757 0.863533
758 0.856755
759 0.863938
760 0.863818
761 0.863988
762 0.865155
763 0.868578
764 0.86935
765 0.868167
766 0.87069
767 0.87169
768 0.71378
769 0.873493
770 0.886095
771 0.88625
772 0.88641
773 0.88677
774 0.887007
775 0.883143
776 0.786992
777 0.88658
778 0.886252
779 0.886428
780 0.886482
781 0.763742
782 0.886055
783 0.885962
784 0.852978
785 0.8311
786 0.88477
787 0.885032
788 0.884912
789 0.884513
790 0.883933
791 0.883955
792 0.883655
793 0.883032
794 0.882132
795 0.878402
796 0.878755
797 0.87849
798 0.878373
799 0.740387
800 0.704618
801 0.824642
802 0.879117
803 0.871355
804 0.774918
805 0.876755
806 0.86937
807 0.869302
808 0.868223
809 0.84553
810 0.846063
811 0.870742
812 0.872235
813 0.715363
814 0.87968
815 0.880255
816 0.881452
817 0.460103
818 0.88329
819 0.84292
820 0.774702
821 0.884898
822 0.885135
823 0.885707
824 0.886005
825 0.066425
826 0.886845
827 0.47148
828 0.887053
829 0.887023
830 0.88707
831 0.887598
832 0.88817
833 0.88825
834 0.888185
835 0.887925
836 0.888415
837 0.730097
838 0.888365
839 0.88871
840 0.888783
841 0.848248
842 0.888975
843 0.88901
844 0.705462
845 0.889795
846 0.889655
847 0.88962
848 0.707547
849 0.889343
850 0.889215
851 0.889478
852 0.890068
853 0.889417
854 0.847738
855 0.88941
856 0.889255
857 0.727
858 0.888915
859 0.88887
860 0.88896
861 0.888842
862 0.847732
863 0.888905
864 0.889047
865 0.88927
866 0.889185
867 0.889223
868 0.88931
869 0.88946
870 0.602418
871 0.888687
872 0.889092
873 0.88915
874 0.888985
875 0.80046
876 0.88913
877 0.889295
878 0.889232
879 0.88934
880 0.889795
881 0.889605
882 0.8898
883 0.889182
884 0.889375
885 0.359538
886 0.889402
887 0.88948
888 0.889572
889 0.88965
890 0.889745
891 0.889595
892 0.889495
893 0.41366
894 0.889258
895 0.889293
896 0.88939
897 0.889485
898 0.88945
899 0.539353
900 0.889347
901 0.889408
902 0.88946
903 0.581762
904 0.583465
905 0.88945
906 0.88968
907 0.889938
908 0.889875
909 0.889845
910 0.645778
911 0.890332
912 0.890175
913 0.890502
914 0.890607
915 0.890508
916 0.849955
917 0.890625
918 0.890517
919 0.890402
920 0.89017
921 0.890288
922 0.890338
923 0.890745
924 0.85359
925 0.567265
926 0.885415
927 0.885997
928 0.89064
929 0.890587
930 0.847785
931 0.888443
932 0.862855
933 0.88887
934 0.888868
935 0.88902
936 0.280882
937 0.871143
938 0.791892
939 0.88956
940 0.223518
941 0.889487
942 0.889203
943 0.888985
944 0.889005
945 0.8889
946 0.739367
947 0.888655
948 0.888798
949 0.888862
950 0.811785
951 0.88878
952 0.888737
953 0.888857
954 0.888842
955 0.89008
956 0.890018
957 0.889962
958 0.890077
959 0.594843
960 0.89004
961 0.889885
962 0.38401
963 0.889772
964 0.889775
965 0.88973
966 0.889722
967 0.889593
968 0.88972
969 0.826595
970 0.889502
971 0.130903
972 0.889332
973 0.889235
974 0.889275
975 0.888922
976 0.888487
977 0.888215
978 0.0025775
979 0.772795
980 0.88666
981 0.886405
982 0.874295
983 0.156795
984 0.886678
985 0.88667
986 0.88691
987 0.88668
988 0.88664
989 0.887435
990 0.887312
991 0.888115
992 0.888215
993 0.888235
994 0.88861
995 0.888563
996 0.888413
997 0.549697
998 0.888637
999 0.122335
1000 0.55131
1001 0.483535
1002 0.501278
1003 0.889692
1004 0.889602
1005 0.889752
1006 0.889848
1007 0.88951
1008 0.88943
1009 0.88991
1010 0.890095
1011 0.886323
1012 0.886528
1013 0.859085
1014 0.886165
1015 0.886485
1016 0.886513
1017 0.886197
1018 0.886432
1019 0.886833
1020 0.88694
1021 0.887085
1022 0.887045
1023 0.84964
1024 0.88666
1025 0.886463
1026 0.886345
1027 0.88655
1028 0.886613
1029 0.81265
1030 0.550168
1031 0.886813
1032 0.886857
1033 0.886857
1034 0.886907
1035 0.88679
1036 0.887617
1037 0.8876
1038 0.887458
1039 0.887245
1040 0.887355
1041 0.88735
1042 0.0583575
1043 0.887305
1044 0.88732
1045 0.887517
1046 0.88729
1047 0.88724
1048 0.886985
1049 0.88689
1050 0.887153
1051 0.887217
1052 0.887288
1053 0.88733
1054 0.838715
1055 0.88759
1056 0.887387
1057 0.887378
1058 0.887552
1059 0.887865
1060 0.888058
1061 0.886935
1062 0.798007
1063 0.88695
1064 0.886572
1065 0.886625
1066 0.886515
1067 0.132335
1068 0.886728
1069 0.886845
1070 0.88681
1071 0.886695
1072 0.886625
1073 0.886545
1074 0.88646
1075 0.88672
1076 0.80657
1077 0.10733
1078 0.886872
1079 0.886853
1080 0.886842
1081 0.887003
1082 0.88689
1083 0.859163
1084 0.886898
1085 0.886822
1086 0.88562
1087 0.885153
1088 0.569005
1089 0.885328
1090 0.885615
1091 0.88565
1092 0.561285
1093 0.88536
1094 0.885607
1095 0.885607
1096 0.885432
1097 0.885498
1098 0.885358
1099 0.88571
1100 0.885792
1101 0.885458
1102 0.85029
1103 0.824747
1104 0.885565
1105 0.849885
1106 0.88556
1107 0.885657
1108 0.885792
1109 0.88583
1110 0.886045
1111 0.885132
1112 0.88485
1113 0.916775
1114 0.884935
1115 0.885123
1116 0.885408
1117 0.885335
1118 0.885602
1119 0.885792
1120 0.5768
1121 0.90889
1122 0.642865
1123 0.886635
1124 0.886725
1125 0.886275
1126 0.886108
1127 0.885552
1128 0.885402
1129 0.88557
1130 0.909303
1131 0.8853
1132 0.88423
1133 0.909373
1134 0.135378
1135 0.885822
1136 0.865017
1137 0.886668
1138 0.88699
1139 0.870585
1140 0.901655
1141 0.88347
1142 0.871912
1143 0.886775
1144 0.886602
1145 0.850622
1146 0.0269025
1147 0.711765
1148 0.887068
1149 0.151188
1150 0.718562
1151 0.887593
1152 0.849175
1153 0.888713
1154 0.22087
1155 0.888922
1156 0.888633
1157 0.859918
1158 0.891813
1159 0.888215
1160 0.886205
1161 0.88661
1162 0.849997
1163 0.79518
1164 0.549458
1165 0.885783
1166 0.562617
1167 0.886103
1168 0.886585
1169 0.886515
1170 0.886888
1171 0.88713
1172 0.887445
1173 0.886942
1174 0.887155
1175 0.887278
1176 0.427943
1177 0.88907
1178 0.909142
1179 0.887097
1180 0.88741
1181 0.887622
1182 0.887737
1183 0.887715
1184 0.887912
1185 0.71522
1186 0.885973
1187 0.856997
1188 0.886158
1189 0.88626
1190 0.88615
1191 0.886332
1192 0.88609
1193 0.886217
1194 0.88636
1195 0.886387
1196 0.282863
1197 0.886795
1198 0.886815
1199 0.875483
1200 0.52939
1201 0.887385
1202 0.887382
1203 0.887493
1204 0.88751
1205 0.887413
1206 0.887382
1207 0.88745
1208 0.87605
1209 0.88735
1210 0.89655
1211 0.895158
1212 0.888657
1213 0.888617
1214 0.888605
1215 0.888445
1216 0.888188
1217 0.88699
1218 0.888275
1219 0.888197
1220 0.88811
1221 0.88803
1222 0.888203
1223 0.594655
1224 0.725838
1225 0.88873
1226 0.575163
1227 0.888725
1228 0.888672
1229 0.888948
1230 0.888945
1231 0.888792
1232 0.888625
1233 0.888245
1234 0.888097
1235 0.483272
1236 0.888167
1237 0.888073
1238 0.887508
1239 0.887162
1240 0.887097
1241 0.887208
1242 0.887215
1243 0.887177
1244 0.884513
1245 0.887707
1246 0.88795
1247 0.888273
1248 0.888018
1249 0.882317
1250 0.888692
1251 0.887735
1252 0.887243
1253 0.825425
1254 0.364897
1255 0.887073
1256 0.887058
1257 0.886968
1258 0.000365
1259 0.887203
1260 0.887053
1261 0.88524
1262 0.885092
1263 0.885437
1264 0.88699
1265 0.88626
1266 0.712148
1267 0.886267
1268 0.886135
1269 0.885813
1270 0.885715
1271 0.885905
1272 0.885875
1273 0.886127
1274 0.886535
1275 0.886757
1276 0.887138
1277 0.887555
1278 0.887452
1279 0.88788
1280 0.879202
1281 0.887763
1282 0.887578
1283 0.88803
1284 0.888147
1285 0.88779
1286 0.88729
1287 0.84717
1288 0.886918
1289 0.820635
1290 0.88685
1291 0.886977
1292 0.886953
1293 0.88674
1294 0.843683
1295 0.854938
1296 0.813102
1297 0.887042
1298 0.88707
1299 0.887452
1300 0.887985
1301 0.88806
1302 0.88825
1303 0.888325
1304 0.88819
1305 0.887992
1306 0.888095
1307 0.888282
1308 0.888595
1309 0.88867
1310 0.888532
1311 0.887995
1312 0.887622
1313 0.736025
1314 0.885167
1315 0.887275
1316 0.764827
1317 0.88757
1318 0.88793
1319 0.888158
1320 0.88821
1321 0.888423
1322 0.888595
1323 0.888735
1324 0.888572
1325 0.888718
1326 0.883517
1327 0.8887
1328 0.888745
1329 0.888657
1330 0.888695
1331 0.85109
1332 0.452522
1333 0.88862
1334 0.891778
1335 0.888543
1336 0.887927
1337 0.888235
1338 0.860958
1339 0.887898
1340 0.888145
1341 0.8881
1342 0.88801
1343 0.113138
1344 0.890238
1345 0.88782
1346 0.88783
1347 0.887833
1348 0.887535
1349 0.88631
1350 0.887387
1351 0.887162
1352 0.652388
1353 0.887502
1354 0.88701
1355 0.88706
1356 0.879618
1357 0.88713
1358 0.887007
1359 0.886837
1360 0.88709
1361 0.756935
1362 0.8865
1363 0.887205
1364 0.886455
1365 0.886977
1366 0.886552
1367 0.888045
1368 0.593287
1369 0.886807
1370 0.886935
1371 0.887055
1372 0.88841
1373 0.888637
1374 0.888445
1375 0.88848
1376 0.508428
1377 0.912552
1378 0.888625
1379 0.888385
1380 0.88855
1381 0.888877
1382 0.888655
1383 0.888935
1384 0.888628
1385 0.888955
1386 0.889698
1387 0.889347
1388 0.889445
1389 0.889317
1390 0.889092
1391 0.889175
1392 0.889417
1393 0.889595
1394 0.889783
1395 0.88993
1396 0.890408
1397 0.079265
1398 0.890615
1399 0.890595
1400 0.891015
1401 0.890927
1402 0.89117
1403 0.891232
1404 0.891475
1405 0.891545
1406 0.89165
1407 0.891652
1408 0.891783
1409 0.89197
1410 0.892057
1411 0.89129
1412 0.891485
1413 0.79589
1414 0.890695
1415 0.86574
1416 0.89083
1417 0.891
1418 0.89088
1419 0.836065
1420 0.89075
1421 0.890585
1422 0.891465
1423 0.891365
1424 0.891317
1425 0.890718
1426 0.890445
1427 0.89037
1428 0.890455
1429 0.890308
1430 0.890475
1431 0.890077
1432 0.889583
1433 0.465925
1434 0.889768
1435 0.889583
1436 0.864613
1437 0.891338
1438 0.89041
1439 0.88954
1440 0.0898175
1441 0.889085
1442 0.88832
1443 0.888798
1444 0.888898
1445 0.888877
1446 0.889125
1447 0.889065
1448 0.845522
1449 0.888475
1450 0.888922
1451 0.85402
1452 0.889345
1453 0.889458
1454 0.889648
1455 0.88966
1456 0.853585
1457 0.889197
1458 0.889903
1459 0.889475
1460 0.889478
1461 0.890522
1462 0.67895
1463 0.89172
1464 0.892132
1465 0.893373
1466 0.894358
1467 0.89396
1468 0.894253
1469 0.893607
1470 0.893223
1471 0.889212
1472 0.89603
1473 0.894247
1474 0.528752
1475 0.8952
1476 0.896138
1477 0.894733
1478 0.87731
1479 0.894182
1480 0.894065
1481 0.893517
1482 0.893105
1483 0.796467
1484 0.892525
1485 0.892208
1486 0.892465
1487 0.89294
1488 0.894355
1489 0.894217
1490 0.893972
1491 0.8951
1492 0.895927
1493 0.89581
1494 0.896018
1495 0.89531
1496 0.501607
1497 0.89633
1498 0.89585
1499 0.86947
1500 0.89635
1501 0.89752
1502 0.897855
1503 0.898798
1504 0.898112
1505 0.898552
1506 0.898045
1507 0.898687
1508 0.897443
1509 0.900367
1510 0.64496
1511 0.905018
1512 0.905405
1513 0.752977
1514 0.905155
1515 0.905397
1516 0.90437
1517 0.90436
1518 0.904107
1519 0.904767
1520 0.90459
1521 0.9047
1522 0.902632
1523 0.77973
1524 0.90293
1525 0.903528
1526 0.903253
1527 0.79554
1528 0.90507
1529 0.905177
1530 0.904648
1531 0.86063
1532 0.904595
1533 0.903338
1534 0.63512
1535 0.903593
1536 0.900675
1537 0.901068
1538 0.90064
1539 0.900648
1540 0.899798
1541 0.899625
1542 0.8984
1543 0.896913
1544 0.897223
1545 0.898663
1546 0.88789
1547 0.898805
1548 0.899555
1549 0.897705
1550 0.889075
1551 0.891505
1552 0.88888
1553 0.886898
1554 0.884777
1555 0.88275
1556 0.883143
1557 0.881835
1558 0.836082
1559 0.883872
1560 0.88581
1561 0.88622
1562 0.887243
1563 0.887085
1564 0.886635
1565 0.887145
1566 0.887517
1567 0.8867
1568 0.885918
1569 0.88656
1570 0.885877
1571 0.885182
1572 0.73962
1573 0.885177
1574 0.272753
1575 0.889188
1576 0.843635
1577 0.891085
1578 0.89258
1579 0.895605
1580 0.898197
1581 0.89923
1582 0.68439
1583 0.900613
1584 0.900227
1585 0.90019
1586 0.902875
1587 0.9
1588 0.896467
1589 0.896508
1590 0.895138
1591 0.894192
1592 0.734243
1593 0.893495
1594 0.890687
1595 0.89133
1596 0.891168
1597 0.89235
1598 0.892312
1599 0.892343
1600 0.88929
1601 0.890655
1602 0.73723
1603 0.891338
1604 0.890663
1605 0.89032
1606 0.88875
1607 0.890818
1608 0.883055
1609 0.45024
1610 0.89365
1611 0.874548
1612 0.712585
1613 0.661805
1614 0.901273
1615 0.900153
1616 0.900722
1617 0.90179
1618 0.833333
1619 0.83225
1620 0.580398
1621 0.89879
1622 0.899672
1623 0.108975
1624 0.745313
1625 0.84459
1626 0.904757
1627 0.907652
1628 0.90904
1629 0.895415
1630 0.915218
1631 0.91535
1632 0.91602
1633 0.897813
1634 0.882885
1635 0.908608
1636 0.915065
1637 0.918578
1638 0.886315
1639 0.916942
1640 0.916285
1641 0.915197
1642 0.9154
1643 0.916388
1644 0.914285
1645 0.912055
1646 0.91343
1647 0.886443
1648 0.91209
1649 0.87321
1650 0.817603
1651 0.911637
1652 0.865075
1653 0.90986
1654 0.909722
1655 0.908833
1656 0.916493
1657 0.81838
1658 0.9042
1659 0.849275
1660 0.90285
1661 0.901402
1662 0.904035
1663 0.441748
1664 0.90005
1665 0.899578
1666 0.898613
1667 0.899323
1668 0.908495
1669 0.901968
1670 0.904665
1671 0.86459
1672 0.908652
1673 0.908428
1674 0.910155
1675 0.851298
1676 0.909105
1677 0.906188
1678 0.904435
1679 0.847732
1680 0.897905
1681 0.89375
1682 0.892687
1683 0.888153
1684 0.884255
1685 0.883173
1686 0.875513
1687 0.87335
1688 0.87219
1689 0.871173
1690 0.881735
1691 0.865322
1692 0.86803
1693 0.870247
1694 0.870058
1695 0.869507
1696 0.869395
1697 0.869633
1698 0.870232
1699 0.867075
1700 0.862275
1701 0.868965
1702 0.866997
1703 0.77939
1704 0.840832
1705 0.86779
1706 0.868407
1707 0.864845
1708 0.859527
1709 0.855915
1710 0.849808
1711 0.8392
1712 0.774645
1713 0.832148
1714 0.81859
1715 0.827063
1716 0.82374
1717 0.843405
1718 0.79897
1719 0.82016
1720 0.81936
1721 0.749753
1722 0.820225
1723 0.819078
1724 0.818492
1725 0.816468
1726 0.814647
1727 0.814307
1728 0.812002
1729 0.846315
1730 0.808647
1731 0.811172
1732 0.79215
1733 0.784133
1734 0.879117
1735 0.73199
1736 0.686852
1737 0.677288
1738 0.656452
1739 0.668543
1740 0.638872
1741 0.67444
1742 0.600093
1743 0.59239
1744 0.126768
1745 0.561318
1746 0.55692
1747 0.55495
1748 0.515447
1749 0.508265
1750 0.506537
1751 0.503807
1752 0.60756
1753 0.488413
1754 0.486797
1755 0.593235
1756 0.480127
1757 0.476457
1758 0.476775
1759 0.471973
1760 0.47148
1761 0.416587
1762 0.463635
1763 0.464558
1764 0.457435
1765 0.456827
1766 0.456782
1767 0.470593
1768 0.47511
1769 0.47622
1770 0.73428
1771 0.476903
1772 0.488073
1773 0.875715
1774 0.86548
1775 0.562412
1776 0.49425
1777 0.491808
1778 0.489465
1779 0.482023
1780 0.474425
1781 0.472425
1782 0.465797
1783 0.45843
1784 0.457163
1785 0.83487
1786 0.44667
1787 0.74068
1788 0.562582
1789 0.425615
1790 0.422615
1791 0.415913
1792 0.408882
1793 0.406602
1794 0.400068
1795 0.39243
1796 0.476762
1797 0.384018
1798 0.382642
1799 0.386663
1800 0.382292
1801 0.377638
1802 0.661215
1803 0.874812
1804 0.389675
1805 0.391443
1806 0.393593
1807 0.39226
1808 0.133887
1809 0.392977
1810 0.397688
1811 0.389692
1812 0.389435
1813 0.387157
1814 0.383165
1815 0.42775
1816 0.373345
1817 0.37179
1818 0.36911
1819 0.37086
1820 0.36951
1821 0.37243
1822 0.373895
1823 0.375287
1824 0.373273
1825 0.88939
1826 0.36665
1827 0.36146
1828 0.35686
1829 0.358583
1830 0.348895
1831 0.344555
1832 0.341322
1833 0.335763
1834 0.331267
1835 0.327197
1836 0.32079
1837 0.31746
1838 0.315478
1839 0.307295
1840 0.450858
1841 0.30216
1842 0.69376
1843 0.28249
1844 0.279282
1845 0.271885
1846 0.266245
1847 0.263103
1848 0.256335
1849 0.248475
1850 0.24465
1851 0.235118
1852 0.22494
1853 0.221232
1854 0.21476
1855 0.21519
1856 0.215727
1857 0.216888
1858 0.220447
1859 0.217905
1860 0.218067
1861 0.213108
1862 0.21155
1863 0.205745
1864 0.165722
1865 0.19431
1866 0.188092
1867 0.190075
1868 0.193208
1869 0.202665
1870 0.210657
1871 0.21228
1872 0.22088
1873 0.22332
1874 0.23665
1875 0.224355
1876 0.227335
1877 0.228073
1878 0.728625
1879 0.236207
1880 0.23853
1881 0.24533
1882 0.254592
1883 0.254128
1884 0.26302
1885 0.27059
1886 0.259283
1887 0.888842
1888 0.29662
1889 0.378585
1890 0.309657
1891 0.319462
1892 0.32274
1893 0.33163
1894 0.339035
1895 0.34012
1896 0.3385
1897 0.340715
1898 0.341338
1899 0.34855
1900 0.360467
1901 0.366515
1902 0.3924
1903 0.420023
1904 0.428563
1905 0.446103
1906 0.472658
1907 0.475853
1908 0.48333
1909 0.51729
1910 0.487692
1911 0.473118
1912 0.466622
1913 0.46636
1914 0.458483
1915 0.448587
1916 0.441258
1917 0.436515
1918 0.156005
1919 0.427198
1920 0.423378
1921 0.418148
1922 0.416085
1923 0.412488
1924 0.386157
1925 0.381205
1926 0.377223
1927 0.00028
1928 0.360872
1929 0.353875
1930 0.350757
1931 0.161112
1932 0.160913
1933 0.3109
1934 0.302978
1935 0.295215
1936 0.292152
1937 0.290065
1938 0.283275
1939 0.283002
1940 0.13295
1941 0.271143
1942 0.278002
1943 0.272615
1944 0.265025
1945 0.26222
1946 0.24925
1947 0.24056
1948 0.235948
1949 0.224442
1950 0.216558
1951 0.208833
1952 0.848908
1953 0.1875
1954 0.183542
1955 0.174327
1956 0.1642
1957 0.159493
1958 0.15028
1959 0.140327
1960 0.128018
1961 0.122317
1962 0.115873
1963 0.113095
1964 0.10001
1965 0.09098
1966 0.08474
1967 0.0729125
1968 0.889848
1969 0.058575
1970 0.88991
1971 0.033575
1972 0.0297675
1973 0.022845
1974 0.274595
1975 0.016225
1976 0.0119
1977 0.0088075
1978 0.0081675
1979 0.0081525
1980 0.0020225
1981 0.0075925
1982 0.167615
1983 0.00697
1984 0.006635
1985 0.849058
1986 0.00551
1987 0.0052125
1988 0.004645
1989 0.0045525
1990 0.00463
1991 0.0047975
1992 0.558315
1993 0.00453
1994 0.0048025
1995 0.0043875
1996 0.0042425
1997 0.00403
1998 0.0040825
1999 0.0042925
2000 0.008045
2001 0.0176025
2002 0.0234225
2003 0.0367225
2004 0.0439775
2005 0.0583575
2006 0.0744925
2007 0.090875
2008 0.100032
2009 0.118205
2010 0.301117
2011 0.802163
2012 0.0537125
2013 0.180455
2014 0.188117
2015 0.215735
2016 0.236423
2017 0.20442
2018 0.27518
2019 0.29006
2020 0.296457
2021 0.308067
2022 0.316912
2023 0.519243
2024 0.344722
2025 0.36032
2026 0.36913
2027 0.383493
2028 0.398558
2029 0.40451
2030 0.405722
2031 0.405155
2032 0.407867
2033 0.850167
2034 0.390732
2035 0.392232
2036 0.386273
2037 0.35571
2038 0.353285
2039 0.341995
2040 0.334685
2041 0.327315
2042 0.307185
2043 0.283627
2044 0.279122
2045 0.269
2046 0.260062
2047 0.25851
2048 0.247575
2049 0.238825
2050 0.236363
2051 0.231765
2052 0.21903
2053 0.217388
2054 0.207797
2055 0.197515
2056 0.268728
2057 0.17982
2058 0.0710975
2059 0.168865
2060 0.148265
2061 0.773047
2062 0.131665
2063 0.12308
2064 0.110823
2065 0.104188
2066 0.0940625
2067 0.087335
2068 0.255568
2069 0.080975
2070 0.0785775
2071 0.0741425
2072 0.0649725
2073 0.0600975
2074 0.057855
2075 0.05091
2076 0.04247
2077 0.039405
2078 0.03175
2079 0.026475
2080 0.02401
2081 0.019185
2082 0.0150175
2083 0.0144275
2084 0.014615
2085 0.01471
2086 0.014
2087 0.01373
2088 0.01348
2089 0.0133475
2090 0.013075
2091 0.01288
2092 0.0129625
2093 0.012825
2094 0.012945
2095 0.0225525
2096 0.01376
2097 0.88239
2098 0.0135975
2099 0.0149275
2100 0.0176575
2101 0.785852
2102 0.0127375
2103 0.0293925
2104 0.0324275
2105 0.0382825
2106 0.04565
2107 0.0499875
2108 0.057935
2109 0.0687975
2110 0.074975
2111 0.0866875
2112 0.151188
2113 0.102962
2114 0.11695
2115 0.129468
2116 0.124575
2117 0.153168
2118 0.171437
2119 0.180005
2120 0.197843
2121 0.215262
2122 0.232255
2123 0.257745
2124 0.017935
2125 0.28641
2126 0.885983
2127 0.362575
2128 0.37665
2129 0.0187525
2130 0.434067
2131 0.447418
2132 0.466425
2133 0.188048
2134 0.48066
2135 0.849595
2136 0.512077
2137 0.51287
2138 0.512132
2139 0.512443
2140 0.663435
2141 0.511305
2142 0.503992
2143 0.501115
2144 0.493412
2145 0.490683
2146 0.487515
2147 0.219045
2148 0.268365
2149 0.103828
2150 0.464068
2151 0.43918
2152 0.385245
2153 0.338958
2154 0.33806
2155 0.342095
2156 0.323437
2157 0.326497
2158 0.32725
2159 0.324795
2160 0.31682
2161 0.31524
2162 0.31322
2163 0.311652
2164 0.449993
2165 0.369327
2166 0.399435
2167 0.297478
2168 0.28903
2169 0.283475
2170 0.28089
2171 0.270427
2172 0.268238
2173 0.267578
2174 0.256808
2175 0.23452
2176 0.228508
2177 0.21617
2178 0.20749
2179 0.19554
2180 0.181338
2181 0.167632
2182 0.163277
2183 0.15105
2184 0.133945
2185 0.123635
2186 0.130438
2187 0.10562
2188 0.0957525
2189 0.08725
2190 0.078625
2191 0.074635
2192 0.0643225
2193 0.0569625
2194 0.0538175
2195 0.04697
2196 0.0404575
2197 0.0385125
2198 0.0315825
2199 0.0267725
2200 0.024205
2201 0.0210075
2202 0.0181075
2203 0.0173275
2204 0.015895
2205 0.01417
2206 0.0138
2207 0.13619
2208 0.0106225
2209 0.009615
2210 0.0082575
2211 0.0054875
2212 0.004295
2213 0.002825
2214 0.00218
2215 0.0019475
2216 0.0023475
2217 0.002355
2218 0.619657
2219 0.002195
2220 0.00211
2221 0.0024125
2222 0.0028825
2223 0.00249
2224 0.00305
2225 0.0026775
2226 0.0027225
2227 0.02738
2228 0.003395
2229 0.14539
2230 0.0030075
2231 0.0032575
2232 0.00319
2233 0.885813
2234 0.856915
2235 0.0037925
2236 0.232997
2237 0.00392
2238 0.0035675
2239 0.0039775
2240 0.0040075
2241 0.0035425
2242 0.00384
2243 0.00281
2244 0.0031775
2245 0.003765
2246 0.00414
2247 0.0040375
2248 0.00417
2249 0.004595
2250 0.004745
2251 0.0050225
2252 0.0055925
2253 0.23
2254 0.0063975
2255 0.006275
2256 0.005755
2257 0.0064825
2258 0.0067125
2259 0.007095
2260 0.0074175
2261 0.0071625
2262 0.0081375
2263 0.00798
2264 0.382082
2265 0.02448
2266 0.013355
2267 0.018955
2268 0.02692
2269 0.03051
2270 0.0395525
2271 0.048405
2272 0.053075
2273 0.841553
2274 0.0709625
2275 0.06754
2276 0.0790625
2277 0.0826325
2278 0.764827
2279 0.50375
2280 0.09226
2281 0.649983
2282 0.0976925
2283 0.099645
2284 0.100687
2285 0.181347
2286 0.1045
2287 0.10499
2288 0.106173
2289 0.106948
2290 0.106317
2291 0.106027
2292 0.891003
2293 0.103233
2294 0.102722
2295 0.100947
2296 0.100385
2297 0.843495
2298 0.27895
2299 0.107027
2300 0.11153
2301 0.111323
2302 0.783195
2303 0.796482
2304 0.113138
2305 0.112245
2306 0.890447
2307 0.111047
2308 0.1106
2309 0.10823
2310 0.108238
2311 0.108738
2312 0.104858
2313 0.098355
2314 0.096865
2315 0.0920625
2316 0.0885225
2317 0.0868575
2318 0.094195
2319 0.07776
2320 0.401402
2321 0.216815
2322 0.070545
2323 0.069355
2324 0.06504
2325 0.0618225
2326 0.145168
2327 0.059865
2328 0.057865
2329 0.0560325
2330 0.358765
2331 0.0517525
2332 0.055265
2333 0.641312
2334 0.0412025
2335 0.0413825
2336 0.03677
2337 0.033305
2338 0.0317975
2339 0.030215
2340 0.0289825
2341 0.027785
2342 0.0262
2343 0.0240625
2344 0.888955
2345 0.02229
2346 0.0198575
2347 0.622055
2348 0.15297
2349 0.01739
2350 0.716788
2351 0.0350975
2352 0.0206725
2353 0.020455
2354 0.807713
2355 0.0185475
2356 0.0184925
2357 0.0180525
2358 0.016965
2359 0.08711
2360 0.016125
2361 0.015955
2362 0.0188175
2363 0.891475
2364 0.01639
2365 0.0161575
2366 0.628025
2367 0.843505
2368 0.0166825
2369 0.481917
2370 0.0168825
2371 0.416227
2372 0.0177125
2373 0.017515
2374 0.017135
2375 0.01689
2376 0.016065
2377 0.271043
2378 0.015795
2379 0.0149925
2380 0.01484
2381 0.013905
2382 0.198612
2383 0.02319
2384 0.0359575
2385 0.051265
2386 0.102485
2387 0.0697225
2388 0.0781775
2389 0.079035
2390 0.186257
2391 0.08454
2392 0.08531
2393 0.085345
2394 0.08967
2395 0.0892075
2396 0.0887425
2397 0.09006
2398 0.0898175
2399 0.0890675
2400 0.159997
2401 0.0885825
2402 0.08809
2403 0.08811
2404 0.512795
2405 0.088285
2406 0.0877575
2407 0.08704
2408 0.086195
2409 0.08289
2410 0.0825375
2411 0.0845525
2412 0.135777
2413 0.142235
2414 0.06815
2415 0.485227
2416 0.0607825
2417 0.057015
2418 0.292357
2419 0.845525
2420 0.040625
2421 0.46697
2422 0.0326625
2423 0.0269275
2424 0.022355
2425 0.02018
2426 0.226875
2427 0.081235
2428 0.84369
2429 0.004285
2430 0.001545
2431 0.84321
2432 0.011685
2433 0.0245825
2434 0.030555
2435 0.039855
2436 0.0451925
2437 0.047525
2438 0.04897
2439 0.0515975
2440 0.0524875
2441 0.72099
2442 0.0556075
2443 0.05594
2444 0.0567775
2445 0.05633
2446 0.056475
2447 0.0577225
2448 0.0583125
2449 0.058325
2450 0.057515
2451 0.0565275
2452 0.0564675
2453 0.05657
2454 0.13798
2455 0.0557625
2456 0.0551675
2457 0.05565
2458 0.0566325
2459 0.0554425
2460 0.0568525
2461 0.0566025
2462 0.276135
2463 0.04827
2464 0.284905
2465 0.04076
2466 0.034825
2467 0.032345
2468 0.02851
2469 0.024965
2470 0.023155
2471 0.298233
2472 0.017575
2473 0.02692
2474 0.01413
2475 0.0149525
2476 0.0168225
2477 0.0183875
2478 0.0163825
2479 0.015845
2480 0.770285
2481 0.655598
2482 0.01733
2483 0.0178425
2484 0.0180175
2485 0.0185075
2486 0.0189025
2487 0.019125
2488 0.0972175
2489 0.338332
2490 0.0201475
2491 0.019865
2492 0.019925
2493 0.019755
2494 0.01961
2495 0.0199425
2496 0.02008
2497 0.02015
2498 0.02033
2499 0.0203975
2500 0.0707575
2501 0.0199475
2502 0.02025
2503 0.0205125
2504 0.42852
2505 0.390002
2506 0.02023
2507 0.0263875
2508 0.03507
2509 0.040005
2510 0.0489525
2511 0.05841
2512 0.0628225
2513 0.034055
2514 0.075695
2515 0.0756225
2516 0.0759925
2517 0.0758325
2518 0.07644
2519 0.079745
2520 0.080045
2521 0.12077
2522 0.08397
2523 0.143567
2524 0.0850925
2525 0.0868825
2526 0.838453
2527 0.08969
2528 0.09186
2529 0.405135
2530 0.091845
2531 0.0915775
2532 0.0913025
2533 0.0913175
2534 0.0912625
2535 0.74629
2536 0.0914275
2537 0.09233
2538 0.66117
2539 0.0929275
2540 0.0908725
2541 0.0893825
2542 0.0882125
2543 0.459137
2544 0.0883075
2545 0.3495
2546 0.0837425
2547 0.0845775
2548 0.083725
2549 0.314787
2550 0.107762
2551 0.07193
2552 0.0682525
2553 0.064855
2554 0.0625675
2555 0.0577725
2556 0.050785
2557 0.0486025
2558 0.0418575
2559 0.03608
2560 0.0337325
2561 0.0282675
2562 0.023405
2563 0.0206825
2564 0.0163875
2565 0.203682
2566 0.0688025
2567 0.04881
2568 0.0041725
2569 0.003485
2570 0.00237
2571 0.001645
2572 0.660935
2573 0.00163
2574 0.0017075
2575 0.00169
2576 0.0315675
2577 0.0016775
2578 0.00171
2579 0.0016775
2580 0.0016175
2581 0.65886
2582 0.0015625
2583 0.00156
2584 0.746005
2585 0.749117
2586 0.002035
2587 0.00202
2588 0.00188
2589 0.0018425
2590 0.001835
2591 0.0018525
2592 0.0018725
2593 0.0018225
2594 0.00185
2595 0.0018225
2596 0.0017725
2597 0.0017875
2598 0.00172
2599 0.0017
2600 0.00169
2601 0.00173
2602 0.001735
2603 0.0017375
2604 0.00176
2605 0.507742
2606 0.006045
2607 0.0019075
2608 0.0019125
2609 0.0019025
2610 0.0019875
2611 0.0018975
2612 0.0017925
2613 0.0017025
2614 0.001645
2615 0.00177
2616 0.0017575
2617 0.00176
2618 0.0016325
2619 0.0016775
2620 0.001715
2621 0.00176
2622 0.82865
2623 0.09504
2624 0.84191
2625 0.0192275
2626 0.02483
2627 0.0330975
2628 0.0398175
2629 0.043735
2630 0.046765
2631 0.048695
2632 0.04961
2633 0.909105
2634 0.0529575
2635 0.053675
2636 0.0594875
2637 0.07026
2638 0.166437
2639 0.100737
2640 0.09679
2641 0.845747
2642 0.286237
2643 0.13141
2644 0.138027
2645 0.154353
2646 0.162995
2647 0.16914
2648 0.183175
2649 0.191355
2650 0.194983
2651 0.34333
2652 0.211058
2653 0.211295
2654 0.847657
2655 0.555227
2656 0.789628
2657 0.2184
2658 0.88641
2659 0.218647
2660 0.248303
2661 0.219562
2662 0.218755
2663 0.213363
2664 0.209327
2665 0.20463
2666 0.199285
2667 0.8392
2668 0.19898
2669 0.385713
2670 0.319147
2671 0.199267
2672 0.19806
2673 0.203168
2674 0.213243
2675 0.207355
2676 0.206687
2677 0.205012
2678 0.20001
2679 0.193162
2680 0.253815
2681 0.176833
2682 0.171765
2683 0.168655
2684 0.163445
2685 0.87849
2686 0.153792
2687 0.15136
2688 0.145785
2689 0.146097
2690 0.16852
2691 0.475058
2692 0.13228
2693 0.12772
2694 0.121948
2695 0.11874
2696 0.112115
2697 0.106377
2698 0.103645
2699 0.099625
2700 0.0941925
2701 0.0906925
2702 0.084985
2703 0.07917
2704 0.55495
2705 0.07195
2706 0.06793
2707 0.0662425
2708 0.06385
2709 0.06394
2710 0.33282
2711 0.0652675
2712 0.0655275
2713 0.605572
2714 0.066415
2715 0.0667825
2716 0.066425
2717 0.840198
2718 0.066075
2719 0.0628975
2720 0.0630325
2721 0.063215
2722 0.637728
2723 0.0633075
2724 0.0640075
2725 0.20918
2726 0.091555
2727 0.73512
2728 0.0763225
2729 0.888365
2730 0.09117
2731 0.0945475
2732 0.875715
2733 0.104233
2734 0.10425
2735 0.108262
2736 0.1109
2737 0.111967
2738 0.351882
2739 0.113443
2740 0.11343
2741 0.11403
2742 0.22318
2743 0.115498
2744 0.11624
2745 0.117133
2746 0.216347
2747 0.632757
2748 0.122325
2749 0.123105
2750 0.12376
2751 0.123938
2752 0.124345
2753 0.206115
2754 0.128147
2755 0.718205
2756 0.12806
2757 0.127515
2758 0.127873
2759 0.128578
2760 0.129507
2761 0.130282
2762 0.13047
2763 0.130883
2764 0.175138
2765 0.13226
2766 0.132835
2767 0.133628
2768 0.159353
2769 0.133545
2770 0.133887
2771 0.133898
2772 0.13503
2773 0.135492
2774 0.135398
2775 0.165775
2776 0.13579
2777 0.13695
2778 0.138373
2779 0.13859
2780 0.13999
2781 0.141775
2782 0.14279
2783 0.143563
2784 0.14148
2785 0.142565
2786 0.41366
2787 0.140692
2788 0.404965
2789 0.142297
2790 0.14269
2791 0.143072
2792 0.14278
2793 0.142685
2794 0.87606
2795 0.60057
2796 0.142662
2797 0.142595
2798 0.14266
2799 0.142388
2800 0.142267
2801 0.14239
2802 0.142267
2803 0.142097
2804 0.142008
2805 0.142437
2806 0.364775
2807 0.142992
2808 0.14291
2809 0.142873
2810 0.142765
2811 0.335718
2812 0.143077
2813 0.21674
2814 0.143365
2815 0.143437
2816 0.143843
2817 0.143905
2818 0.14381
2819 0.144187
2820 0.14418
2821 0.14442
2822 0.144648
2823 0.175512
2824 0.144338
2825 0.3672
2826 0.143833
2827 0.143882
2828 0.14339
2829 0.143107
2830 0.143223
2831 0.142918
2832 0.14308
2833 0.14341
2834 0.143407
2835 0.146455
2836 0.146822
2837 0.146905
2838 0.444653
2839 0.14675
2840 0.243935
2841 0.145868
2842 0.145705
2843 0.849293
2844 0.14459
2845 0.144535
2846 0.14464
2847 0.595923
2848 0.144932
2849 0.145475
2850 0.145937
2851 0.145657
2852 0.889962
2853 0.14583
2854 0.160795
2855 0.279062
2856 0.146122
2857 0.58667
2858 0.146652
2859 0.146675
2860 0.30074
2861 0.14582
2862 0.290258
2863 0.14608
2864 0.146735
2865 0.0620425
2866 0.147092
2867 0.147885
2868 0.148528
2869 0.149415
2870 0.149987
2871 0.150058
2872 0.150058
2873 0.150232
2874 0.14988
2875 0.14957
2876 0.149468
2877 0.148498
2878 0.149482
2879 0.040635
2880 0.153235
2881 0.156005
2882 0.157133
2883 0.158775
2884 0.344145
2885 0.159865
2886 0.161593
2887 0.16208
2888 0.162178
2889 0.162305
2890 0.644663
2891 0.163252
2892 0.162665
2893 0.161112
2894 0.160913
2895 0.158865
2896 0.36481
2897 0.15896
2898 0.158755
2899 0.158135
2900 0.15879
2901 0.157958
2902 0.158048
2903 0.157885
2904 0.15724
2905 0.156598
2906 0.156395
2907 0.156475
2908 0.156795
2909 0.15708
2910 0.679752
2911 0.155793
2912 0.155502
2913 0.15525
2914 0.155257
2915 0.887435
2916 0.155278
2917 0.154975
2918 0.154683
2919 0.153927
2920 0.153785
2921 0.15378
2922 0.177228
2923 0.1546
2924 0.154537
2925 0.155312
2926 0.154817
2927 0.154037
2928 0.154707
2929 0.134875
2930 0.155922
2931 0.15829
2932 0.159252
2933 0.109382
2934 0.669415
2935 0.161328
2936 0.162772
2937 0.162607
2938 0.163243
2939 0.163373
2940 0.16434
2941 0.165123
2942 0.165585
2943 0.16588
2944 0.166837
2945 0.167615
2946 0.170005
2947 0.17318
2948 0.174478
2949 0.177673
2950 0.181295
2951 0.183012
2952 0.187227
2953 0.19003
2954 0.1908
2955 0.203965
2956 0.187963
2957 0.201785
2958 0.21165
2959 0.21367
2960 0.21948
2961 0.23376
2962 0.238418
2963 0.240745
2964 0.008045
2965 0.254592
2966 0.234285
2967 0.264533
2968 0.276023
2969 0.788898
2970 0.290083
2971 0.2974
2972 0.30068
2973 0.311503
2974 0.323915
2975 0.329415
2976 0.335272
2977 0.358155
2978 0.347685
2979 0.353825
2980 0.358318
2981 0.29006
2982 0.370273
2983 0.387833
2984 0.396973
2985 0.404178
2986 0.460855
2987 0.315103
2988 0.450345
2989 0.454365
2990 0.886935
2991 0.490545
2992 0.471898
2993 0.524955
2994 0.1526
2995 0.561512
2996 0.568752
2997 0.33079
2998 0.828037
2999 0.67234
3000 0.723348
3001 0.755918
3002 0.776107
3003 0.797072
3004 0.811708
3005 0.821233
3006 0.834673
3007 0.838755
3008 0.84205
3009 0.843925
3010 0.843683
3011 0.893667
3012 0.89042
3013 0.537342
3014 0.888877
3015 0.888227
3016 0.89204
3017 0.897055
3018 0.898423
3019 0.066795
3020 0.90504
3021 0.90003
3022 0.90554
3023 0.906277
3024 0.871635
3025 0.907015
3026 0.906208
3027 0.246097
3028 0.907593
3029 0.90813
3030 0.909382
3031 0.910103
3032 0.911033
3033 0.909998
3034 0.65821
3035 0.910377
3036 0.913462
3037 0.913587
3038 0.91376
3039 0.913848
3040 0.913153
3041 0.912218
3042 0.911813
3043 0.91134
3044 0.910918
3045 0.91059
3046 0.221603
3047 0.910613
3048 0.909865
3049 0.791852
3050 0.90889
3051 0.909212
3052 0.41986
3053 0.887115
3054 0.908625
3055 0.908613
3056 0.908667
3057 0.907675
3058 0.907602
3059 0.907325
3060 0.905842
3061 0.904347
3062 0.904722
3063 0.903983
3064 0.90201
3065 0.90163
3066 0.900288
3067 0.899177
3068 0.898865
3069 0.898608
3070 0.898575
3071 0.89818
3072 0.897643
3073 0.89628
3074 0.896513
3075 0.894968
3076 0.89378
3077 0.894033
3078 0.89292
3079 0.893168
3080 0.852392
3081 0.892617
3082 0.892193
3083 0.89244
3084 0.89171
3085 0.891458
3086 0.89044
3087 0.813778
3088 0.887795
3089 0.887182
3090 0.885983
3091 0.88506
3092 0.88565
3093 0.884517
3094 0.881962
3095 0.88113
3096 0.88141
3097 0.848073
3098 0.87966
3099 0.879373
3100 0.878343
3101 0.878513
3102 0.879633
3103 0.880093
3104 0.87996
3105 0.881023
3106 0.881443
3107 0.84473
3108 0.881288
3109 0.8818
3110 0.88209
3111 0.883748
3112 0.883382
3113 0.848653
3114 0.78672
3115 0.881583
3116 0.880378
3117 0.879177
3118 0.854202
3119 0.877737
3120 0.793072
3121 0.87722
3122 0.877493
3123 0.878328
3124 0.877337
3125 0.556787
3126 0.899208
3127 0.876273
3128 0.876075
3129 0.875238
3130 0.874912
3131 0.85573
3132 0.872625
3133 0.322618
3134 0.870727
3135 0.869202
3136 0.867415
3137 0.867575
3138 0.86715
3139 0.865892
3140 0.864795
3141 0.865058
3142 0.864165
3143 0.863223
3144 0.862005
3145 0.860568
3146 0.85256
3147 0.859367
3148 0.85902
3149 0.859058
3150 0.858908
3151 0.858293
3152 0.85815
3153 0.858248
3154 0.85835
3155 0.858402
3156 0.85811
3157 0.858258
3158 0.85945
3159 0.858182
3160 0.858005
3161 0.857715
3162 0.857792
3163 0.858195
3164 0.85836
3165 0.858483
3166 0.85873
3167 0.85887
3168 0.858468
3169 0.69739
3170 0.858222
3171 0.858317
3172 0.858605
3173 0.858217
3174 0.858387
3175 0.858325
3176 0.858195
3177 0.857525
3178 0.857393
3179 0.848298
3180 0.619657
3181 0.853853
3182 0.853375
3183 0.246095
3184 0.852595
3185 0.852165
3186 0.85268
3187 0.851962
3188 0.851293
3189 0.85069
3190 0.849665
3191 0.639312
3192 0.84775
3193 0.847335
3194 0.846677
3195 0.858202
3196 0.846483
3197 0.846553
3198 0.542122
3199 0.846325
3200 0.846427
3201 0.845993
3202 0.80969
3203 0.23218
3204 0.09166
3205 0.845947
3206 0.845995
3207 0.845875
3208 0.845912
3209 0.845885
3210 0.845845
3211 0.735328
3212 0.844348
3213 0.844322
3214 0.844545
3215 0.844592
3216 0.843982
3217 0.728638
3218 0.84139
3219 0.843683
3220 0.844078
3221 0.84387
3222 0.843943
3223 0.570952
3224 0.843973
3225 0.843627
3226 0.843265
3227 0.00798
3228 0.842705
3229 0.84227
3230 0.842195
3231 0.842222
3232 0.84225
3233 0.842125
3234 0.841797
3235 0.841812
3236 0.841475
3237 0.841553
3238 0.84178
3239 0.870123
3240 0.841845
3241 0.841803
3242 0.6435
3243 0.841768
3244 0.23954
3245 0.841732
3246 0.841645
3247 0.841585
3248 0.841812
3249 0.8416
3250 0.534578
3251 0.841647
3252 0.842187
3253 0.842742
3254 0.842518
3255 0.842335
3256 0.842568
3257 0.106948
3258 0.842668
3259 0.569007
3260 0.842198
3261 0.85109
3262 0.842585
3263 0.842328
3264 0.84265
3265 0.859803
3266 0.842843
3267 0.84447
3268 0.843087
3269 0.842995
3270 0.842932
3271 0.842785
3272 0.294243
3273 0.842762
3274 0.842655
3275 0.842605
3276 0.842472
3277 0.842683
3278 0.842657
3279 0.887387
3280 0.234357
3281 0.842782
3282 0.842997
3283 0.84314
3284 0.0920625
3285 0.843108
3286 0.843182
3287 0.843283
3288 0.843313
3289 0.843627
3290 0.84343
3291 0.843435
3292 0.84347
3293 0.843633
3294 0.843352
3295 0.865025
3296 0.842483
3297 0.690407
3298 0.84254
3299 0.416938
3300 0.633988
3301 0.842853
3302 0.842982
3303 0.842925
3304 0.843028
3305 0.843078
3306 0.842642
3307 0.405687
3308 0.842712
3309 0.408573
3310 0.60038
3311 0.844505
3312 0.844243
3313 0.843375
3314 0.842952
3315 0.843008
3316 0.709217
3317 0.708557
3318 0.842198
3319 0.842385
3320 0.84184
3321 0.88993
3322 0.842867
3323 0.84294
3324 0.842943
3325 0.842962
3326 0.843017
3327 0.84315
3328 0.843207
3329 0.84343
3330 0.42912
3331 0.843697
3332 0.843505
3333 0.84379
3334 0.843457
3335 0.843283
3336 0.841427
3337 0.84141
3338 0.881238
3339 0.841553
3340 0.071635
3341 0.841585
3342 0.842267
3343 0.841207
3344 0.840505
3345 0.84051
3346 0.840335
3347 0.839777
3348 0.839645
3349 0.839167
3350 0.83923
3351 0.838925
3352 0.079035
3353 0.83925
3354 0.83993
3355 0.840307
3356 0.840175
3357 0.840522
3358 0.840793
3359 0.840908
3360 0.841183
3361 0.843685
3362 0.74383
3363 0.844333
3364 0.84451
3365 0.368333
3366 0.845025
3367 0.845085
3368 0.84503
3369 0.78786
3370 0.845522
3371 0.188777
3372 0.176528
3373 0.845928
3374 0.84572
3375 0.845675
3376 0.845612
3377 0.756635
3378 0.84576
3379 0.8459
3380 0.845923
3381 0.845797
3382 0.845703
3383 0.845522
3384 0.845525
3385 0.845495
3386 0.844487
3387 0.844407
3388 0.844398
3389 0.8442
3390 0.844132
3391 0.843738
3392 0.843935
3393 0.843938
3394 0.84386
3395 0.84369
3396 0.228077
3397 0.843372
3398 0.843333
3399 0.84321
3400 0.843515
3401 0.843487
3402 0.843548
3403 0.841448
3404 0.843675
3405 0.843642
3406 0.84378
3407 0.247028
3408 0.691755
3409 0.843445
3410 0.843507
3411 0.569625
3412 0.845035
3413 0.51769
3414 0.716193
3415 0.84441
3416 0.844335
3417 0.844172
3418 0.844063
3419 0.84408
3420 0.844178
3421 0.843988
3422 0.844322
3423 0.844418
3424 0.84445
3425 0.844683
3426 0.68711
3427 0.844533
3428 0.844565
3429 0.844952
3430 0.819093
3431 0.845125
3432 0.518785
3433 0.519663
3434 0.709403
3435 0.84478
3436 0.846483
3437 0.846357
3438 0.669177
3439 0.69568
3440 0.56938
3441 0.84622
3442 0.846368
3443 0.846235
3444 0.846125
3445 0.417795
3446 0.846113
3447 0.8462
3448 0.846165
3449 0.846132
3450 0.846145
3451 0.84646
3452 0.50445
3453 0.846995
3454 0.84721
3455 0.847205
3456 0.847422
3457 0.847402
3458 0.847375
3459 0.34001
3460 0.84752
3461 0.847893
3462 0.848278
3463 0.848037
3464 0.847782
3465 0.84791
3466 0.847895
3467 0.848105
3468 0.848073
3469 0.84819
3470 0.848383
3471 0.848158
3472 0.848235
3473 0.848178
3474 0.848067
3475 0.848205
3476 0.848372
3477 0.848372
3478 0.84822
3479 0.848135
3480 0.709503
3481 0.777478
3482 0.848045
3483 0.84813
3484 0.8481
3485 0.848105
3486 0.848673
3487 0.848657
3488 0.848483
3489 0.55998
3490 0.647047
3491 0.848378
3492 0.848475
3493 0.848433
3494 0.848368
3495 0.848422
3496 0.848298
3497 0.848222
3498 0.84835
3499 0.848195
3500 0.84831
3501 0.848428
3502 0.84826
3503 0.848295
3504 0.848252
3505 0.848378
3506 0.848265
3507 0.84818
3508 0.848132
3509 0.848028
3510 0.848145
3511 0.59497
3512 0.84726
3513 0.847213
3514 0.847418
3515 0.847435
3516 0.847422
3517 0.84742
3518 0.573838
3519 0.89235
3520 0.84761
3521 0.847808
3522 0.847675
3523 0.894532
3524 0.609995
3525 0.848145
3526 0.848023
3527 0.78852
3528 0.858973
3529 0.84752
3530 0.847788
3531 0.847897
3532 0.84798
3533 0.847858
3534 0.847943
3535 0.852665
3536 0.849222
3537 0.64752
3538 0.822052
3539 0.849015
3540 0.823967
3541 0.84892
3542 0.848938
3543 0.849065
3544 0.628197
3545 0.84879
3546 0.848715
3547 0.84869
3548 0.869742
3549 0.848633
3550 0.848742
3551 0.848635
3552 0.848625
3553 0.848495
3554 0.848562
3555 0.908608
3556 0.848515
3557 0.848495
3558 0.888197
3559 0.84839
3560 0.848477
3561 0.71357
3562 0.650857
3563 0.761862
3564 0.848278
3565 0.848398
3566 0.770315
3567 0.848463
3568 0.84846
3569 0.84852
3570 0.847835
3571 0.68871
3572 0.847818
3573 0.847808
3574 0.786247
3575 0.877143
3576 0.847588
3577 0.847598
3578 0.85152
3579 0.84758
3580 0.847715
3581 0.847818
3582 0.847727
3583 0.852835
3584 0.847677
3585 0.866298
3586 0.84768
3587 0.847618
3588 0.847982
3589 0.848073
3590 0.847865
3591 0.847908
3592 0.834955
3593 0.848307
3594 0.84823
3595 0.847472
3596 0.847625
3597 0.682318
3598 0.847647
3599 0.84763
3600 0.847545
3601 0.866155
3602 0.848005
3603 0.84787
3604 0.847965
3605 0.848067
3606 0.848202
3607 0.88037
3608 0.84817
3609 0.848082
3610 0.847952
3611 0.84791
3612 0.847838
3613 0.847927
3614 0.847633
3615 0.847555
3616 0.847657
3617 0.826838
3618 0.836668
3619 0.847355
3620 0.861685
3621 0.847313
3622 0.847525
3623 0.847463
3624 0.847215
3625 0.84715
3626 0.84214
3627 0.8469
3628 0.847215
3629 0.84697
3630 0.846832
3631 0.846938
3632 0.84676
3633 0.84683
3634 0.84709
3635 0.847325
3636 0.84715
3637 0.84697
3638 0.8746
3639 0.85223
3640 0.846465
3641 0.193162
3642 0.846468
3643 0.750822
3644 0.846635
3645 0.846407
3646 0.846122
3647 0.846315
3648 0.846028
3649 0.845625
3650 0.845295
3651 0.845132
3652 0.873455
3653 0.845185
3654 0.84521
3655 0.845243
3656 0.845562
3657 0.845688
3658 0.733485
3659 0.846063
3660 0.846015
3661 0.845978
3662 0.845867
3663 0.843425
3664 0.845905
3665 0.845862
3666 0.845928
3667 0.845853
3668 0.84597
3669 0.846037
3670 0.846938
3671 0.847405
3672 0.84712
3673 0.847012
3674 0.794713
3675 0.84679
3676 0.847128
3677 0.861202
3678 0.847087
3679 0.847085
3680 0.84747
3681 0.848015
3682 0.862873
3683 0.862073
3684 0.693357
3685 0.8482
3686 0.848257
3687 0.848335
3688 0.848402
3689 0.848248
3690 0.848217
3691 0.848235
3692 0.805338
3693 0.73989
3694 0.848135
3695 0.687488
3696 0.847843
3697 0.847947
3698 0.847958
3699 0.847993
3700 0.847808
3701 0.847738
3702 0.847938
3703 0.84784
3704 0.847775
3705 0.847985
3706 0.847917
3707 0.847732
3708 0.84782
3709 0.847888
3710 0.847622
3711 0.847895
3712 0.84802
3713 0.847747
3714 0.847855
3715 0.847865
3716 0.847917
3717 0.84764
3718 0.847988
3719 0.847692
3720 0.84814
3721 0.84831
3722 0.8483
3723 0.848615
3724 0.84883
3725 0.849063
3726 0.84879
3727 0.848945
3728 0.848442
3729 0.889572
3730 0.84813
3731 0.848158
3732 0.848325
3733 0.848178
3734 0.848313
3735 0.848525
3736 0.84853
3737 0.841797
3738 0.84899
3739 0.848865
3740 0.82281
3741 0.849415
3742 0.688063
3743 0.776048
3744 0.849655
3745 0.85007
3746 0.850102
3747 0.670347
3748 0.850015
3749 0.85459
3750 0.849897
3751 0.793223
3752 0.850047
3753 0.849858
3754 0.850115
3755 0.843673
3756 0.82706
3757 0.855742
3758 0.84968
3759 0.84977
3760 0.566985
3761 0.849413
3762 0.8491
3763 0.848788
3764 0.854055
3765 0.848522
3766 0.848723
3767 0.848257
3768 0.847518
3769 0.847015
3770 0.847398
3771 0.847785
3772 0.866765
3773 0.848163
3774 0.848715
3775 0.585708
3776 0.849135
3777 0.849483
3778 0.765475
3779 0.84958
3780 0.85586
3781 0.85015
3782 0.296787
3783 0.849823
3784 0.246487
3785 0.849842
3786 0.849792
3787 0.872642
3788 0.849627
3789 0.849585
3790 0.849385
3791 0.849293
3792 0.849198
3793 0.84909
3794 0.849052
3795 0.849245
3796 0.84916
3797 0.849002
3798 0.848723
3799 0.848448
3800 0.847437
3801 0.846618
3802 0.146122
3803 0.845522
3804 0.844475
3805 0.84423
3806 0.8438
3807 0.8434
3808 0.843023
3809 0.843082
3810 0.84346
3811 0.147092
3812 0.84401
3813 0.844135
3814 0.844252
3815 0.844342
3816 0.84405
3817 0.844073
3818 0.844368
3819 0.844912
3820 0.849668
3821 0.784798
3822 0.849622
3823 0.849625
3824 0.84966
3825 0.849642
3826 0.849518
3827 0.849455
3828 0.849485
3829 0.84964
3830 0.849927
3831 0.849888
3832 0.84986
3833 0.849888
3834 0.849742
3835 0.849932
3836 0.849792
3837 0.8496
3838 0.849418
3839 0.849315
3840 0.8493
3841 0.849208
3842 0.849187
3843 0.663227
3844 0.66503
3845 0.848143
3846 0.848135
3847 0.84833
3848 0.848002
3849 0.847903
3850 0.848043
3851 0.848125
3852 0.848017
3853 0.848155
3854 0.848085
3855 0.848148
3856 0.8482
3857 0.847808
3858 0.84763
3859 0.847738
3860 0.848035
3861 0.84794
3862 0.71982
3863 0.847978
3864 0.84802
3865 0.84816
3866 0.844815
3867 0.158137
3868 0.847938
3869 0.849085
3870 0.849065
3871 0.849165
3872 0.848912
3873 0.848923
3874 0.849055
3875 0.849345
3876 0.407442
3877 0.84943
3878 0.849483
3879 0.155793
3880 0.84985
3881 0.84947
3882 0.76077
3883 0.848908
3884 0.848988
3885 0.668133
3886 0.848747
3887 0.84864
3888 0.171577
3889 0.84896
3890 0.848662
3891 0.848647
3892 0.848727
3893 0.304293
3894 0.849385
3895 0.849645
3896 0.850245
3897 0.85042
3898 0.850285
3899 0.850747
3900 0.850618
3901 0.85016
3902 0.850405
3903 0.85032
3904 0.84993
3905 0.85015
3906 0.849947
3907 0.849832
3908 0.849695
3909 0.849715
3910 0.849797
3911 0.849333
3912 0.849325
3913 0.849235
3914 0.84908
3915 0.848973
3916 0.848897
3917 0.849058
3918 0.849167
3919 0.84964
3920 0.849865
3921 0.849862
3922 0.675625
3923 0.849657
3924 0.38335
3925 0.849442
3926 0.849445
3927 0.70371
3928 0.84934
3929 0.849085
3930 0.84913
3931 0.848967
3932 0.84945
3933 0.849402
3934 0.849257
3935 0.849422
3936 0.849252
3937 0.849483
3938 0.849372
3939 0.88732
3940 0.849368
3941 0.849217
3942 0.84915
3943 0.84912
3944 0.85088
3945 0.850873
3946 0.850495
3947 0.770395
3948 0.23784
3949 0.850325
3950 0.850185
3951 0.850255
3952 0.850035
3953 0.850073
3954 0.84992
3955 0.494177
3956 0.850063
3957 0.849995
3958 0.677717
3959 0.85056
3960 0.850705
3961 0.87924
3962 0.85053
3963 0.850167
3964 0.850047
3965 0.603868
3966 0.850225
3967 0.850017
3968 0.863475
3969 0.85162
3970 0.851555
3971 0.851235
3972 0.851193
3973 0.85077
3974 0.85059
3975 0.88672
3976 0.85045
3977 0.187683
3978 0.886872
3979 0.850222
3980 0.849718
3981 0.849745
3982 0.390582
3983 0.849448
3984 0.84885
3985 0.848562
3986 0.84655
3987 0.50862
3988 0.782625
3989 0.849385
3990 0.849723
3991 0.849893
3992 0.849627
3993 0.849548
3994 0.851542
3995 0.851418
3996 0.88536
3997 0.551933
3998 0.703488
3999 0.850945
4000 0.851313
4001 0.57419
4002 0.910103
4003 0.850735
4004 0.850503
4005 0.850407
4006 0.85029
4007 0.850333
4008 0.850163
4009 0.849965
4010 0.849885
4011 0.850017
4012 0.86628
4013 0.85008
4014 0.850045
4015 0.850025
4016 0.84983
4017 0.84965
4018 0.84963
4019 0.850635
4020 0.850885
4021 0.737313
4022 0.850797
4023 0.850985
4024 0.850762
4025 0.851075
4026 0.850733
4027 0.850657
4028 0.850365
4029 0.850243
4030 0.657242
4031 0.850433
4032 0.815697
4033 0.222672
4034 0.892872
4035 0.773778
4036 0.38687
4037 0.850002
4038 0.850025
4039 0.743025
4040 0.850158
4041 0.696797
4042 0.221892
4043 0.22156
4044 0.850603
4045 0.850622
4046 0.850618
4047 0.836758
4048 0.8505
4049 0.864823
4050 0.850498
4051 0.324557
4052 0.85025
4053 0.85046
4054 0.850387
4055 0.850363
4056 0.850208
4057 0.850155
4058 0.22053
4059 0.85015
4060 0.868513
4061 0.849938
4062 0.710328
4063 0.849997
4064 0.850185
4065 0.850315
4066 0.220837
4067 0.85084
4068 0.851075
4069 0.0189225
4070 0.174877
4071 0.557403
4072 0.849595
4073 0.849278
4074 0.8495
4075 0.849433
4076 0.849647
4077 0.849553
4078 0.88745
4079 0.84874
4080 0.84948
4081 0.84952
4082 0.849492
4083 0.849437
4084 0.849565
4085 0.84958
4086 0.849707
4087 0.849718
4088 0.84968
4089 0.84989
4090 0.869888
4091 0.850097
4092 0.849683
4093 0.849515
4094 0.851612
4095 0.85157
4096 0.851202
4097 0.851232
4098 0.85143
4099 0.62836
4100 0.851638
4101 0.85161
4102 0.851317
4103 0.851113
4104 0.851097
4105 0.850725
4106 0.85063
4107 0.850605
4108 0.850712
4109 0.850925
4110 0.851213
4111 0.839975
4112 0.851145
4113 0.850862
4114 0.57219
4115 0.850993
4116 0.557867
4117 0.21617
4118 0.851555
4119 0.852378
4120 0.85266
4121 0.85234
4122 0.852333
4123 0.85256
4124 0.852535
4125 0.840862
4126 0.852285
4127 0.852345
4128 0.852535
4129 0.852588
4130 0.852472
4131 0.852365
4132 0.852365
4133 0.852363
4134 0.852345
4135 0.852243
4136 0.849965
4137 0.851697
4138 0.851768
4139 0.851468
4140 0.851275
4141 0.851442
4142 0.784925
4143 0.847453
4144 0.852398
4145 0.851805
4146 0.85201
4147 0.851705
4148 0.01777
4149 0.850298
4150 0.849947
4151 0.84961
4152 0.849315
4153 0.848662
4154 0.887243
4155 0.848333
4156 0.84828
4157 0.84803
4158 0.847647
4159 0.853093
4160 0.847673
4161 0.847905
4162 0.848163
4163 0.848198
4164 0.848145
4165 0.848087
4166 0.84847
4167 0.849167
4168 0.848067
4169 0.594233
4170 0.684312
4171 0.84984
4172 0.813695
4173 0.850445
4174 0.85071
4175 0.85111
4176 0.34085
4177 0.852298
4178 0.292035
4179 0.852355
4180 0.660693
4181 0.709025
4182 0.853563
4183 0.85396
4184 0.85593
4185 0.85535
4186 0.857422
4187 0.85748
4188 0.859407
4189 0.861025
4190 0.86233
4191 0.863317
4192 0.86832
4193 0.864603
4194 0.86568
4195 0.86438
4196 0.865657
4197 0.865525
4198 0.25246
4199 0.85862
4200 0.859923
4201 0.863742
4202 0.473328
4203 0.863923
4204 0.86411
4205 0.864945
4206 0.86653
4207 0.866143
4208 0.867145
4209 0.867988
4210 0.847348
4211 0.86808
4212 0.868865
4213 0.870123
4214 0.870563
4215 0.871942
4216 0.873058
4217 0.87421
4218 0.874677
4219 0.87458
4220 0.875258
4221 0.877592
4222 0.879055
4223 0.879262
4224 0.880345
4225 0.883262
4226 0.881783
4227 0.88364
4228 0.885337
4229 0.887515
4230 0.886735
4231 0.298322
4232 0.190647
4233 0.000135
4234 0.897188
4235 0.898495
4236 0.809828
4237 0.890105
4238 0.902945
4239 0.902388
4240 0.899975
4241 0.89909
4242 0.89667
4243 0.89421
4244 0.89653
4245 0.480727
4246 0.890238
4247 0.890447
4248 0.887825
4249 0.869152
4250 0.882458
4251 0.881535
4252 0.887387
4253 0.88148
4254 0.882845
4255 0.880888
4256 0.880565
4257 0.88191
4258 0.121002
4259 0.883175
4260 0.883112
4261 0.558005
4262 0.88353
4263 0.887413
4264 0.89091
4265 0.89182
4266 0.06504
4267 0.899395
4268 0.899805
4269 0.901717
4270 0.903552
4271 0.905425
4272 0.906868
4273 0.239492
4274 0.31928
4275 0.908925
4276 0.909415
4277 0.91015
4278 0.870367
4279 0.913258
4280 0.912552
4281 0.91337
4282 0.53313
4283 0.913223
4284 0.915072
4285 0.91701
4286 0.917432
4287 0.918968
4288 0.920042
4289 0.92033
4290 0.918678
4291 0.919523
4292 0.915165
4293 0.910855
4294 0.29941
4295 0.900845
4296 0.897103
4297 0.896103
4298 0.895478
4299 0.893855
4300 0.894045
4301 0.89486
4302 0.895145
4303 0.89518
4304 0.895678
4305 0.0759625
4306 0.892968
4307 0.891942
4308 0.818767
4309 0.888652
4310 0.88772
4311 0.885593
4312 0.883557
4313 0.884415
4314 0.883877
4315 0.88172
4316 0.839043
4317 0.872332
4318 0.86744
4319 0.86574
4320 0.86533
4321 0.86543
4322 0.444725
4323 0.844633
4324 0.836065
4325 0.83704
4326 0.83016
4327 0.806107
4328 0.798325
4329 0.787138
4330 0.784268
4331 0.783188
4332 0.779347
4333 0.445288
4334 0.76776
4335 0.769643
4336 0.767822
4337 0.768338
4338 0.767378
4339 0.76873
4340 0.767833
4341 0.768085
4342 0.771062
4343 0.771502
4344 0.74383
4345 0.74512
4346 0.74711
4347 0.748592
4348 0.75092
4349 0.845085
4350 0.75233
4351 0.750765
4352 0.74944
4353 0.654587
4354 0.747243
4355 0.74575
4356 0.742305
4357 0.738417
4358 0.73806
4359 0.68063
4360 0.73106
4361 0.730428
4362 0.728912
4363 0.728058
4364 0.727267
4365 0.728075
4366 0.725923
4367 0.534942
4368 0.844592
4369 0.71799
4370 0.719345
4371 0.723507
4372 0.720585
4373 0.721418
4374 0.71942
4375 0.416973
4376 0.72443
4377 0.72682
4378 0.695055
4379 0.843515
4380 0.700457
4381 0.868795
4382 0.699975
4383 0.694627
4384 0.893105
4385 0.68882
4386 0.685253
4387 0.676785
4388 0.674937
4389 0.670558
4390 0.664227
4391 0.581573
4392 0.602407
4393 0.627715
4394 0.62388
4395 0.620835
4396 0.614947
4397 0.611055
4398 0.603762
4399 0.596715
4400 0.594318
4401 0.586565
4402 0.578745
4403 0.57533
4404 0.567345
4405 0.557547
4406 0.555477
4407 0.549445
4408 0.532735
4409 0.532038
4410 0.529778
4411 0.522378
4412 0.519663
4413 0.709403
4414 0.53768
4415 0.53789
4416 0.55677
4417 0.669177
4418 0.565605
4419 0.566033
4420 0.591512
4421 0.594718
4422 0.595433
4423 0.639593
4424 0.61346
4425 0.61782
4426 0.615185
4427 0.61711
4428 0.61874
4429 0.61748
4430 0.59816
4431 0.615663
4432 0.61852
4433 0.617263
4434 0.554453
4435 0.607433
4436 0.606398
4437 0.602707
4438 0.597838
4439 0.595695
4440 0.597927
4441 0.603252
4442 0.605005
4443 0.605688
4444 0.602235
4445 0.608158
4446 0.61652
4447 0.631605
4448 0.848067
4449 0.629822
4450 0.629685
4451 0.627962
4452 0.622138
4453 0.622375
4454 0.62066
4455 0.46634
4456 0.404065
4457 0.647543
4458 0.621613
4459 0.56385
4460 0.62328
4461 0.63162
4462 0.62903
4463 0.50813
4464 0.63334
4465 0.487975
4466 0.638188
4467 0.786528
4468 0.652045
4469 0.649495
4470 0.662247
4471 0.667053
4472 0.641692
4473 0.688338
4474 0.684588
4475 0.68439
4476 0.68474
4477 0.68728
4478 0.66302
4479 0.66117
4480 0.664833
4481 0.665787
4482 0.628335
4483 0.628452
4484 0.626602
4485 0.62422
4486 0.59497
4487 0.593368
4488 0.594685
4489 0.137057
4490 0.594945
4491 0.598685
4492 0.599047
4493 0.4581
4494 0.59435
4495 0.601782
4496 0.604885
4497 0.609995
4498 0.384947
4499 0.594217
4500 0.628753
4501 0.634247
4502 0.63826
4503 0.664695
4504 0.68045
4505 0.681805
4506 0.703873
4507 0.712418
4508 0.715445
4509 0.743825
4510 0.753158
4511 0.757358
4512 0.778118
4513 0.78933
4514 0.845862
4515 0.823967
4516 0.835862
4517 0.871992
4518 0.848252
4519 0.859938
4520 0.863027
4521 0.867445
4522 0.869742
4523 0.90417
4524 0.883343
4525 0.888058
4526 0.890578
4527 0.8967
4528 0.90594
4529 0.908985
4530 0.908608
4531 0.915065
4532 0.916225
4533 0.91817
4534 0.92097
4535 0.922567
4536 0.923552
4537 0.925195
4538 0.92573
4539 0.92549
4540 0.575135
4541 0.927022
4542 0.928037
4543 0.928245
4544 0.92979
4545 0.928135
4546 0.792303
4547 0.920473
4548 0.919105
4549 0.916493
4550 0.913573
4551 0.908605
4552 0.705183
4553 0.90736
4554 0.900813
4555 0.898397
4556 0.896735
4557 0.884308
4558 0.861287
4559 0.871143
4560 0.863202
4561 0.858017
4562 0.856108
4563 0.807235
4564 0.811805
4565 0.81024
4566 0.805743
4567 0.821695
4568 0.809078
4569 0.855152
4570 0.74867
4571 0.854645
4572 0.760112
4573 0.73527
4574 0.73101
4575 0.848005
4576 0.720113
4577 0.713873
4578 0.708058
4579 0.701875
4580 0.70018
4581 0.69431
4582 0.694762
4583 0.70603
4584 0.692913
4585 0.600067
4586 0.694165
4587 0.697318
4588 0.697307
4589 0.69948
4590 0.70286
4591 0.725295
4592 0.734535
4593 0.747565
4594 0.753108
4595 0.757472
4596 0.761482
4597 0.784205
4598 0.759707
4599 0.772415
4600 0.76176
4601 0.76078
4602 0.756252
4603 0.75633
4604 0.753663
4605 0.754757
4606 0.783415
4607 0.83583
4608 0.719677
4609 0.75194
4610 0.749753
4611 0.754012
4612 0.75299
4613 0.752783
4614 0.74986
4615 0.748465
4616 0.7454
4617 0.78294
4618 0.741757
4619 0.807035
4620 0.707198
4621 0.703665
4622 0.703135
4623 0.609675
4624 0.638428
4625 0.595755
4626 0.64637
4627 0.57919
4628 0.572747
4629 0.573327
4630 0.578425
4631 0.581852
4632 0.581472
4633 0.590862
4634 0.601383
4635 0.59416
4636 0.596368
4637 0.60023
4638 0.63105
4639 0.65458
4640 0.66358
4641 0.56826
4642 0.692993
4643 0.698695
4644 0.710875
4645 0.719455
4646 0.722615
4647 0.725823
4648 0.726485
4649 0.726782
4650 0.72703
4651 0.810385
4652 0.73147
4653 0.7355
4654 0.73512
4655 0.73722
4656 0.73396
4657 0.73428
4658 0.732475
4659 0.69395
4660 0.850325
4661 0.702662
4662 0.674335
4663 0.705462
4664 0.238912
4665 0.63078
4666 0.65769
4667 0.65739
4668 0.876753
4669 0.625965
4670 0.117133
4671 0.635475
4672 0.831592
4673 0.632757
4674 0.63158
4675 0.567268
4676 0.562582
4677 0.55935
4678 0.556732
4679 0.502645
4680 0.482315
4681 0.469635
4682 0.473672
4683 0.450327
4684 0.477485
4685 0.395435
4686 0.380945
4687 0.377965
4688 0.38367
4689 0.373148
4690 0.37218
4691 0.37414
4692 0.374333
4693 0.371453
4694 0.371337
4695 0.889232
4696 0.36706
4697 0.372152
4698 0.37441
4699 0.381425
4700 0.657415
4701 0.381972
4702 0.877125
4703 0.386037
4704 0.390908
4705 0.394455
4706 0.59736
4707 0.393998
4708 0.39544
4709 0.600625
4710 0.41366
4711 0.431808
4712 0.437252
4713 0.474508
4714 0.487372
4715 0.410023
4716 0.510695
4717 0.539353
4718 0.59616
4719 0.575703
4720 0.579365
4721 0.583793
4722 0.581762
4723 0.583465
4724 0.88945
4725 0.582963
4726 0.58789
4727 0.591342
4728 0.585885
4729 0.555488
4730 0.55158
4731 0.850047
4732 0.54335
4733 0.540652
4734 0.611607
4735 0.263103
4736 0.52013
4737 0.512238
4738 0.49753
4739 0.495928
4740 0.483708
4741 0.472797
4742 0.469587
4743 0.512795
4744 0.446572
4745 0.41495
4746 0.384607
4747 0.397118
4748 0.392348
4749 0.36003
4750 0.348735
4751 0.344288
4752 0.331087
4753 0.306785
4754 0.302378
4755 0.88902
4756 0.280882
4757 0.278543
4758 0.26727
4759 0.25264
4760 0.246487
4761 0.300862
4762 0.227148
4763 0.22239
4764 0.210423
4765 0.1973
4766 0.19037
4767 0.178622
4768 0.351558
4769 0.14464
4770 0.15642
4771 0.147567
4772 0.14355
4773 0.13551
4774 0.126807
4775 0.121703
4776 0.109725
4777 0.09915
4778 0.0365775
4779 0.0871875
4780 0.0791175
4781 0.0767775
4782 0.34855
4783 0.0656925
4784 0.0620425
4785 0.05378
4786 0.0620425
4787 0.05378
4788 0.0475575
4789 0.0445625
4790 0.03809
4791 0.0302775
4792 0.0270875
4793 0.04383
4794 0.0169
4795 0.0155475
4796 0.0121375
4797 0.0086275
4798 0.007225
4799 0.004505
4800 0.00205
4801 0.000965
4802 0.00072
4803 0.000625
4804 0.0005675
4805 0.0005175
4806 0.000505
4807 0.0004975
4808 0.0004875
4809 0.0004775
4810 0.000415
4811 0.0003725
4812 0.0002975
4813 0.000295
4814 0.000285
4815 0.000265
4816 0.723513
4817 0.0003425
4818 0.000365
4819 0.0003575
4820 0.0003075
4821 0.000395
4822 0.34167
4823 0.000355
4824 0.0003025
4825 0.00028
4826 0.100172
4827 0.00028
4828 0.00024
4829 0.0056275
4830 0.0001925
4831 0.000195
4832 0.04549
4833 0.0142875
4834 0.0001825
4835 0.00224
4836 0.0022775
4837 0.002035
4838 0.0020475
4839 0.002135
4840 0.00221
4841 0.0025125
4842 0.00252
4843 0.3752
4844 0.0025775
4845 0.002675
4846 0.00301
4847 0.00294
4848 0.0029025
4849 0.0028725
4850 0.0030225
4851 0.00298
4852 0.0030525
4853 0.0031275
4854 0.155502
4855 0.0030925
4856 0.003475
4857 0.0035325
4858 0.003445
4859 0.00345
4860 0.0035175
4861 0.0034025
4862 0.0033775
4863 0.00343
4864 0.426885
4865 0.0030125
4866 0.003
4867 0.00265
4868 0.002625
4869 0.002505
4870 0.00252
4871 0.20769
4872 0.002435
4873 0.0023725
4874 0.0021625
4875 0.002135
4876 0.0019825
4877 0.001905
4878 0.0019525
4879 0.0018125
4880 0.0017775
4881 0.001745
4882 0.0015525
4883 0.00165
4884 0.001655
4885 0.0017625
4886 0.78353
4887 0.0022625
4888 0.0020225
4889 0.00199
4890 0.001825
4891 0.0017475
4892 0.0097225
4893 0.0017275
4894 0.001745
4895 0.0016325
4896 0.349715
4897 0.0013325
4898 0.001105
4899 0.115502
4900 0.07089
4901 0.0004975
4902 0.00049
4903 0.0007675
4904 0.00034
4905 0.00026
4906 0.00024
4907 0.02208
4908 0.00023
4909 0.0001825
4910 0.00014
4911 0.000135
4912 0.006775
4913 0.014005
4914 0.057795
4915 0.00012
4916 0.887305
4917 0.0014475
4918 0.0125425
4919 0.025005
4920 0.0307825
4921 0.0398575
4922 0.044585
4923 0.046015
4924 0.04803
4925 0.050855
4926 0.0517125
4927 0.238325
4928 0.072845
4929 0.0800975
4930 0.205665
4931 0.103855
4932 0.10861
4933 0.115125
4934 0.226972
4935 0.118825
4936 0.12004
4937 0.21962
4938 0.511772
4939 0.12455
4940 0.132895
4941 0.13314
4942 0.133313
4943 0.175625
4944 0.132335
4945 0.715865
4946 0.13318
4947 0.131667
4948 0.218695
4949 0.134315
4950 0.132642
4951 0.411655
4952 0.121805
4953 0.11889
4954 0.114475
4955 0.109232
4956 0.10733
4957 0.0986975
4958 0.094825
4959 0.803455
4960 0.0901675
4961 0.0867375
4962 0.721453
4963 0.083205
4964 0.0783475
4965 0.0748225
4966 0.067145
4967 0.0648575
4968 0.066795
4969 0.230538
4970 0.281693
4971 0.080905
4972 0.13535
4973 0.0913675
4974 0.0953225
4975 0.102837
4976 0.906208
4977 0.148503
4978 0.11799
4979 0.118385
4980 0.118072
4981 0.11584
4982 0.208395
4983 0.113287
4984 0.0412525
4985 0.11171
4986 0.113165
4987 0.113895
4988 0.057855
4989 0.11307
4990 0.111077
4991 0.110805
4992 0.110312
4993 0.110567
4994 0.109158
4995 0.109405
4996 0.108065
4997 0.107578
4998 0.10655
4999 0.232485
5000 0.641395
5001 0.179712
5002 0.104728
5003 0.09968
5004 0.097675
5005 0.0940775
5006 0.091095
5007 0.0892925
5008 0.08773
5009 0.743017
5010 0.08553
5011 0.081035
5012 0.0771025
5013 0.073725
5014 0.0658825
5015 0.16321
5016 0.0563425
5017 0.050385
5018 0.0445
5019 0.0408625
5020 0.448485
5021 0.0315775
5022 0.0311675
5023 0.214817
5024 0.0298625
5025 0.0289175
5026 0.0269025
5027 0.475957
5028 0.023355
5029 0.020455
5030 0.018215
5031 0.016945
5032 0.522995
5033 0.0163075
5034 0.0164325
5035 0.0168975
5036 0.0171525
5037 0.0176075
5038 0.017665
5039 0.017935
5040 0.018155
5041 0.01843
5042 0.01819
5043 0.018385
5044 0.0185025
5045 0.0187525
5046 0.0184875
5047 0.0189225
5048 0.02053
5049 0.0218825
5050 0.0253925
5051 0.0285775
5052 0.031465
5053 0.0377225
5054 0.0232825
5055 0.62292
5056 0.886757
5057 0.0627825
5058 0.066775
5059 0.074885
5060 0.0895775
5061 0.0944875
5062 0.103445
5063 0.8818
5064 0.122417
5065 0.219105
5066 0.149345
5067 0.154718
5068 0.166025
5069 0.18258
5070 0.188405
5071 0.20373
5072 0.219527
5073 0.22556
5074 0.238022
5075 0.24923
5076 0.2534
5077 0.26214
5078 0.267578
5079 0.556787
5080 0.268515
5081 0.16369
5082 0.268535
5083 0.265238
5084 0.262392
5085 0.47396
5086 0.254337
5087 0.23733
5088 0.237632
5089 0.23194
5090 0.213732
5091 0.210737
5092 0.20467
5093 0.751592
5094 0.184152
5095 0.17855
5096 0.17498
5097 0.174402
5098 0.175212
5099 0.167667
5100 0.164765
5101 0.158985
5102 0.15089
5103 0.14639
5104 0.154583
5105 0.12908
5106 0.125638
5107 0.117515
5108 0.112625
5109 0.107783
5110 0.10068
5111 0.096795
5112 0.238632
5113 0.0930325
5114 0.215987
5115 0.0912425
5116 0.08453
5117 0.219958
5118 0.0808225
5119 0.0737275
5120 0.063035
5121 0.0608225
5122 0.05059
5123 0.04079
5124 0.25052
5125 0.0264025
5126 0.01777
5127 0.0148125
5128 0.0332775
5129 0.00357
5130 0.001655
5131 0.000705
5132 0.857525
5133 0.0003925
5134 0.774537
5135 0.149047
5136 0.00046
5137 0.000375
5138 0.0003725
5139 0.000365
5140 0.403792
5141 0.0003275
5142 0.0003325
5143 0.0003175
5144 0.0003125
5145 0.00032
5146 0.0003025
5147 0.0003025
5148 0.0002575
5149 0.000265
5150 0.0002525
5151 0.0002375
5152 0.190798
5153 0.00022
5154 0.0002225
5155 0.0002325
5156 0.000235
5157 0.00024
5158 0.0002425
5159 0.00024
5160 0.000515
5161 0.000475
5162 0.0004175
5163 0.000295
5164 0.0002975
5165 0.000285
5166 0.00021
5167 0.000205
5168 0.0002025
5169 0.0002
5170 0.000185
5171 0.843683
5172 0.744428
5173 0.1526
5174 0.000195
5175 0.000185
5176 0.000185
5177 0.0001725
5178 0.0302425
5179 0.009815
5180 0.000195
5181 0.023375
5182 0.367845
5183 0.000165
5184 0.000165
5185 0.001265
5186 4e-05
5187 4e-05
5188 4e-05
5189 3.25e-05
5190 2.25e-05
5191 0.458873
5192 2e-05
5193 0.511748
5194 0.00932
5195 0
5196 0.0003025
5197 0.000275
5198 0.0002625
5199 0.0002525
5200 0.00883
5201 0.0002075
5202 0.0002025
5203 0.0002175
5204 0.00019
5205 0.0001825
5206 0.0001525
5207 0.00014
5208 0.00014
5209 0.0001425
5210 0.000135
5211 0.000155
5212 0.14652
5213 0.0001525
5214 0.00014
5215 0.0001525
5216 0.000165
5217 0.0001675
5218 0.000165
5219 0.000165
5220 0.0001675
5221 0.00041
5222 0.00029
5223 0.0002825
5224 0.0648025
5225 0.00024
5226 0.00024
5227 0.234357
5228 0.0002225
5229 0.00022
5230 0.00021
5231 0.0002025
5232 0.0001725
5233 0.0001775
5234 0.0001775
5235 0.411428
5236 0.0001775
5237 0.0001775
5238 0.000195
5239 0.164398
5240 0.00017
5241 0.0001725
5242 0.0001725
5243 0.0001525
5244 0.0001375
5245 0.0001375
5246 0.00033
5247 0.000265
5248 0.0002575
5249 0.101807
5250 0.000275
5251 0.07915
5252 0.000285
5253 0.0002925
5254 0.0002875
5255 0.0002675
5256 0.0002475
5257 0.000195
5258 0.004505
5259 0.0147775
5260 0.0201625
5261 0.0312425
5262 0.0413025
5263 0.045855
5264 0.053535
5265 0.59164
5266 0.0618
5267 0.0639975
5268 0.066945
5269 0.06783
5270 0.07151
5271 0.073155
5272 0.0737025
5273 0.074965
5274 0.074715
5275 0.075485
5276 0.075395
5277 0.0759625
5278 0.0759475
5279 0.07613
5280 0.0763125
5281 0.103748
5282 0.88772
5283 0.0767875
5284 0.0771225
5285 0.07705
5286 0.89197
5287 0.0768425
5288 0.0769225
5289 0.082835
5290 0.082495
5291 0.0910775
5292 0.102422
5293 0.109507
5294 0.12188
5295 0.130807
5296 0.135428
5297 0.607017
5298 0.154585
5299 0.15673
5300 0.161795
5301 0.165013
5302 0.16694
5303 0.169222
5304 0.184325
5305 0.186257
5306 0.191785
5307 0.19343
5308 0.768338
5309 0.194623
5310 0.19642
5311 0.196898
5312 0.196525
5313 0.89041
5314 0.195475
5315 0.194493
5316 0.193032
5317 0.192598
5318 0.192057
5319 0.194942
5320 0.191607
5321 0.19503
5322 0.192208
5323 0.396778
5324 0.188777
5325 0.186855
5326 0.184715
5327 0.182365
5328 0.180558
5329 0.182395
5330 0.295457
5331 0.19582
5332 0.200077
5333 0.206333
5334 0.212787
5335 0.216197
5336 0.223252
5337 0.175528
5338 0.22766
5339 0.22868
5340 0.22738
5341 0.227282
5342 0.22772
5343 0.228242
5344 0.227655
5345 0.228297
5346 0.227733
5347 0.228077
5348 0.227165
5349 0.227085
5350 0.226302
5351 0.22679
5352 0.231763
5353 0.694617
5354 0.247207
5355 0.25805
5356 0.521412
5357 0.843642
5358 0.287158
5359 0.293045
5360 0.28893
5361 0.311352
5362 0.28759
5363 0.6213
5364 0.307855
5365 0.30707
5366 0.304105
5367 0.304835
5368 0.51698
5369 0.298445
5370 0.297052
5371 0.2935
5372 0.29425
5373 0.29408
5374 0.36085
5375 0.29454
5376 0.295422
5377 0.295965
5378 0.578745
5379 0.296397
5380 0.295992
5381 0.296385
5382 0.2952
5383 0.295035
5384 0.29525
5385 0.4844
5386 0.4687
5387 0.298812
5388 0.303142
5389 0.304862
5390 0.30863
5391 0.441595
5392 0.313543
5393 0.317555
5394 0.32165
5395 0.323647
5396 0.327285
5397 0.18068
5398 0.332172
5399 0.332423
5400 0.378893
5401 0.332585
5402 0.332485
5403 0.015845
5404 0.34478
5405 0.332535
5406 0.33389
5407 0.33456
5408 0.336282
5409 0.337817
5410 0.338402
5411 0.338332
5412 0.338687
5413 0.337703
5414 0.33781
5415 0.338475
5416 0.508605
5417 0.34119
5418 0.348895
5419 0.353112
5420 0.0379625
5421 0.370138
5422 0.37307
5423 0.602235
5424 0.383227
5425 0.386228
5426 0.410212
5427 0.39328
5428 0.695582
5429 0.394902
5430 0.396153
5431 0.395108
5432 0.39687
5433 0.413973
5434 0.399445
5435 0.400467
5436 0.404065
5437 0.404775
5438 0.40641
5439 0.408548
5440 0.528948
5441 0.414322
5442 0.0809525
5443 0.41938
5444 0.42418
5445 0.42763
5446 0.42782
5447 0.430953
5448 0.42358
5449 0.462417
5450 0.44224
5451 0.446767
5452 0.447477
5453 0.451387
5454 0.453213
5455 0.45414
5456 0.455653
5457 0.457298
5458 0.513025
5459 0.456565
5460 0.455537
5461 0.455137
5462 0.454732
5463 0.459137
5464 0.459585
5465 0.459693
5466 0.460593
5467 0.461178
5468 0.460242
5469 0.459755
5470 0.45975
5471 0.459467
5472 0.45836
5473 0.457285
5474 0.45531
5475 0.746533
5476 0.45301
5477 0.669305
5478 0.45024
5479 0.450915
5480 0.451302
5481 0.453555
5482 0.454035
5483 0.708455
5484 0.459852
5485 0.900722
5486 0.463543
5487 0.467562
5488 0.46969
5489 0.473338
5490 0.4769
5491 0.478693
5492 0.48226
5493 0.484897
5494 0.488355
5495 0.49203
5496 0.792153
5497 0.50559
5498 0.508862
5499 0.743663
5500 0.517558
5501 0.740942
5502 0.529475
5503 0.539623
5504 0.5495
5505 0.55292
5506 0.55659
5507 0.560865
5508 0.578913
5509 0.582135
5510 0.59032
5511 0.602348
5512 0.687397
5513 0.763737
5514 0.62015
5515 0.622428
5516 0.626415
5517 0.629633
5518 0.70157
5519 0.6328
5520 0.815752
5521 0.680597
5522 0.684712
5523 0.68871
5524 0.552482
5525 0.693545
5526 0.87841
5527 0.908605
5528 0.705183
5529 0.714113
5530 0.7235
5531 0.741947
5532 0.75994
5533 0.76804
5534 0.775497
5535 0.785332
5536 0.792535
5537 0.798535
5538 0.856108
5539 0.807235
5540 0.807455
5541 0.81088
5542 0.812128
5543 0.812107
5544 0.813588
5545 0.813952
5546 0.42073
5547 0.846357
5548 0.84897
5549 0.83697
5550 0.846782
5551 0.841808
5552 0.84505
5553 0.8456
5554 0.84498
5555 0.83455
5556 0.841085
5557 0.841085
5558 0.84273
5559 0.843877
5560 0.842683
5561 0.84207
5562 0.840858
5563 0.84079
5564 0.81498
5565 0.777913
5566 0.870232
5567 0.839875
5568 0.83765
5569 0.2184
5570 0.834438
5571 0.835638
5572 0.836102
5573 0.834997
5574 0.835472
5575 0.833862
5576 0.83639
5577 0.837403
5578 0.835917
5579 0.833512
5580 0.832202
5581 0.832412
5582 0.75633
5583 0.817752
5584 0.8311
5585 0.828412
5586 0.831855
5587 0.833483
5588 0.839172
5589 0.84857
5590 0.852175
5591 0.860102
5592 0.862348
5593 0.86572
5594 0.867138
5595 0.746297
5596 0.878927
5597 0.812002
5598 0.878445
5599 0.87859
5600 0.87856
5601 0.878068
5602 0.887482
5603 0.87805
5604 0.878238
5605 0.878443
5606 0.878285
5607 0.87777
5608 0.87742
5609 0.877437
5610 0.573327
5611 0.310383
5612 0.87571
5613 0.113315
5614 0.87513
5615 0.874733
5616 0.862405
5617 0.87369
5618 0.873705
5619 0.697348
5620 0.87308
5621 0.8859
5622 0.874988
5623 0.871502
5624 0.692993
5625 0.874825
5626 0.875195
5627 0.875463
5628 0.875287
5629 0.875015
5630 0.875205
5631 0.875645
5632 0.875783
5633 0.875212
5634 0.875275
5635 0.862073
5636 0.658022
5637 0.876003
5638 0.87589
5639 0.807488
5640 0.875715
5641 0.876055
5642 0.876528
5643 0.876907
5644 0.111967
5645 0.878095
5646 0.87741
5647 0.87693
5648 0.680577
5649 0.876753
5650 0.732302
5651 0.877502
5652 0.877775
5653 0.877178
5654 0.876618
5655 0.87586
5656 0.875692
5657 0.875382
5658 0.875055
5659 0.874572
5660 0.874707
5661 0.875005
5662 0.874905
5663 0.875003
5664 0.87474
5665 0.87384
5666 0.874848
5667 0.87513
5668 0.87521
5669 0.875777
5670 0.876247
5671 0.874812
5672 0.874742
5673 0.87498
5674 0.875672
5675 0.876123
5676 0.876038
5677 0.876267
5678 0.87649
5679 0.876478
5680 0.876842
5681 0.77579
5682 0.877125
5683 0.877273
5684 0.876988
5685 0.876345
5686 0.876258
5687 0.876008
5688 0.876038
5689 0.875725
5690 0.875585
5691 0.875772
5692 0.876125
5693 0.876182
5694 0.876543
5695 0.87662
5696 0.875425
5697 0.662578
5698 0.87606
5699 0.65236
5700 0.142662
5701 0.87666
5702 0.876117
5703 0.875992
5704 0.875715
5705 0.875212
5706 0.875103
5707 0.871478
5708 0.87479
5709 0.87497
5710 0.875175
5711 0.466005
5712 0.874097
5713 0.871812
5714 0.870382
5715 0.869912
5716 0.512238
5717 0.752792
5718 0.868213
5719 0.302598
5720 0.867912
5721 0.863903
5722 0.863785
5723 0.86375
5724 0.626737
5725 0.86332
5726 0.863343
5727 0.863513
5728 0.170338
5729 0.8634
5730 0.793027
5731 0.86351
5732 0.863245
5733 0.862855
5734 0.862842
5735 0.862672
5736 0.862625
5737 0.862642
5738 0.291882
