1 0.0753275
2 0.0729775
3 0.07459
4 0.0786275
5 0.0837125
6 0.0871525
7 0.0922075
8 0.0999575
9 0.102438
10 0.105085
11 0.106938
12 0.107735
13 0.10911
14 0.111235
15 0.111585
16 0.113003
17 0.114267
18 0.114382
19 0.114837
20 0.115538
21 0.115975
22 0.11601
23 0.116532
24 0.117035
25 0.119947
26 0.12333
27 0.124205
28 0.1273
29 0.13039
30 0.130188
31 0.339518
32 0.130955
33 0.131298
34 0.130947
35 0.13055
36 0.1313
37 0.13078
38 0.130903
39 0.131233
40 0.131683
41 0.1317
42 0.143717
43 0.13295
44 0.398108
45 0.136398
46 0.135395
47 0.135505
48 0.135483
49 0.135585
50 0.135382
51 0.135947
52 0.135797
53 0.175017
54 0.13514
55 0.134662
56 0.134112
57 0.133685
58 0.13324
59 0.132752
60 0.132667
61 0.132617
62 0.132203
63 0.132107
64 0.132552
65 0.13284
66 0.133353
67 0.15719
68 0.133742
69 0.133972
70 0.134353
71 0.134882
72 0.135697
73 0.476715
74 0.138895
75 0.139462
76 0.73173
77 0.237863
78 0.141402
79 0.142363
80 0.144795
81 0.200065
82 0.14895
83 0.154073
84 0.451675
85 0.170985
86 0.17238
87 0.175987
88 0.182973
89 0.189722
90 0.19221
91 0.19941
92 0.202692
93 0.202623
94 0.20292
95 0.203965
96 0.161323
97 0.205058
98 0.205902
99 0.206412
100 0.20732
101 0.207965
102 0.207618
103 0.208058
104 0.207577
105 0.20693
106 0.205405
107 0.34778
108 0.331263
109 0.212838
110 0.759775
111 0.385157
112 0.20516
113 0.228325
114 0.22956
115 0.234178
116 0.237995
117 0.239418
118 0.240755
119 0.240553
120 0.238865
121 0.187433
122 0.238165
123 0.23784
124 0.238015
125 0.238205
126 0.237665
127 0.238588
128 0.847065
129 0.240707
130 0.24146
131 0.299928
132 0.244455
133 0.878755
134 0.249752
135 0.25052
136 0.252242
137 0.253945
138 0.255362
139 0.077665
140 0.256383
141 0.256537
142 0.254397
143 0.253885
144 0.252875
145 0.25263
146 0.25105
147 0.250908
148 0.248567
149 0.247205
150 0.19866
151 0.24493
152 0.24355
153 0.24329
154 0.242083
155 0.240773
156 0.695897
157 0.237505
158 0.236075
159 0.235247
160 0.23393
161 0.2333
162 0.232407
163 0.231068
164 0.22981
165 0.478683
166 0.229123
167 0.228618
168 0.265437
169 0.227837
170 0.229437
171 0.229085
172 0.2282
173 0.227135
174 0.226628
175 0.226603
176 0.22602
177 0.225518
178 0.224763
179 0.224828
180 0.224947
181 0.225015
182 0.30035
183 0.224365
184 0.22419
185 0.223413
186 0.146978
187 0.879918
188 0.221078
189 0.221293
190 0.22163
191 0.221755
192 0.221603
193 0.221222
194 0.221335
195 0.222115
196 0.222043
197 0.222165
198 0.222312
199 9.25e-05
200 0.222255
201 0.222562
202 0.22275
203 0.22233
204 0.223192
205 0.22349
206 0.222993
207 0.342778
208 0.222405
209 0.222328
210 0.222235
211 0.222647
212 0.222667
213 0.222447
214 0.580222
215 0.22752
216 0.221892
217 0.869685
218 0.221637
219 0.221865
220 0.222048
221 0.221905
222 0.411745
223 0.22134
224 0.221078
225 0.220892
226 0.22095
227 0.22087
228 0.361625
229 0.220653
230 0.34705
231 0.220545
232 0.220435
233 0.22088
234 0.539495
235 0.221205
236 0.221303
237 0.22105
238 0.220837
239 0.220307
240 0.21966
241 0.219872
242 0.220895
243 0.44393
244 0.221537
245 0.3511
246 0.22104
247 0.22121
248 0.316607
249 0.22073
250 0.220403
251 0.220095
252 0.230478
253 0.219257
254 0.21904
255 0.219018
256 0.219045
257 0.219248
258 0.603035
259 0.219408
260 0.461295
261 0.150705
262 0.1208
263 0.810605
264 0.218977
265 0.218798
266 0.257855
267 0.218427
268 0.218335
269 0.218305
270 0.218587
271 0.218565
272 0.278765
273 0.218117
274 0.218273
275 0.218633
276 0.458168
277 0.217587
278 0.153227
279 0.216628
280 0.216625
281 0.216635
282 0.216892
283 0.21685
284 0.0759625
285 0.2174
286 0.21764
287 0.216817
288 0.216397
289 0.21582
290 0.867962
291 0.214778
292 0.591683
293 0.214172
294 0.365992
295 0.21514
296 0.13528
297 0.215215
298 0.130685
299 0.214952
300 0.380723
301 0.214753
302 0.848148
303 0.214647
304 0.214842
305 0.21474
306 0.214698
307 0.214745
308 0.214998
309 0.508617
310 0.169222
311 0.215987
312 0.21609
313 0.215957
314 0.229405
315 0.21789
316 0.237665
317 0.217883
318 0.217628
319 0.241303
320 0.25768
321 0.219245
322 0.218895
323 0.218842
324 0.250088
325 0.219427
326 0.219773
327 0.41912
328 0.21962
329 0.548983
330 0.752783
331 0.192208
332 0.21901
333 0.218982
334 0.219222
335 0.219117
336 0.55671
337 0.214048
338 0.429982
339 0.219617
340 0.219998
341 0.22203
342 0.223463
343 0.225633
344 0.227928
345 0.228793
346 0.23134
347 0.232563
348 0.232997
349 0.23302
350 0.233095
351 0.23281
352 0.23263
353 0.234267
354 0.23218
355 0.65458
356 0.231565
357 0.23173
358 0.315315
359 0.231783
360 0.23155
361 0.231495
362 0.231527
363 0.231293
364 0.230935
365 0.272253
366 0.230577
367 0.31458
368 0.23
369 0.2346
370 0.46414
371 0.228742
372 0.228882
373 0.228428
374 0.228225
375 0.22802
376 0.227422
377 0.227368
378 0.227128
379 0.268225
380 0.226645
381 0.226298
382 0.226387
383 0.296397
384 0.22667
385 0.227873
386 0.22942
387 0.230445
388 0.232283
389 0.285973
390 0.23675
391 0.237835
392 0.316735
393 0.278662
394 0.23954
395 0.242388
396 0.24311
397 0.474425
398 0.24384
399 0.244407
400 0.244938
401 0.245897
402 0.53971
403 0.247113
404 0.0220525
405 0.24862
406 0.25021
407 0.252412
408 0.252933
409 0.255358
410 0.317685
411 0.323618
412 0.261593
413 0.268945
414 0.26874
415 0.273008
416 0.27724
417 0.27895
418 0.283505
419 0.28674
420 0.289565
421 0.29205
422 0.29721
423 0.299245
424 0.63493
425 0.323
426 0.312113
427 0.320537
428 0.350208
429 0.323635
430 0.3297
431 0.334272
432 0.332112
433 0.342357
434 0.327053
435 0.35099
436 0.355372
437 0.38179
438 0.360555
439 0.414322
440 0.366808
441 0.36743
442 0.371273
443 0.430415
444 0.843283
445 0.383105
446 0.0809525
447 0.385323
448 0.49753
449 0.38941
450 0.39033
451 0.393027
452 0.558418
453 0.39621
454 0.376428
455 0.400718
456 0.401025
457 0.40275
458 0.40492
459 0.405687
460 0.231712
461 0.408573
462 0.645147
463 0.410712
464 0.41164
465 0.411872
466 0.41189
467 0.412307
468 0.59136
469 0.41259
470 0.473052
471 0.565505
472 0.476718
473 0.4182
474 0.418285
475 0.418237
476 0.417455
477 0.51987
478 0.41677
479 0.41611
480 0.187598
481 0.416673
482 0.415917
483 0.415737
484 0.41654
485 0.416513
486 0.41634
487 0.416332
488 0.416227
489 0.41569
490 0.887585
491 0.415482
492 0.41541
493 0.41588
494 0.415755
495 0.416577
496 0.41647
497 0.416705
498 0.416255
499 0.40478
500 0.424113
501 0.426555
502 0.517558
503 0.440408
504 0.445288
505 0.39574
506 0.458367
507 0.461118
508 0.465925
509 0.342747
510 0.472542
511 0.474287
512 0.47478
513 0.475155
514 0.477938
515 0.479953
516 0.645173
517 0.486183
518 0.489525
519 0.493343
520 0.507308
521 0.510872
522 0.512795
523 0.511395
524 0.521467
525 0.523282
526 0.526425
527 0.710353
528 0.530687
529 0.531255
530 0.532675
531 0.532412
532 0.53248
533 0.532308
534 0.53283
535 0.535088
536 0.535295
537 0.436293
538 0.53516
539 0.535125
540 0.534798
541 0.533253
542 0.533977
543 0.533482
544 0.533317
545 0.533658
546 0.570812
547 0.532145
548 0.53189
549 0.0192275
550 0.52992
551 0.528752
552 0.52562
553 0.527632
554 0.52625
555 0.52617
556 0.473935
557 0.523828
558 0.52361
559 0.52287
560 0.843542
561 0.522097
562 0.521023
563 0.710612
564 0.51921
565 0.518605
566 0.51769
567 0.517607
568 0.51698
569 0.519745
570 0.78272
571 0.519277
572 0.521145
573 0.521825
574 0.525713
575 0.529127
576 0.507238
577 0.53502
578 0.539467
579 0.09098
580 0.5461
581 0.55078
582 0.553153
583 0.558318
584 0.56337
585 0.58182
586 0.571732
587 0.576562
588 0.84171
589 0.584438
590 0.634003
591 0.591642
592 0.595598
593 0.47738
594 0.60655
595 0.62291
596 0.63103
597 0.63364
598 0.639593
599 0.645015
600 0.647212
601 0.651275
602 0.655598
603 0.655992
604 0.658038
605 0.661602
606 0.663578
607 0.672455
608 0.678843
609 0.52192
610 0.122395
611 0.690418
612 0.692067
613 0.570932
614 0.696083
615 0.696592
616 0.696785
617 0.697345
618 0.697218
619 0.69756
620 0.0583625
621 0.73634
622 0.708387
623 0.708385
624 0.707935
625 0.708395
626 0.70793
627 0.707222
628 0.707125
629 0.776953
630 0.709503
631 0.71067
632 0.713345
633 0.490613
634 0.732905
635 0.715318
636 0.740145
637 0.717657
638 0.718522
639 0.719275
640 0.720167
641 0.720357
642 0.720962
643 0.720847
644 0.72169
645 0.740947
646 0.879865
647 0.74237
648 0.74337
649 0.67028
650 0.745408
651 0.74629
652 0.746938
653 0.747325
654 0.74792
655 0.74852
656 0.748955
657 0.749587
658 0.749263
659 0.74969
660 0.749367
661 0.748962
662 0.737853
663 0.74986
664 0.11343
665 0.733225
666 0.749663
667 0.748827
668 0.748463
669 0.748125
670 0.732187
671 0.166697
672 0.747302
673 0.747247
674 0.746533
675 0.12531
676 0.746452
677 0.745847
678 0.746263
679 0.745997
680 0.746398
681 0.747217
682 0.88753
683 0.747748
684 0.746653
685 0.746205
686 0.74571
687 0.74561
688 0.511725
689 0.745762
690 0.745537
691 0.13226
692 0.744633
693 0.744633
694 0.725335
695 0.605757
696 0.875103
697 0.749997
698 0.749668
699 0.7495
700 0.749117
701 0.749138
702 0.748692
703 0.748807
704 0.748918
705 0.749297
706 0.74581
707 0.751595
708 0.848557
709 0.325827
710 0.755458
711 0.757232
712 0.75822
713 0.758585
714 0.759493
715 0.759315
716 0.761798
717 0.765437
718 0.770315
719 0.817603
720 0.81699
721 0.817133
722 0.817002
723 0.817747
724 0.23842
725 0.81838
726 0.080185
727 0.132667
728 0.818002
729 0.817943
730 0.570703
731 0.820125
732 0.820163
733 0.822843
734 0.824762
735 0.827368
736 0.357538
737 0.832318
738 0.828298
739 0.34743
740 0.83566
741 0.83767
742 0.838145
743 0.838535
744 0.8547
745 0.856225
746 0.144795
747 0.856468
748 0.856838
749 0.154537
750 0.86205
751 0.862748
752 0.862773
753 0.465792
754 0.86243
755 0.857788
756 0.863533
757 0.72549
758 0.762895
759 0.863818
760 0.863988
761 0.865155
762 0.641517
763 0.200107
764 0.87012
765 0.87069
766 0.87169
767 0.87208
768 0.873493
769 0.886095
770 0.88625
771 0.592058
772 0.88677
773 0.887007
774 0.886842
775 0.886822
776 0.88658
777 0.886252
778 0.238558
779 0.886482
780 0.886085
781 0.886055
782 0.88774
783 0.88535
784 0.88507
785 0.88477
786 0.738642
787 0.884912
788 0.884513
789 0.883933
790 0.883955
791 0.883655
792 0.883032
793 0.882132
794 0.878402
795 0.878755
796 0.87849
797 0.87764
798 0.876763
799 0.875973
800 0.875165
801 0.0825
802 0.871355
803 0.87124
804 0.76976
805 0.86937
806 0.869302
807 0.868223
808 0.745073
809 0.86873
810 0.870742
811 0.872235
812 0.874507
813 0.87968
814 0.880255
815 0.76002
816 0.882135
817 0.88329
818 0.883312
819 0.885593
820 0.419335
821 0.885135
822 0.885707
823 0.886005
824 0.886247
825 0.629822
826 0.886922
827 0.887053
828 0.887023
829 0.88707
830 0.887598
831 0.88817
832 0.74535
833 0.888185
834 0.887925
835 0.888415
836 0.888223
837 0.888365
838 0.88871
839 0.888783
840 0.888842
841 0.863112
842 0.88901
843 0.889118
844 0.795635
845 0.889655
846 0.36966
847 0.88935
848 0.889343
849 0.802515
850 0.889478
851 0.707847
852 0.889417
853 0.889593
854 0.88941
855 0.889255
856 0.88916
857 0.821362
858 0.88887
859 0.88896
860 0.888842
861 0.888898
862 0.888905
863 0.541528
864 0.100947
865 0.889185
866 0.804195
867 0.392948
868 0.88946
869 0.888888
870 0.888687
871 0.889092
872 0.88915
873 0.780262
874 0.889038
875 0.88913
876 0.889295
877 0.889232
878 0.905842
879 0.889795
880 0.889605
881 0.8898
882 0.891162
883 0.889375
884 0.896552
885 0.867032
886 0.88948
887 0.889572
888 0.88965
889 0.889745
890 0.889595
891 0.889495
892 0.899083
893 0.889258
894 0.889293
895 0.88939
896 0.889485
897 0.88945
898 0.889295
899 0.889347
900 0.889408
901 0.88946
902 0.889633
903 0.889628
904 0.88945
905 0.88968
906 0.889938
907 0.889875
908 0.905895
909 0.916225
910 0.903813
911 0.890175
912 0.890502
913 0.890607
914 0.890508
915 0.890572
916 0.890625
917 0.890517
918 0.219397
919 0.89017
920 0.890288
921 0.913748
922 0.890745
923 0.890798
924 0.89082
925 0.890605
926 0.89057
927 0.89064
928 0.890587
929 0.8884
930 0.888167
931 0.7611
932 0.88887
933 0.884795
934 0.88902
935 0.889147
936 0.889135
937 0.904205
938 0.015955
939 0.889563
940 0.698948
941 0.889203
942 0.891715
943 0.889005
944 0.8889
945 0.868428
946 0.888655
947 0.901097
948 0.888862
949 0.888777
950 0.88878
951 0.888737
952 0.888857
953 0.888842
954 0.89008
955 0.867575
956 0.889962
957 0.889825
958 0.88669
959 0.89004
960 0.889885
961 0.88986
962 0.889772
963 0.848148
964 0.88973
965 0.889722
966 0.889593
967 0.88972
968 0.88967
969 0.84902
970 0.8893
971 0.889332
972 0.889235
973 0.889275
974 0.888922
975 0.888487
976 0.888215
977 0.887857
978 0.88255
979 0.884505
980 0.88824
981 0.886578
982 0.8862
983 0.784992
984 0.88667
985 0.88691
986 0.88668
987 0.886962
988 0.887435
989 0.887312
990 0.887973
991 0.888215
992 0.888235
993 0.88861
994 0.888563
995 0.888413
996 0.851792
997 0.888637
998 0.888815
999 0.889232
1000 0.889393
1001 0.889515
1002 0.889692
1003 0.889602
1004 0.74813
1005 0.889848
1006 0.88951
1007 0.88943
1008 0.582385
1009 0.525663
1010 0.83924
1011 0.886528
1012 0.850405
1013 0.886165
1014 0.886485
1015 0.886513
1016 0.64637
1017 0.886432
1018 0.886833
1019 0.88694
1020 0.887085
1021 0.887045
1022 0.88673
1023 0.850285
1024 0.886463
1025 0.887335
1026 0.858505
1027 0.886613
1028 0.886552
1029 0.886783
1030 0.31712
1031 0.886857
1032 0.886857
1033 0.886907
1034 0.88679
1035 0.22802
1036 0.865705
1037 0.848322
1038 0.871903
1039 0.887355
1040 0.88735
1041 0.887315
1042 0.887305
1043 0.88732
1044 0.887517
1045 0.715325
1046 0.68532
1047 0.886985
1048 0.88689
1049 0.887153
1050 0.887217
1051 0.887288
1052 0.88733
1053 0.887537
1054 0.889657
1055 0.844052
1056 0.887378
1057 0.811937
1058 0.891188
1059 0.888058
1060 0.886935
1061 0.841965
1062 0.88695
1063 0.886572
1064 0.886625
1065 0.886515
1066 0.886757
1067 0.886728
1068 0.886845
1069 0.88681
1070 0.886695
1071 0.46822
1072 0.886545
1073 0.62015
1074 0.606465
1075 0.866833
1076 0.8867
1077 0.886872
1078 0.881957
1079 0.886842
1080 0.887003
1081 0.869128
1082 0.845522
1083 0.886898
1084 0.886822
1085 0.838675
1086 0.885153
1087 0.885285
1088 0.885328
1089 0.885615
1090 0.88565
1091 0.885567
1092 0.88536
1093 0.323635
1094 0.885607
1095 0.885432
1096 0.885498
1097 0.885358
1098 0.348035
1099 0.885792
1100 0.758075
1101 0.885595
1102 0.88568
1103 0.885565
1104 0.885652
1105 0.88556
1106 0.875077
1107 0.885792
1108 0.88583
1109 0.886045
1110 0.885132
1111 0.680682
1112 0.885223
1113 0.884935
1114 0.885123
1115 0.88584
1116 0.885335
1117 0.885602
1118 0.885792
1119 0.886243
1120 0.886508
1121 0.886833
1122 0.886635
1123 0.886725
1124 0.886275
1125 0.884742
1126 0.885552
1127 0.885402
1128 0.88557
1129 0.885352
1130 0.858313
1131 0.64399
1132 0.88572
1133 0.885065
1134 0.885822
1135 0.886777
1136 0.607615
1137 0.88699
1138 0.887058
1139 0.887025
1140 0.88723
1141 0.8871
1142 0.886775
1143 0.41654
1144 0.886675
1145 0.886947
1146 0.323642
1147 0.887068
1148 0.887585
1149 0.887583
1150 0.887593
1151 0.745635
1152 0.888713
1153 0.888325
1154 0.888922
1155 0.888633
1156 0.888285
1157 0.88819
1158 0.888215
1159 0.888053
1160 0.75044
1161 0.886045
1162 0.88576
1163 0.748857
1164 0.885783
1165 0.886215
1166 0.886103
1167 0.886585
1168 0.886515
1169 0.886888
1170 0.88713
1171 0.887445
1172 0.886942
1173 0.887155
1174 0.887278
1175 0.00072
1176 0.88745
1177 0.887275
1178 0.887097
1179 0.88741
1180 0.887622
1181 0.887737
1182 0.887715
1183 0.887912
1184 0.888023
1185 0.070965
1186 0.88613
1187 0.886158
1188 0.88626
1189 0.88615
1190 0.886332
1191 0.88609
1192 0.886217
1193 0.88636
1194 0.886387
1195 0.617755
1196 0.886795
1197 0.886815
1198 0.244072
1199 0.887273
1200 0.887385
1201 0.887382
1202 0.792535
1203 0.88751
1204 0.887413
1205 0.887382
1206 0.88745
1207 0.88736
1208 0.88735
1209 0.887478
1210 0.888927
1211 0.792635
1212 0.888563
1213 0.888605
1214 0.888445
1215 0.888188
1216 0.888293
1217 0.888275
1218 0.888197
1219 0.88811
1220 0.872027
1221 0.866055
1222 0.88835
1223 0.888445
1224 0.85063
1225 0.888665
1226 0.88981
1227 0.888672
1228 0.799057
1229 0.888945
1230 0.00298
1231 0.888625
1232 0.888245
1233 0.518605
1234 0.890215
1235 0.891733
1236 0.700253
1237 0.887508
1238 0.887162
1239 0.887097
1240 0.887208
1241 0.887215
1242 0.261867
1243 0.888962
1244 0.887707
1245 0.88795
1246 0.888273
1247 0.888018
1248 0.88813
1249 0.887898
1250 0.887735
1251 0.887243
1252 0.887305
1253 0.88719
1254 0.84448
1255 0.887058
1256 0.886968
1257 0.887135
1258 0.477965
1259 0.887053
1260 0.88524
1261 0.885092
1262 0.885437
1263 0.885957
1264 0.88626
1265 0.886173
1266 0.886267
1267 0.886135
1268 0.885813
1269 0.885715
1270 0.885905
1271 0.886522
1272 0.886127
1273 0.872705
1274 0.886757
1275 0.884405
1276 0.81464
1277 0.887452
1278 0.88788
1279 0.84646
1280 0.887763
1281 0.887578
1282 0.88803
1283 0.888147
1284 0.88453
1285 0.88729
1286 0.886578
1287 0.299293
1288 0.886872
1289 0.888785
1290 0.878012
1291 0.886953
1292 0.88674
1293 0.88683
1294 0.31457
1295 0.886957
1296 0.851975
1297 0.88707
1298 0.889253
1299 0.708395
1300 0.88806
1301 0.88825
1302 0.874045
1303 0.88819
1304 0.887992
1305 0.888095
1306 0.344152
1307 0.859725
1308 0.88867
1309 0.888532
1310 0.887995
1311 0.887622
1312 0.88752
1313 0.887602
1314 0.887275
1315 0.887305
1316 0.88757
1317 0.88793
1318 0.888158
1319 0.70711
1320 0.888423
1321 0.621675
1322 0.888735
1323 0.747358
1324 0.888718
1325 0.812415
1326 0.848422
1327 0.888745
1328 0.888657
1329 0.888695
1330 0.888835
1331 0.874398
1332 0.88862
1333 0.88846
1334 0.888543
1335 0.847595
1336 0.888235
1337 0.887795
1338 0.887898
1339 0.888145
1340 0.8881
1341 0.207797
1342 0.88803
1343 0.747302
1344 0.894112
1345 0.88783
1346 0.887833
1347 0.891135
1348 0.887655
1349 0.88753
1350 0.887162
1351 0.88752
1352 0.887502
1353 0.88701
1354 0.88706
1355 0.88691
1356 0.865648
1357 0.887007
1358 0.886837
1359 0.88709
1360 0.88674
1361 0.244207
1362 0.886537
1363 0.886455
1364 0.886472
1365 0.863572
1366 0.886785
1367 0.886915
1368 0.886807
1369 0.886935
1370 0.887055
1371 0.88841
1372 0.888637
1373 0.888445
1374 0.88848
1375 0.888602
1376 0.888315
1377 0.88732
1378 0.888385
1379 0.828973
1380 0.892413
1381 0.888655
1382 0.89493
1383 0.514922
1384 0.888955
1385 0.889698
1386 0.327483
1387 0.889445
1388 0.889317
1389 0.889092
1390 0.889175
1391 0.890328
1392 0.889595
1393 0.889783
1394 0.717525
1395 0.890408
1396 0.890335
1397 0.890615
1398 0.890595
1399 0.891015
1400 0.890927
1401 0.89117
1402 0.891232
1403 0.891475
1404 0.891545
1405 0.89165
1406 0.891652
1407 0.891783
1408 0.89197
1409 0.892057
1410 0.683423
1411 0.91342
1412 0.143833
1413 0.143882
1414 0.904573
1415 0.89083
1416 0.891
1417 0.848065
1418 0.890748
1419 0.89075
1420 0.890585
1421 0.891465
1422 0.146822
1423 0.891317
1424 0.890718
1425 0.890445
1426 0.89037
1427 0.890455
1428 0.890308
1429 0.890475
1430 0.890077
1431 0.889583
1432 0.487687
1433 0.889768
1434 0.889583
1435 0.53302
1436 0.891338
1437 0.870402
1438 0.869687
1439 0.870528
1440 0.86664
1441 0.292325
1442 0.83901
1443 0.870305
1444 0.854035
1445 0.7184
1446 0.869915
1447 0.86867
1448 0.76316
1449 0.15638
1450 0.868775
1451 0.868245
1452 0.64006
1453 0.866243
1454 0.86614
1455 0.507315
1456 0.86561
1457 0.86541
1458 0.86663
1459 0.870058
1460 0.440603
1461 0.87694
1462 0.876792
1463 0.654325
1464 0.878692
1465 0.727577
1466 0.879633
1467 0.88028
1468 0.87919
1469 0.880278
1470 0.881857
1471 0.882493
1472 0.591002
1473 0.88164
1474 0.557025
1475 0.73501
1476 0.44657
1477 0.831913
1478 0.695972
1479 0.873515
1480 0.87026
1481 0.0978325
1482 0.867857
1483 0.86773
1484 0.866398
1485 0.54951
1486 0.828535
1487 0.867358
1488 0.867685
1489 0.868012
1490 0.870335
1491 0.871128
1492 0.871385
1493 0.87311
1494 0.725187
1495 0.87616
1496 0.59539
1497 0.877112
1498 0.876387
1499 0.521035
1500 0.87686
1501 0.876455
1502 0.876648
1503 0.87512
1504 0.876047
1505 0.87559
1506 0.510215
1507 0.264028
1508 0.878903
1509 0.87943
1510 0.882675
1511 0.882642
1512 0.883312
1513 0.882373
1514 0.882737
1515 0.880443
1516 0.880713
1517 0.864402
1518 0.878935
1519 0.878495
1520 0.878475
1521 0.874038
1522 0.87458
1523 0.87518
1524 0.875263
1525 0.0865525
1526 0.875032
1527 0.876175
1528 0.875727
1529 0.873968
1530 0.862023
1531 0.870788
1532 0.869117
1533 0.86839
1534 0.870348
1535 0.703063
1536 0.86384
1537 0.86189
1538 0.861555
1539 0.860603
1540 0.61266
1541 0.857915
1542 0.85671
1543 0.854633
1544 0.856982
1545 0.855785
1546 0.854357
1547 0.854073
1548 0.851187
1549 0.839185
1550 0.805065
1551 0.82726
1552 0.825307
1553 0.825275
1554 0.824057
1555 0.824255
1556 0.823533
1557 0.822025
1558 0.820407
1559 0.826348
1560 0.817203
1561 0.818245
1562 0.782177
1563 0.820575
1564 0.821738
1565 0.82511
1566 0.828228
1567 0.829945
1568 0.833955
1569 0.837577
1570 0.836985
1571 0.838853
1572 0.841958
1573 0.844263
1574 0.848923
1575 0.852477
1576 0.270352
1577 0.856202
1578 0.860795
1579 0.863478
1580 0.292822
1581 0.865993
1582 0.866155
1583 0.448415
1584 0.863032
1585 0.862205
1586 0.859313
1587 0.857463
1588 0.869755
1589 0.854158
1590 0.85453
1591 0.853123
1592 0.548678
1593 0.213605
1594 0.845437
1595 0.84439
1596 0.84151
1597 0.83827
1598 0.683338
1599 0.834527
1600 0.83717
1601 0.83752
1602 0.50577
1603 0.83825
1604 0.839958
1605 0.817442
1606 0.835415
1607 0.830895
1608 0.828433
1609 0.826198
1610 0.82171
1611 0.761275
1612 0.823008
1613 0.820873
1614 0.819357
1615 0.759642
1616 0.81761
1617 0.812625
1618 0.811515
1619 0.810238
1620 0.813985
1621 0.817837
1622 0.82109
1623 0.825043
1624 0.852727
1625 0.83259
1626 0.842122
1627 0.84389
1628 0.850078
1629 0.857657
1630 0.859607
1631 0.861603
1632 0.846527
1633 0.870575
1634 0.873818
1635 0.72977
1636 0.837692
1637 0.873772
1638 0.874075
1639 0.87369
1640 0.872772
1641 0.872698
1642 0.866853
1643 0.870798
1644 0.868672
1645 0.096585
1646 0.86955
1647 0.775018
1648 0.803943
1649 0.287325
1650 0.865618
1651 0.866475
1652 0.207228
1653 0.09767
1654 0.85871
1655 0.861908
1656 0.85866
1657 0.85894
1658 0.862125
1659 0.360762
1660 0.863727
1661 0.864605
1662 0.86314
1663 0.862208
1664 0.860343
1665 0.721132
1666 0.156685
1667 0.85562
1668 0.098265
1669 0.85738
1670 0.85677
1671 0.854568
1672 0.856553
1673 0.85633
1674 0.855625
1675 0.808972
1676 0.850418
1677 0.848123
1678 0.84549
1679 0.836855
1680 0.876493
1681 0.836108
1682 0.818005
1683 0.813855
1684 0.814582
1685 0.789558
1686 0.78916
1687 0.788975
1688 0.780537
1689 0.778813
1690 0.778057
1691 0.785338
1692 0.786092
1693 0.787388
1694 0.788663
1695 0.160578
1696 0.791902
1697 0.399058
1698 0.791432
1699 0.803763
1700 0.39045
1701 0.813893
1702 0.815867
1703 0.819673
1704 0.399115
1705 0.826303
1706 0.82433
1707 0.819275
1708 0.229335
1709 0.803333
1710 0.786825
1711 0.786332
1712 0.781537
1713 0.777745
1714 0.7765
1715 0.772088
1716 0.77183
1717 0.771985
1718 0.768667
1719 0.766235
1720 0.76845
1721 0.76555
1722 0.611845
1723 0.761385
1724 0.62696
1725 0.762467
1726 0.16449
1727 0.785168
1728 0.769325
1729 0.770525
1730 0.753195
1731 0.728333
1732 0.711048
1733 0.67112
1734 0.665007
1735 0.64112
1736 0.636585
1737 0.62261
1738 0.617328
1739 0.501467
1740 0.59054
1741 0.586353
1742 0.594707
1743 0.563745
1744 0.559943
1745 0.55662
1746 0.553682
1747 0.523532
1748 0.515853
1749 0.506748
1750 0.505245
1751 0.408438
1752 0.48603
1753 0.481513
1754 0.473985
1755 0.472413
1756 0.530745
1757 0.467875
1758 0.465915
1759 0.68042
1760 0.5633
1761 0.802235
1762 0.461775
1763 0.458653
1764 0.458288
1765 0.459348
1766 0.472577
1767 0.479485
1768 0.481932
1769 0.483803
1770 0.485998
1771 0.494053
1772 0.497067
1773 0.4921
1774 0.553822
1775 0.49352
1776 0.489613
1777 0.486595
1778 0.482085
1779 0.476313
1780 0.413423
1781 0.467005
1782 0.459595
1783 0.834982
1784 0.446855
1785 0.44557
1786 0.538255
1787 0.430825
1788 0.423617
1789 0.421575
1790 0.469452
1791 0.593568
1792 0.428017
1793 0.404902
1794 0.397377
1795 0.393832
1796 0.39025
1797 0.389342
1798 0.391465
1799 0.390647
1800 0.39338
1801 0.389845
1802 0.391512
1803 0.391373
1804 0.408952
1805 0.393905
1806 0.389735
1807 0.390018
1808 0.388057
1809 0.394792
1810 0.380995
1811 0.378733
1812 0.373252
1813 0.372095
1814 0.36806
1815 0.363658
1816 0.362542
1817 0.372635
1818 0.35418
1819 0.34831
1820 0.340977
1821 0.336317
1822 0.3337
1823 0.346225
1824 0.326157
1825 0.325763
1826 0.325728
1827 0.327132
1828 0.365805
1829 0.327395
1830 0.327182
1831 0.41572
1832 0.324813
1833 0.32488
1834 0.324125
1835 0.351085
1836 0.338203
1837 0.326943
1838 0.326823
1839 0.32785
1840 0.329838
1841 0.190345
1842 0.320145
1843 0.318877
1844 0.279127
1845 0.31134
1846 0.30892
1847 0.306198
1848 0.299727
1849 0.308155
1850 0.215815
1851 0.28316
1852 0.279115
1853 0.274395
1854 0.274245
1855 0.27433
1856 0.27477
1857 0.276832
1858 0.274545
1859 0.537042
1860 0.26737
1861 0.266245
1862 0.128745
1863 0.256335
1864 0.254285
1865 0.24925
1866 0.252003
1867 0.255752
1868 0.26446
1869 0.273595
1870 0.27533
1871 0.280845
1872 0.279133
1873 0.148955
1874 0.284152
1875 0.28824
1876 0.49647
1877 0.291875
1878 0.704973
1879 0.296525
1880 0.299588
1881 0.0869125
1882 0.313862
1883 0.273977
1884 0.810998
1885 0.304308
1886 0.30644
1887 0.31228
1888 0.315805
1889 0.324323
1890 0.332643
1891 0.526118
1892 0.334637
1893 0.336565
1894 0.3358
1895 0.26786
1896 0.330785
1897 0.547288
1898 0.329292
1899 0.322595
1900 0.545795
1901 0.357422
1902 0.38468
1903 0.393087
1904 0.413357
1905 0.444795
1906 0.45462
1907 0.460527
1908 0.488642
1909 0.48922
1910 0.48243
1911 0.478542
1912 0.464423
1913 0.465143
1914 0.455522
1915 0.57375
1916 0.440358
1917 0.431522
1918 0.42894
1919 0.424192
1920 0.41915
1921 0.475733
1922 0.411647
1923 0.40197
1924 0.381545
1925 0.371735
1926 0.365102
1927 0.383993
1928 0.349945
1929 0.342593
1930 0.369875
1931 0.333093
1932 0.351805
1933 0.667743
1934 0.309053
1935 0.359098
1936 0.869847
1937 0.294865
1938 0.291928
1939 0.290035
1940 0.287233
1941 0.28116
1942 0.4448
1943 0.321447
1944 0.272305
1945 0.271435
1946 0.54085
1947 0.382505
1948 0.252095
1949 0.808462
1950 0.237343
1951 0.232178
1952 0.225362
1953 0.220765
1954 0.256267
1955 0.210647
1956 0.80743
1957 0.198293
1958 0.190585
1959 0.184573
1960 0.238992
1961 0.847355
1962 0.165928
1963 0.163963
1964 0.59563
1965 0.149828
1966 0.144563
1967 0.806512
1968 0.12842
1969 0.84045
1970 0.113918
1971 0.10463
1972 0.130785
1973 0.097855
1974 0.093655
1975 0.09211
1976 0.143407
1977 0.0883075
1978 0.08816
1979 0.088065
1980 0.09013
1981 0.335543
1982 0.652092
1983 0.08778
1984 0.087625
1985 0.0875225
1986 0.217042
1987 0.087125
1988 0.0864075
1989 0.0860825
1990 0.428337
1991 0.0862425
1992 0.085965
1993 0.0860075
1994 0.08611
1995 0.1321
1996 0.447005
1997 0.0855625
1998 0.663145
1999 0.0861475
2000 0.0899975
2001 0.099235
2002 0.611855
2003 0.131275
2004 0.132995
2005 0.837387
2006 0.156647
2007 0.172517
2008 0.181995
2009 0.198928
2010 0.21519
2011 0.422005
2012 0.17969
2013 0.27039
2014 0.265805
2015 0.419775
2016 0.305237
2017 0.318547
2018 0.333402
2019 0.343923
2020 0.346378
2021 0.353785
2022 0.339828
2023 0.360303
2024 0.367013
2025 0.213477
2026 0.80023
2027 0.39181
2028 0.40738
2029 0.411875
2030 0.609483
2031 0.23302
2032 0.340095
2033 0.399043
2034 0.389415
2035 0.388345
2036 0.377805
2037 0.631727
2038 0.354133
2039 0.34442
2040 0.332473
2041 0.31921
2042 0.310152
2043 0.288485
2044 0.284737
2045 0.277605
2046 0.269022
2047 0.265695
2048 0.2682
2049 0.244168
2050 0.239035
2051 0.227518
2052 0.21888
2053 0.216975
2054 0.210915
2055 0.20242
2056 0.200033
2057 0.191995
2058 0.186255
2059 0.18455
2060 0.67551
2061 0.225692
2062 0.158617
2063 0.152
2064 0.145162
2065 0.798503
2066 0.17653
2067 0.243065
2068 0.173675
2069 0.14043
2070 0.1403
2071 0.140448
2072 0.13549
2073 0.20325
2074 0.130035
2075 0.12327
2076 0.11689
2077 0.114065
2078 0.107707
2079 0.181377
2080 0.100538
2081 0.096025
2082 0.0954725
2083 0.0957075
2084 0.09568
2085 0.609485
2086 0.0961475
2087 0.0961575
2088 0.0960125
2089 0.0956625
2090 0.0953425
2091 0.09515
2092 0.0951225
2093 0.202568
2094 0.0951625
2095 0.095605
2096 0.0960875
2097 0.223015
2098 0.356705
2099 0.0968575
2100 0.099715
2101 0.101653
2102 0.328107
2103 0.33297
2104 0.136605
2105 0.129043
2106 0.125963
2107 0.129875
2108 0.169575
2109 0.147615
2110 0.152265
2111 0.163315
2112 0.172992
2113 0.178155
2114 0.19005
2115 0.205325
2116 0.208748
2117 0.221108
2118 0.235613
2119 0.242395
2120 0.257032
2121 0.272018
2122 0.283172
2123 0.299905
2124 0.31613
2125 0.321852
2126 0.34582
2127 0.368277
2128 0.37584
2129 0.392338
2130 0.408328
2131 0.416148
2132 0.427283
2133 0.432355
2134 0.434702
2135 0.436575
2136 0.669368
2137 0.432107
2138 0.424555
2139 0.421405
2140 0.421137
2141 0.414498
2142 0.408133
2143 0.405125
2144 0.395867
2145 0.391335
2146 0.384705
2147 0.374955
2148 0.36603
2149 0.362548
2150 0.349287
2151 0.308615
2152 0.306777
2153 0.289892
2154 0.295998
2155 0.286995
2156 0.70812
2157 0.285197
2158 0.2863
2159 0.237935
2160 0.397253
2161 0.702655
2162 0.28008
2163 0.27862
2164 0.277083
2165 0.27419
2166 0.270203
2167 0.270508
2168 0.266558
2169 0.81443
2170 0.25913
2171 0.251993
2172 0.25045
2173 0.249693
2174 0.240138
2175 0.224945
2176 0.222438
2177 0.216617
2178 0.21174
2179 0.687688
2180 0.813775
2181 0.76148
2182 0.193765
2183 0.189763
2184 0.183507
2185 0.17755
2186 0.204097
2187 0.165685
2188 0.161955
2189 0.459285
2190 0.14478
2191 0.140605
2192 0.13007
2193 0.122122
2194 0.11833
2195 0.111107
2196 0.105487
2197 0.136947
2198 0.0955425
2199 0.090145
2200 0.13364
2201 0.08502
2202 0.0819325
2203 0.08086
2204 0.0773775
2205 0.074055
2206 0.07241
2207 0.069025
2208 0.068035
2209 0.0683175
2210 0.0690275
2211 0.0708275
2212 0.0721925
2213 0.0984675
2214 0.35665
2215 0.072745
2216 0.072715
2217 0.09885
2218 0.072605
2219 0.07247
2220 0.072215
2221 0.07319
2222 0.49821
2223 0.072595
2224 0.151622
2225 0.0729525
2226 0.07353
2227 0.0743525
2228 0.14378
2229 0.075385
2230 0.074965
2231 0.0751425
2232 0.0752575
2233 0.075335
2234 0.136263
2235 0.303365
2236 0.0757575
2237 0.0759475
2238 0.0758925
2239 0.07624
2240 0.163493
2241 0.075985
2242 0.0762225
2243 0.86729
2244 0.0926925
2245 0.0761825
2246 0.24287
2247 0.0768425
2248 0.076935
2249 0.788985
2250 0.0775675
2251 0.0778875
2252 0.0783625
2253 0.0790025
2254 0.305355
2255 0.734243
2256 0.0786425
2257 0.0793275
2258 0.0795925
2259 0.0801275
2260 0.492925
2261 0.0802475
2262 0.08116
2263 0.081075
2264 0.17687
2265 0.08428
2266 0.086405
2267 0.09177
2268 0.099455
2269 0.103332
2270 0.0975775
2271 0.12003
2272 0.150635
2273 0.301277
2274 0.14003
2275 0.142685
2276 0.14744
2277 0.182395
2278 0.152837
2279 0.413895
2280 0.16103
2281 0.162422
2282 0.79368
2283 0.197607
2284 0.16895
2285 0.225098
2286 0.0853375
2287 0.812725
2288 0.175512
2289 0.174715
2290 0.762223
2291 0.173973
2292 0.634188
2293 0.174875
2294 0.166695
2295 0.161145
2296 0.223975
2297 0.68176
2298 0.151812
2299 0.151787
2300 0.149565
2301 0.145525
2302 0.14223
2303 0.138547
2304 0.13769
2305 0.13794
2306 0.136607
2307 0.136055
2308 0.135217
2309 0.165547
2310 0.136738
2311 0.138325
2312 0.13808
2313 0.136405
2314 0.168378
2315 0.135768
2316 0.132153
2317 0.200008
2318 0.124842
2319 0.12179
2320 0.198928
2321 0.395682
2322 0.110805
2323 0.11093
2324 0.673432
2325 0.474467
2326 0.110842
2327 0.109412
2328 0.108295
2329 0.106585
2330 0.196885
2331 0.848175
2332 0.0944575
2333 0.0893
2334 0.0838525
2335 0.0815575
2336 0.603625
2337 0.078765
2338 0.0773825
2339 0.08039
2340 0.0829125
2341 0.35231
2342 0.0919825
2343 0.0873
2344 0.0882725
2345 0.088455
2346 0.087505
2347 0.0863
2348 0.669883
2349 0.187307
2350 0.724862
2351 0.0901
2352 0.0903225
2353 0.228027
2354 0.0885925
2355 0.47882
2356 0.0875125
2357 0.817945
2358 0.0869175
2359 0.837495
2360 0.08683
2361 0.087455
2362 0.087235
2363 0.0871575
2364 0.0968075
2365 0.69838
2366 0.086875
2367 0.086715
2368 0.086515
2369 0.086245
2370 0.086315
2371 0.0871025
2372 0.08826
2373 0.08844
2374 0.0886375
2375 0.08796
2376 0.86003
2377 0.365368
2378 0.342483
2379 0.08607
2380 0.0858325
2381 0.08424
2382 0.08736
2383 0.092475
2384 0.10625
2385 0.443312
2386 0.306375
2387 0.1385
2388 0.352552
2389 0.145583
2390 0.801453
2391 0.14603
2392 0.1465
2393 0.156755
2394 0.225788
2395 0.15027
2396 0.148505
2397 0.319393
2398 0.29438
2399 0.38518
2400 0.622537
2401 0.13962
2402 0.663508
2403 0.12903
2404 0.436095
2405 0.12941
2406 0.62799
2407 0.61582
2408 0.205068
2409 0.218257
2410 0.140545
2411 0.602445
2412 0.139958
2413 0.137015
2414 0.13244
2415 0.12582
2416 0.124188
2417 0.117383
2418 0.110692
2419 0.107362
2420 0.308503
2421 0.092905
2422 0.0899225
2423 0.082485
2424 0.074235
2425 0.0704025
2426 0.06809
2427 0.06907
2428 0.06964
2429 0.67797
2430 0.07389
2431 0.074165
2432 0.085165
2433 0.09777
2434 0.103417
2435 0.213705
2436 0.130128
2437 0.1183
2438 0.120475
2439 0.122688
2440 0.124105
2441 0.125713
2442 0.12694
2443 0.139448
2444 0.12859
2445 0.123457
2446 0.120408
2447 0.1143
2448 0.158268
2449 0.21948
2450 0.241868
2451 0.0908125
2452 0.0882125
2453 0.085975
2454 0.08532
2455 0.0838525
2456 0.0939425
2457 0.10481
2458 0.110327
2459 0.11667
2460 0.121335
2461 0.122597
2462 0.12205
2463 0.117987
2464 0.11578
2465 0.111452
2466 0.107887
2467 0.10385
2468 0.0998375
2469 0.266285
2470 0.0937975
2471 0.0895225
2472 0.086255
2473 0.085025
2474 0.0825675
2475 0.081905
2476 0.0826925
2477 0.085025
2478 0.084875
2479 0.085615
2480 0.169068
2481 0.20322
2482 0.08893
2483 0.0900725
2484 0.09025
2485 0.123815
2486 0.0910975
2487 0.09162
2488 0.0915875
2489 0.09159
2490 0.1103
2491 0.0920825
2492 0.10432
2493 0.134823
2494 0.0921225
2495 0.0924275
2496 0.0923025
2497 0.0924125
2498 0.0928225
2499 0.09285
2500 0.603583
2501 0.47241
2502 0.836202
2503 0.0931625
2504 0.0925675
2505 0.484105
2506 0.0891625
2507 0.119048
2508 0.09984
2509 0.104462
2510 0.113895
2511 0.12321
2512 0.127265
2513 0.710878
2514 0.13731
2515 0.164035
2516 0.137483
2517 0.13831
2518 0.857337
2519 0.143035
2520 0.14466
2521 0.145913
2522 0.149498
2523 0.151
2524 0.363007
2525 0.152785
2526 0.1517
2527 0.149987
2528 0.65505
2529 0.39658
2530 0.1456
2531 0.336087
2532 0.218028
2533 0.134005
2534 0.12952
2535 0.12835
2536 0.128165
2537 0.12796
2538 0.669593
2539 0.412187
2540 0.135288
2541 0.137458
2542 0.13957
2543 0.303337
2544 0.150682
2545 0.152615
2546 0.153725
2547 0.153383
2548 0.151888
2549 0.80318
2550 0.137875
2551 0.135245
2552 0.408873
2553 0.124853
2554 0.12182
2555 0.58689
2556 0.10896
2557 0.106018
2558 0.0995725
2559 0.695588
2560 0.0911475
2561 0.0834175
2562 0.0767625
2563 0.07681
2564 0.114113
2565 0.0757825
2566 0.0769825
2567 0.0785675
2568 0.077935
2569 0.077455
2570 0.0766375
2571 0.07626
2572 0.0762225
2573 0.0761575
2574 0.07618
2575 0.07623
2576 0.07629
2577 0.07621
2578 0.076215
2579 0.076225
2580 0.0761925
2581 0.0762025
2582 0.0761025
2583 0.0760725
2584 0.076075
2585 0.0735975
2586 0.0752325
2587 0.07522
2588 0.0753025
2589 0.0753725
2590 0.075385
2591 0.0754325
2592 0.0754575
2593 0.0754475
2594 0.39292
2595 0.0755525
2596 0.0755425
2597 0.394267
2598 0.229395
2599 0.105747
2600 0.07547
2601 0.0754275
2602 0.862073
2603 0.0754675
2604 0.463175
2605 0.0755525
2606 0.764537
2607 0.531107
2608 0.0746975
2609 0.075775
2610 0.0760675
2611 0.07601
2612 0.07583
2613 0.075835
2614 0.268203
2615 0.438935
2616 0.253217
2617 0.0760675
2618 0.0993575
2619 0.0759975
2620 0.122485
2621 0.07616
2622 0.0761925
2623 0.0770475
2624 0.076155
2625 0.09356
2626 0.40498
2627 0.10688
2628 0.113075
2629 0.116407
2630 0.11891
2631 0.12073
2632 0.121222
2633 0.323817
2634 0.128342
2635 0.125265
2636 0.129837
2637 0.14003
2638 0.145565
2639 0.370183
2640 0.16632
2641 0.170072
2642 0.179615
2643 0.198525
2644 0.204533
2645 0.215535
2646 0.0779825
2647 0.221305
2648 0.223565
2649 0.220993
2650 0.217803
2651 0.215795
2652 0.521977
2653 0.19254
2654 0.783885
2655 0.07737
2656 0.224323
2657 0.388053
2658 0.22084
2659 0.225885
2660 0.479552
2661 0.237255
2662 0.239372
2663 0.239077
2664 0.30128
2665 0.230887
2666 0.726383
2667 0.165823
2668 0.226653
2669 0.222525
2670 0.215863
2671 0.213432
2672 0.209182
2673 0.20962
2674 0.505812
2675 0.202198
2676 0.190488
2677 0.19031
2678 0.196765
2679 0.440685
2680 0.25797
2681 0.178083
2682 0.181365
2683 0.178193
2684 0.176152
2685 0.174623
2686 0.176035
2687 0.18042
2688 0.18063
2689 0.181605
2690 0.179635
2691 0.177602
2692 0.176203
2693 0.174173
2694 0.808585
2695 0.169253
2696 0.304443
2697 0.161678
2698 0.155112
2699 0.15173
2700 0.17582
2701 0.146402
2702 0.142827
2703 0.139958
2704 0.1391
2705 0.136428
2706 0.133497
2707 0.131823
2708 0.17578
2709 0.297677
2710 0.323845
2711 0.571963
2712 0.130035
2713 0.13049
2714 0.353722
2715 0.130688
2716 0.130145
2717 0.129637
2718 0.129277
2719 0.623273
2720 0.128307
2721 0.203085
2722 0.128715
2723 0.129117
2724 0.12992
2725 0.129935
2726 0.131645
2727 0.137205
2728 0.14072
2729 0.189722
2730 0.69683
2731 0.158982
2732 0.163965
2733 0.1671
2734 0.167307
2735 0.242545
2736 0.17447
2737 0.17553
2738 0.185895
2739 0.217982
2740 0.17745
2741 0.177755
2742 0.555705
2743 0.17984
2744 0.794602
2745 0.180507
2746 0.181422
2747 0.182895
2748 0.185625
2749 0.331197
2750 0.187385
2751 0.301382
2752 0.189002
2753 0.189777
2754 0.191238
2755 0.191438
2756 0.19245
2757 0.192128
2758 0.192285
2759 0.19219
2760 0.191713
2761 0.191895
2762 0.190828
2763 0.189865
2764 0.1903
2765 0.189153
2766 0.188255
2767 0.187968
2768 0.186988
2769 0.864065
2770 0.185613
2771 0.194412
2772 0.183443
2773 0.18313
2774 0.180745
2775 0.17919
2776 0.734082
2777 0.176902
2778 0.17624
2779 0.17617
2780 0.177163
2781 0.1765
2782 0.176042
2783 0.173835
2784 0.404247
2785 0.170005
2786 0.166917
2787 0.16216
2788 0.16353
2789 0.162488
2790 0.161027
2791 0.160828
2792 0.778212
2793 0.158537
2794 0.157663
2795 0.177205
2796 0.155913
2797 0.155347
2798 0.15374
2799 0.15246
2800 0.151622
2801 0.149745
2802 0.14838
2803 0.147962
2804 0.146657
2805 0.146315
2806 0.14526
2807 0.145162
2808 0.144625
2809 0.144275
2810 0.148985
2811 0.142207
2812 0.14221
2813 0.27419
2814 0.885247
2815 0.10055
2816 0.143512
2817 0.259705
2818 0.14341
2819 0.143465
2820 0.144118
2821 0.144602
2822 0.152785
2823 0.144395
2824 0.14454
2825 0.144512
2826 0.144325
2827 0.144375
2828 0.144022
2829 0.143843
2830 0.143813
2831 0.143632
2832 0.14358
2833 0.143615
2834 0.143808
2835 0.14571
2836 0.146405
2837 0.146393
2838 0.146645
2839 0.146657
2840 0.14667
2841 0.146322
2842 0.146025
2843 0.145058
2844 0.345042
2845 0.14451
2846 0.14429
2847 0.144627
2848 0.144725
2849 0.14498
2850 0.145435
2851 0.145265
2852 0.145198
2853 0.144985
2854 0.14517
2855 0.145485
2856 0.14508
2857 0.145295
2858 0.14549
2859 0.145173
2860 0.14318
2861 0.143673
2862 0.144017
2863 0.144165
2864 0.145152
2865 0.146292
2866 0.14639
2867 0.146698
2868 0.146872
2869 0.148012
2870 0.147932
2871 0.148058
2872 0.14816
2873 0.163587
2874 0.14988
2875 0.14957
2876 0.84763
2877 0.148498
2878 0.149482
2879 0.15035
2880 0.153235
2881 0.156005
2882 0.157133
2883 0.158775
2884 0.159465
2885 0.66988
2886 0.29024
2887 0.16208
2888 0.162178
2889 0.162305
2890 0.163225
2891 0.163252
2892 0.162665
2893 0.161112
2894 0.160913
2895 0.158865
2896 0.158702
2897 0.15896
2898 0.221865
2899 0.158145
2900 0.27211
2901 0.157958
2902 0.158048
2903 0.157885
2904 0.15724
2905 0.461815
2906 0.156395
2907 0.252723
2908 0.156795
2909 0.15708
2910 0.156658
2911 0.155793
2912 0.155502
2913 0.15525
2914 0.155257
2915 0.170095
2916 0.155278
2917 0.154975
2918 0.154683
2919 0.153927
2920 0.153785
2921 0.15378
2922 0.154002
2923 0.1546
2924 0.154537
2925 0.154875
2926 0.170985
2927 0.15403
2928 0.154707
2929 0.155468
2930 0.155922
2931 0.20556
2932 0.159252
2933 0.160068
2934 0.161013
2935 0.120493
2936 0.162772
2937 0.162607
2938 0.163243
2939 0.163373
2940 0.600742
2941 0.165123
2942 0.165585
2943 0.16588
2944 0.166837
2945 0.167615
2946 0.164848
2947 0.17318
2948 0.174478
2949 0.177673
2950 0.811415
2951 0.214595
2952 0.187227
2953 0.19003
2954 0.1908
2955 0.209425
2956 0.199355
2957 0.27919
2958 0.208077
2959 0.21367
2960 0.21948
2961 0.22654
2962 0.437403
2963 0.240745
2964 0.248438
2965 0.254592
2966 0.257572
2967 0.264533
2968 0.2746
2969 0.24146
2970 0.38592
2971 0.2974
2972 0.30068
2973 0.37576
2974 0.323915
2975 0.05399
2976 0.335272
2977 0.344473
2978 0.858038
2979 0.353825
2980 0.358318
2981 0.61476
2982 0.615185
2983 0.18832
2984 0.0003175
2985 0.25105
2986 0.447153
2987 0.447912
2988 0.617263
2989 0.334952
2990 0.478457
2991 0.397115
2992 0.511772
2993 0.512898
2994 0.545623
2995 0.561512
2996 0.568752
2997 0.581838
2998 0.63781
2999 0.67234
3000 0.723348
3001 0.756097
3002 0.776107
3003 0.797072
3004 0.811708
3005 0.821233
3006 0.834673
3007 0.838755
3008 0.817512
3009 0.843925
3010 0.843683
3011 0.893667
3012 0.89042
3013 0.888855
3014 0.888877
3015 0.888227
3016 0.89204
3017 0.884687
3018 0.689145
3019 0.900968
3020 0.90504
3021 0.90554
3022 0.891718
3023 0.906277
3024 0.907088
3025 0.870103
3026 0.906208
3027 0.906865
3028 0.907593
3029 0.90813
3030 0.909382
3031 0.910103
3032 0.911033
3033 0.909998
3034 0.901018
3035 0.910377
3036 0.913462
3037 0.88916
3038 0.798987
3039 0.890153
3040 0.84968
3041 0.912218
3042 0.911813
3043 0.91134
3044 0.910918
3045 0.898968
3046 0.910708
3047 0.910613
3048 0.909865
3049 0.912512
3050 0.90889
3051 0.909212
3052 0.909022
3053 0.908783
3054 0.908625
3055 0.908613
3056 0.6866
3057 0.907675
3058 0.907602
3059 0.907325
3060 0.905842
3061 0.904347
3062 0.904722
3063 0.903983
3064 0.848102
3065 0.90163
3066 0.62874
3067 0.899177
3068 0.898865
3069 0.898608
3070 0.810268
3071 0.89818
3072 0.876238
3073 0.89628
3074 0.896513
3075 0.894968
3076 0.892795
3077 0.859938
3078 0.89292
3079 0.893168
3080 0.89847
3081 0.892617
3082 0.892193
3083 0.89244
3084 0.89171
3085 0.891458
3086 0.89044
3087 0.888432
3088 0.887795
3089 0.887182
3090 0.510962
3091 0.885907
3092 0.88565
3093 0.884517
3094 0.699905
3095 0.88113
3096 0.0317975
3097 0.88076
3098 0.879635
3099 0.401635
3100 0.878343
3101 0.878513
3102 0.879633
3103 0.880093
3104 0.739093
3105 0.881023
3106 0.881443
3107 0.487208
3108 0.881288
3109 0.86619
3110 0.88209
3111 0.849642
3112 0.745997
3113 0.883215
3114 0.88176
3115 0.881583
3116 0.880378
3117 0.867365
3118 0.841087
3119 0.877737
3120 0.877458
3121 0.840437
3122 0.877493
3123 0.878328
3124 0.877337
3125 0.876428
3126 0.875915
3127 0.876273
3128 0.876075
3129 0.899323
3130 0.18046
3131 0.874375
3132 0.872625
3133 0.87131
3134 0.870727
3135 0.869202
3136 0.869178
3137 0.867575
3138 0.86715
3139 0.817512
3140 0.306145
3141 0.865058
3142 0.864165
3143 0.863223
3144 0.862005
3145 0.860568
3146 0.85968
3147 0.859367
3148 0.85902
3149 0.859058
3150 0.858908
3151 0.858293
3152 0.85815
3153 0.858248
3154 0.85835
3155 0.858402
3156 0.85811
3157 0.858258
3158 0.630992
3159 0.858182
3160 0.858005
3161 0.857715
3162 0.857792
3163 0.858195
3164 0.784992
3165 0.858483
3166 0.85873
3167 0.85887
3168 0.845078
3169 0.8583
3170 0.858222
3171 0.858317
3172 0.858605
3173 0.858217
3174 0.858387
3175 0.202838
3176 0.858195
3177 0.857525
3178 0.857393
3179 0.85729
3180 0.816568
3181 0.855858
3182 0.853375
3183 0.852505
3184 0.549595
3185 0.852165
3186 0.636397
3187 0.851962
3188 0.851293
3189 0.640807
3190 0.488077
3191 0.848988
3192 0.84775
3193 0.847335
3194 0.860093
3195 0.849947
3196 0.846483
3197 0.846553
3198 0.846475
3199 0.846325
3200 0.846427
3201 0.845993
3202 0.849235
3203 0.846095
3204 0.84605
3205 0.773848
3206 0.845995
3207 0.845263
3208 0.845912
3209 0.845885
3210 0.845845
3211 0.844233
3212 0.844348
3213 0.671027
3214 0.844545
3215 0.839873
3216 0.843982
3217 0.843858
3218 0.843685
3219 0.843683
3220 0.844078
3221 0.84387
3222 0.37878
3223 0.843873
3224 0.843973
3225 0.884155
3226 0.296397
3227 0.84304
3228 0.842705
3229 0.84227
3230 0.842195
3231 0.826473
3232 0.84225
3233 0.842125
3234 0.0945025
3235 0.841812
3236 0.841475
3237 0.841553
3238 0.304862
3239 0.841993
3240 0.841845
3241 0.841803
3242 0.841905
3243 0.841768
3244 0.841893
3245 0.320408
3246 0.491325
3247 0.841585
3248 0.53971
3249 0.8416
3250 0.841638
3251 0.847655
3252 0.842187
3253 0.842742
3254 0.842518
3255 0.85056
3256 0.842568
3257 0.66973
3258 0.842668
3259 0.842275
3260 0.842198
3261 0.84279
3262 0.842585
3263 0.869128
3264 0.84265
3265 0.842855
3266 0.842843
3267 0.843368
3268 0.433457
3269 0.842995
3270 0.842932
3271 0.842785
3272 0.842753
3273 0.842762
3274 0.323635
3275 0.842605
3276 0.842472
3277 0.488422
3278 0.842657
3279 0.842612
3280 0.842398
3281 0.842782
3282 0.842997
3283 0.84314
3284 0.843065
3285 0.843108
3286 0.843182
3287 0.843283
3288 0.576407
3289 0.756255
3290 0.85797
3291 0.843435
3292 0.84347
3293 0.843633
3294 0.682187
3295 0.394435
3296 0.841978
3297 0.843265
3298 0.84254
3299 0.84277
3300 0.84258
3301 0.842853
3302 0.842982
3303 0.842925
3304 0.843028
3305 0.849885
3306 0.842642
3307 0.842675
3308 0.842712
3309 0.842962
3310 0.843108
3311 0.844505
3312 0.844243
3313 0.843375
3314 0.842952
3315 0.843008
3316 0.661343
3317 0.84241
3318 0.842198
3319 0.842385
3320 0.84184
3321 0.842847
3322 0.842867
3323 0.850243
3324 0.842943
3325 0.842962
3326 0.843017
3327 0.84315
3328 0.843207
3329 0.84343
3330 0.843453
3331 0.843697
3332 0.58882
3333 0.84379
3334 0.673028
3335 0.843283
3336 0.841427
3337 0.84141
3338 0.793848
3339 0.841553
3340 0.84139
3341 0.841585
3342 0.84137
3343 0.805652
3344 0.840505
3345 0.84051
3346 0.55659
3347 0.839777
3348 0.839645
3349 0.839167
3350 0.835712
3351 0.59032
3352 0.83915
3353 0.83925
3354 0.00072
3355 0.840307
3356 0.594505
3357 0.372072
3358 0.840793
3359 0.78217
3360 0.76134
3361 0.843685
3362 0.647203
3363 0.75896
3364 0.84451
3365 0.844565
3366 0.845025
3367 0.845085
3368 0.00173
3369 0.84542
3370 0.850372
3371 0.531255
3372 0.845988
3373 0.845928
3374 0.84572
3375 0.84952
3376 0.387232
3377 0.78559
3378 0.84576
3379 0.8459
3380 0.845923
3381 0.845797
3382 0.845703
3383 0.845522
3384 0.845525
3385 0.845495
3386 0.761833
3387 0.844407
3388 0.844398
3389 0.851612
3390 0.844132
3391 0.843738
3392 0.84199
3393 0.843938
3394 0.373472
3395 0.84369
3396 0.814555
3397 0.843372
3398 0.843333
3399 0.84321
3400 0.843515
3401 0.82425
3402 0.757493
3403 0.843542
3404 0.657157
3405 0.843642
3406 0.84378
3407 0.853055
3408 0.843598
3409 0.843445
3410 0.843507
3411 0.1875
3412 0.845035
3413 0.843055
3414 0.844333
3415 0.84441
3416 0.874953
3417 0.84589
3418 0.844063
3419 0.705675
3420 0.888018
3421 0.843988
3422 0.844322
3423 0.844418
3424 0.887305
3425 0.88719
3426 0.84448
3427 0.817383
3428 0.844565
3429 0.844952
3430 0.845063
3431 0.845125
3432 0.84171
3433 0.84488
3434 0.844935
3435 0.84478
3436 0.846483
3437 0.0072925
3438 0.846028
3439 0.845838
3440 0.845965
3441 0.84622
3442 0.878068
3443 0.820045
3444 0.848333
3445 0.845985
3446 0.846113
3447 0.864343
3448 0.846015
3449 0.846132
3450 0.846145
3451 0.82225
3452 0.0014475
3453 0.846995
3454 0.84721
3455 0.847205
3456 0.847422
3457 0.847402
3458 0.847375
3459 0.84756
3460 0.84752
3461 0.847893
3462 0.848278
3463 0.848037
3464 0.847782
3465 0.84791
3466 0.847895
3467 0.838897
3468 0.848073
3469 0.84819
3470 0.848383
3471 0.848158
3472 0.848235
3473 0.848178
3474 0.848067
3475 0.848205
3476 0.848372
3477 0.848372
3478 0.84822
3479 0.848135
3480 0.851832
3481 0.85967
3482 0.848045
3483 0.84813
3484 0.569285
3485 0.848105
3486 0.848673
3487 0.65318
3488 0.71238
3489 0.848267
3490 0.848263
3491 0.848378
3492 0.666332
3493 0.848433
3494 0.848368
3495 0.848422
3496 0.853337
3497 0.848222
3498 0.84835
3499 0.848195
3500 0.84831
3501 0.848428
3502 0.84826
3503 0.848295
3504 0.848252
3505 0.848378
3506 0.57147
3507 0.286772
3508 0.848132
3509 0.848028
3510 0.848145
3511 0.862047
3512 0.84726
3513 0.847213
3514 0.847418
3515 0.859825
3516 0.847422
3517 0.859178
3518 0.847583
3519 0.847662
3520 0.84761
3521 0.847808
3522 0.847675
3523 0.847865
3524 0.847988
3525 0.848145
3526 0.848023
3527 0.847838
3528 0.67225
3529 0.308455
3530 0.847788
3531 0.847897
3532 0.84798
3533 0.847858
3534 0.847943
3535 0.851835
3536 0.686745
3537 0.87479
3538 0.86244
3539 0.849015
3540 0.849137
3541 0.84892
3542 0.848938
3543 0.714075
3544 0.848715
3545 0.765595
3546 0.848715
3547 0.854785
3548 0.848557
3549 0.848633
3550 0.848742
3551 0.848635
3552 0.848625
3553 0.848495
3554 0.848562
3555 0.848485
3556 0.848515
3557 0.848495
3558 0.330065
3559 0.84839
3560 0.848477
3561 0.848518
3562 0.848267
3563 0.848202
3564 0.848278
3565 0.889595
3566 0.85025
3567 0.848463
3568 0.881225
3569 0.882783
3570 0.877565
3571 0.891015
3572 0.890927
3573 0.847808
3574 0.171437
3575 0.847657
3576 0.847588
3577 0.847598
3578 0.847435
3579 0.84758
3580 0.847715
3581 0.847818
3582 0.847727
3583 0.893007
3584 0.434067
3585 0.893855
3586 0.84768
3587 0.847618
3588 0.847982
3589 0.848065
3590 0.847865
3591 0.847865
3592 0.847908
3593 0.847995
3594 0.853847
3595 0.84823
3596 0.847472
3597 0.847625
3598 0.847732
3599 0.847647
3600 0.84763
3601 0.847545
3602 0.847912
3603 0.848005
3604 0.84787
3605 0.847965
3606 0.848067
3607 0.848202
3608 0.848278
3609 0.84817
3610 0.848082
3611 0.847952
3612 0.84791
3613 0.847838
3614 0.847927
3615 0.847633
3616 0.847555
3617 0.676987
3618 0.847707
3619 0.847492
3620 0.847355
3621 0.847655
3622 0.847313
3623 0.847525
3624 0.847463
3625 0.847215
3626 0.15879
3627 0.846988
3628 0.224697
3629 0.847215
3630 0.84697
3631 0.846832
3632 0.846938
3633 0.84676
3634 0.84683
3635 0.84709
3636 0.847325
3637 0.3903
3638 0.82843
3639 0.846805
3640 0.846562
3641 0.846465
3642 0.846402
3643 0.862165
3644 0.846505
3645 0.846635
3646 0.846407
3647 0.846122
3648 0.846315
3649 0.154002
3650 0.845625
3651 0.845295
3652 0.845132
3653 0.84491
3654 0.845185
3655 0.84521
3656 0.845243
3657 0.845562
3658 0.845688
3659 0.84588
3660 0.846063
3661 0.846015
3662 0.857413
3663 0.845867
3664 0.640158
3665 0.845905
3666 0.845862
3667 0.845928
3668 0.845853
3669 0.84597
3670 0.846037
3671 0.763968
3672 0.847405
3673 0.84712
3674 0.847012
3675 0.846738
3676 0.84679
3677 0.847128
3678 0.846985
3679 0.754195
3680 0.847085
3681 0.84747
3682 0.848015
3683 0.847812
3684 0.848067
3685 0.848283
3686 0.8482
3687 0.620818
3688 0.560928
3689 0.848402
3690 0.53678
3691 0.848217
3692 0.848235
3693 0.858175
3694 0.615075
3695 0.848135
3696 0.84776
3697 0.847843
3698 0.847947
3699 0.847958
3700 0.847993
3701 0.573675
3702 0.848825
3703 0.825895
3704 0.825585
3705 0.847775
3706 0.847985
3707 0.861167
3708 0.60805
3709 0.84782
3710 0.847888
3711 0.847622
3712 0.847895
3713 0.84802
3714 0.757395
3715 0.847855
3716 0.847865
3717 0.847917
3718 0.766193
3719 0.23393
3720 0.847692
3721 0.84814
3722 0.84831
3723 0.8483
3724 0.848615
3725 0.84883
3726 0.849063
3727 0.84879
3728 0.394085
3729 0.86762
3730 0.0002975
3731 0.84813
3732 0.848158
3733 0.848325
3734 0.836685
3735 0.869093
3736 0.848525
3737 0.888185
3738 0.86873
3739 0.787
3740 0.848862
3741 0.849005
3742 0.883983
3743 0.849495
3744 0.84982
3745 0.703002
3746 0.85007
3747 0.850102
3748 0.849938
3749 0.221078
3750 0.821895
3751 0.849897
3752 0.674635
3753 0.850047
3754 0.918262
3755 0.850115
3756 0.849853
3757 0.222165
3758 0.849917
3759 0.84968
3760 0
3761 0.850973
3762 0.849413
3763 0.8491
3764 0.848788
3765 0.849125
3766 0.8722
3767 0.848723
3768 0.848257
3769 0.874933
3770 0.0001525
3771 0.847398
3772 0.847785
3773 0.84772
3774 0.89791
3775 0.848715
3776 0.848927
3777 0.849135
3778 0.876315
3779 0.849692
3780 0.84958
3781 0.84985
3782 0.85015
3783 0.850023
3784 0.826665
3785 0.849835
3786 0.849842
3787 0.849792
3788 0.849638
3789 0.849627
3790 0.849585
3791 0.849385
3792 0.849293
3793 0.880815
3794 0.749505
3795 0.849052
3796 0.849245
3797 0.84916
3798 0.849002
3799 0.864905
3800 0.848448
3801 0.847437
3802 0.846618
3803 0.673222
3804 0.845522
3805 0.844475
3806 0.510962
3807 0.887402
3808 0.8434
3809 0.843023
3810 0.843082
3811 0.84346
3812 0.843855
3813 0.84401
3814 0.02029
3815 0.844252
3816 0.91973
3817 0.84405
3818 0.806837
3819 0.844368
3820 0.844912
3821 0.856592
3822 0.849903
3823 0.849622
3824 0.849625
3825 0.84966
3826 0.849642
3827 0.834902
3828 0.849455
3829 0.019045
3830 0.84965
3831 0.84964
3832 0.849927
3833 0.849888
3834 0.84986
3835 0.88219
3836 0.849742
3837 0.849932
3838 0.817582
3839 0.8496
3840 0.849418
3841 0.849315
3842 0.8493
3843 0.849208
3844 0.723345
3845 0.0168825
3846 0.84822
3847 0.802887
3848 0.88878
3849 0.72762
3850 0.848002
3851 0.847903
3852 0.848043
3853 0.851315
3854 0.848017
3855 0.848155
3856 0.848085
3857 0.848148
3858 0.8482
3859 0.847808
3860 0.84763
3861 0.847738
3862 0.848035
3863 0.739627
3864 0.84809
3865 0.847978
3866 0.87374
3867 0.84816
3868 0.847985
3869 0.848035
3870 0.847938
3871 0.849085
3872 0.849065
3873 0.25768
3874 0.848912
3875 0.848923
3876 0.837465
3877 0.849345
3878 0.849445
3879 0.84943
3880 0.849483
3881 0.849647
3882 0.84985
3883 0.85174
3884 0.261057
3885 0.848908
3886 0.848988
3887 0.851792
3888 0.848747
3889 0.84864
3890 0.84856
3891 0.84896
3892 0.848662
3893 0.848647
3894 0.848727
3895 0.848638
3896 0.849385
3897 0.849645
3898 0.850245
3899 0.67059
3900 0.850285
3901 0.235017
3902 0.0155525
3903 0.85016
3904 0.850405
3905 0.85032
3906 0.84993
3907 0.85015
3908 0.849947
3909 0.849832
3910 0.846553
3911 0.788525
3912 0.849797
3913 0.849333
3914 0.849325
3915 0.849235
3916 0.84908
3917 0.784767
3918 0.848897
3919 0.564035
3920 0.845855
3921 0.845885
3922 0.64768
3923 0.849862
3924 0.849435
3925 0.79258
3926 0.849642
3927 0.71293
3928 0.865003
3929 0.839817
3930 0.84934
3931 0.849085
3932 0.84913
3933 0.848967
3934 0.574357
3935 0.849402
3936 0.634637
3937 0.849422
3938 0.519875
3939 0.849483
3940 0.836522
3941 0.849232
3942 0.849368
3943 0.849217
3944 0.429617
3945 0.84912
3946 0.85088
3947 0.850873
3948 0.850495
3949 0.850475
3950 0.85029
3951 0.327285
3952 0.79709
3953 0.850255
3954 0.850035
3955 0.602017
3956 0.84992
3957 0.849943
3958 0.850063
3959 0.849995
3960 0.850405
3961 0.85056
3962 0.621415
3963 0.82961
3964 0.85053
3965 0.850167
3966 0.850047
3967 0.850202
3968 0.850225
3969 0.850017
3970 0.019925
3971 0.85162
3972 0.83448
3973 0.851235
3974 0.851193
3975 0.685872
3976 0.846463
3977 0.850518
3978 0.85045
3979 0.85025
3980 0.850295
3981 0.850222
3982 0.849718
3983 0.833425
3984 0.848785
3985 0.849448
3986 0.84885
3987 0.848562
3988 0.848653
3989 0.848333
3990 0.849115
3991 0.849385
3992 0.849723
3993 0.849893
3994 0.855045
3995 0.849548
3996 0.552385
3997 0.851418
3998 0.851305
3999 0.85102
4000 0.850947
4001 0.850945
4002 0.376428
4003 0.851045
4004 0.850982
4005 0.850735
4006 0.850503
4007 0.540355
4008 0.85029
4009 0.850333
4010 0.850163
4011 0.849965
4012 0.849885
4013 0.850017
4014 0.832762
4015 0.85008
4016 0.850045
4017 0.850025
4018 0.25264
4019 0.68345
4020 0.84963
4021 0.850635
4022 0.850885
4023 0.850797
4024 0.850797
4025 0.735962
4026 0.850762
4027 0.569708
4028 0.850733
4029 0.850657
4030 0.848522
4031 0.850243
4032 0.850315
4033 0.850433
4034 0.850235
4035 0.850222
4036 0.850392
4037 0.850217
4038 0.465433
4039 0.850002
4040 0.588522
4041 0.849958
4042 0.850158
4043 0.416255
4044 0.75601
4045 0.850255
4046 0.84335
4047 0.850622
4048 0.850618
4049 0.842287
4050 0.8505
4051 0.850418
4052 0.737413
4053 0.85049
4054 0.838805
4055 0.85046
4056 0.850387
4057 0.671185
4058 0.850208
4059 0.797605
4060 0.850043
4061 0.85015
4062 0.850052
4063 0.63661
4064 0.849782
4065 0.849997
4066 0.873073
4067 0.850315
4068 0.850615
4069 0.85084
4070 0.851075
4071 0.849995
4072 0.85023
4073 0.0002975
4074 0.849595
4075 0.849278
4076 0.848655
4077 0.849433
4078 0.849647
4079 0.849553
4080 0.849603
4081 0.849665
4082 0.84948
4083 0.84952
4084 0.849492
4085 0.849437
4086 0.849565
4087 0.84958
4088 0.559322
4089 0.849673
4090 0.0001925
4091 0.84989
4092 0.850058
4093 0.850097
4094 0.849683
4095 0.767215
4096 0.85275
4097 0.84473
4098 0.846958
4099 0.851232
4100 0.677288
4101 0.587855
4102 0.873073
4103 0.85161
4104 0.854078
4105 0.851113
4106 0.851097
4107 0.278815
4108 0.47356
4109 0.850605
4110 0.850712
4111 0.850925
4112 0.26222
4113 0.851252
4114 0.851145
4115 0.850862
4116 0.850862
4117 0.850993
4118 0.851165
4119 0.85139
4120 0.735457
4121 0.852788
4122 0.85266
4123 0.85234
4124 0.852333
4125 0.0035175
4126 0.852535
4127 0.852455
4128 0.852285
4129 0.852345
4130 0.852535
4131 0.852588
4132 0.852472
4133 0.675667
4134 0.855853
4135 0.852363
4136 0.81055
4137 0.852243
4138 0.84448
4139 0.558318
4140 0.851768
4141 0.851468
4142 0.851275
4143 0.851442
4144 0.851655
4145 0.85138
4146 0.854932
4147 0.46064
4148 0.855023
4149 0.85404
4150 0.850935
4151 0.850298
4152 0.885715
4153 0.6354
4154 0.849315
4155 0.001965
4156 0.84831
4157 0.848333
4158 0.83584
4159 0.84803
4160 0.847647
4161 0.847618
4162 0.847673
4163 0.847905
4164 0.848163
4165 0.121315
4166 0.848145
4167 0.0586675
4168 0.84847
4169 0.849167
4170 0.848067
4171 0.646628
4172 0.84948
4173 0.84528
4174 0.850498
4175 0.850445
4176 0.85071
4177 0.85111
4178 0.851753
4179 0.844535
4180 0.852317
4181 0.852355
4182 0.840882
4183 0.843595
4184 0.88707
4185 0.85396
4186 0.854372
4187 0.85535
4188 0.857422
4189 0.86189
4190 0.859407
4191 0.86318
4192 0.848205
4193 0.863317
4194 0.025005
4195 0.864603
4196 0.86568
4197 0.86438
4198 0.865657
4199 0.865525
4200 0.86479
4201 0.744162
4202 0.866735
4203 0.861873
4204 0.863575
4205 0.863923
4206 0.86411
4207 0.864945
4208 0.86653
4209 0.866143
4210 0.867145
4211 0.867988
4212 0.867295
4213 0.870725
4214 0.848298
4215 0.86805
4216 0.75
4217 0.871942
4218 0.873058
4219 0.87421
4220 0.858598
4221 0.87458
4222 0.875258
4223 0.877592
4224 0.879055
4225 0.41327
4226 0.880345
4227 0.88125
4228 0.881783
4229 0.88364
4230 0.314607
4231 0.887515
4232 0.665417
4233 0.896177
4234 0.857165
4235 0.895385
4236 0.897188
4237 0.898495
4238 0.90168
4239 0.903072
4240 0.886173
4241 0.902388
4242 0.899975
4243 0.89909
4244 0.89667
4245 0.89421
4246 0.89265
4247 0.890293
4248 0.747188
4249 0.890447
4250 0.887825
4251 0.02401
4252 0.846468
4253 0.881535
4254 0.8818
4255 0.88148
4256 0.882845
4257 0.619672
4258 0.880565
4259 0.88191
4260 0.883193
4261 0.883175
4262 0.883323
4263 0.829442
4264 0.88353
4265 0.887413
4266 0.89091
4267 0.89182
4268 0.895825
4269 0.899395
4270 0.899805
4271 0.901717
4272 0.903552
4273 0.891267
4274 0.906868
4275 0.908188
4276 0.90965
4277 0.87838
4278 0.837627
4279 0.91015
4280 0.910795
4281 0.913258
4282 0.912552
4283 0.91337
4284 0.913857
4285 0.913223
4286 0.915072
4287 0.91701
4288 0.917432
4289 0.918968
4290 0.920042
4291 0.92033
4292 0.918678
4293 0.919285
4294 0.915165
4295 0.232255
4296 0.901138
4297 0.900845
4298 0.897103
4299 0.35171
4300 0.263452
4301 0.893855
4302 0.894045
4303 0.89486
4304 0.895145
4305 0.89518
4306 0.895678
4307 0.894288
4308 0.892968
4309 0.888652
4310 0.88772
4311 0.885593
4312 0.883557
4313 0.884415
4314 0.883877
4315 0.88172
4316 0.881365
4317 0.872332
4318 0.844058
4319 0.86574
4320 0.86533
4321 0.86543
4322 0.858028
4323 0.801057
4324 0.836065
4325 0.83704
4326 0.83016
4327 0.806107
4328 0.798325
4329 0.787138
4330 0.784268
4331 0.783188
4332 0.779347
4333 0.78927
4334 0.772798
4335 0.769643
4336 0.767822
4337 0.768338
4338 0.767378
4339 0.365945
4340 0.221865
4341 0.768085
4342 0.771062
4343 0.771502
4344 0.801532
4345 0.74512
4346 0.74711
4347 0.817943
4348 0.13074
4349 0.750953
4350 0.75233
4351 0.560312
4352 0.74944
4353 0.584477
4354 0.865833
4355 0.74575
4356 0.742305
4357 0.738417
4358 0.658053
4359 0.735055
4360 0.78545
4361 0.737237
4362 0.728912
4363 0.728058
4364 0.727267
4365 0.728075
4366 0.780828
4367 0.725097
4368 0.723248
4369 0.71799
4370 0.719345
4371 0.845185
4372 0.720585
4373 0.239225
4374 0.71942
4375 0.72193
4376 0.72443
4377 0.72682
4378 0.695055
4379 0.69303
4380 0.700457
4381 0.700143
4382 0.699975
4383 0.694627
4384 0.47075
4385 0.68882
4386 0.685253
4387 0.676785
4388 0.674937
4389 0.670558
4390 0.664227
4391 0.66436
4392 0.657168
4393 0.608117
4394 0.62388
4395 0.743375
4396 0.614947
4397 0.610943
4398 0.603762
4399 0.596715
4400 0.62181
4401 0.586565
4402 0.847085
4403 0.57533
4404 0.599395
4405 0.559908
4406 0.555477
4407 0.568525
4408 0.532735
4409 0.532038
4410 0.529778
4411 0.522378
4412 0.522295
4413 0.534038
4414 0.53768
4415 0.53789
4416 0.55677
4417 0.26357
4418 0.565605
4419 0.566033
4420 0.591512
4421 0.594718
4422 0.595433
4423 0.608568
4424 0.61346
4425 0.61782
4426 0.615185
4427 0.61711
4428 0.61874
4429 0.61748
4430 0.61688
4431 0.615663
4432 0.61852
4433 0.617263
4434 0.61331
4435 0.607433
4436 0.606398
4437 0.602707
4438 0.597838
4439 0.847865
4440 0.597927
4441 0.80285
4442 0.605005
4443 0.605688
4444 0.602235
4445 0.608158
4446 0.513587
4447 0.621325
4448 0.631945
4449 0.629822
4450 0.629685
4451 0.627962
4452 0.622138
4453 0.229437
4454 0.62066
4455 0.608665
4456 0.617295
4457 0.620762
4458 0.621613
4459 0.621252
4460 0.888227
4461 0.626655
4462 0.62903
4463 0.628347
4464 0.0846575
4465 0.633478
4466 0.648175
4467 0.88962
4468 0.652045
4469 0.649495
4470 0.660305
4471 0.862328
4472 0.673785
4473 0.535042
4474 0.695893
4475 0.68439
4476 0.685187
4477 0.68728
4478 0.66302
4479 0.66117
4480 0.689872
4481 0.665787
4482 0.628335
4483 0.908852
4484 0.626602
4485 0.62422
4486 0.59497
4487 0.593368
4488 0.594685
4489 0.594677
4490 0.16751
4491 0.598685
4492 0.599047
4493 0.539582
4494 0.59435
4495 0.601782
4496 0.637197
4497 0.609995
4498 0.615825
4499 0.61984
4500 0.521825
4501 0.634247
4502 0.63826
4503 0.664695
4504 0.68045
4505 0.681805
4506 0.703873
4507 0.712418
4508 0.715445
4509 0.743825
4510 0.729773
4511 0.757358
4512 0.810268
4513 0.78933
4514 0.616398
4515 0.823967
4516 0.835862
4517 0.840612
4518 0.848252
4519 0.859938
4520 0.863027
4521 0.867445
4522 0.869742
4523 0.870548
4524 0.883343
4525 0.888058
4526 0.890578
4527 0.8967
4528 0.90594
4529 0.908985
4530 0.912197
4531 0.915065
4532 0.916225
4533 0.91817
4534 0.92097
4535 0.922567
4536 0.923552
4537 0.925195
4538 0.92573
4539 0.92549
4540 0.92669
4541 0.0002925
4542 0.928037
4543 0.928245
4544 0.845237
4545 0.928135
4546 0.92316
4547 0.920473
4548 0.919105
4549 0.916493
4550 0.890605
4551 0.909752
4552 0.907145
4553 0.904177
4554 0.900813
4555 0.893232
4556 0.88887
4557 0.884308
4558 0.873982
4559 0.871143
4560 0.863202
4561 0.840437
4562 0.856108
4563 0.853445
4564 0.817245
4565 0.81024
4566 0.805743
4567 0.809787
4568 0.809078
4569 0.805453
4570 0.74867
4571 0.748018
4572 0.74547
4573 0.73527
4574 0.73101
4575 0.725158
4576 0.720113
4577 0.713873
4578 0.708058
4579 0.701875
4580 0.70018
4581 0.69431
4582 0.694762
4583 0.693218
4584 0.692913
4585 0.692213
4586 0.812125
4587 0.862657
4588 0.697307
4589 0.69948
4590 0.70286
4591 0.725295
4592 0.734535
4593 0.747565
4594 0.753108
4595 0.757472
4596 0.761482
4597 0.869507
4598 0.759707
4599 0.761525
4600 0.784578
4601 0.76078
4602 0.673743
4603 0.75633
4604 0.753663
4605 0.586065
4606 0.784992
4607 0.752953
4608 0.752162
4609 0.75194
4610 0.709555
4611 0.754012
4612 0.75299
4613 0.79872
4614 0.192208
4615 0.748465
4616 0.365667
4617 0.74262
4618 0.741757
4619 0.7103
4620 0.837873
4621 0.795593
4622 0.855055
4623 0.61176
4624 0.818492
4625 0.595755
4626 0.223463
4627 0.57919
4628 0.572747
4629 0.573327
4630 0.737712
4631 0.581852
4632 0.581472
4633 0.715035
4634 0.594448
4635 0.59416
4636 0.596368
4637 0.649705
4638 0.63105
4639 0.65458
4640 0.66358
4641 0.681975
4642 0.692993
4643 0.809655
4644 0.71263
4645 0.719455
4646 0.722615
4647 0.725823
4648 0.726485
4649 0.726782
4650 0.72703
4651 0.729225
4652 0.73147
4653 0.7355
4654 0.73512
4655 0.73722
4656 0.73396
4657 0.73428
4658 0.732475
4659 0.69395
4660 0.688532
4661 0.681723
4662 0.674335
4663 0.67238
4664 0.66591
4665 0.660292
4666 0.65769
4667 0.652587
4668 0.655317
4669 0.625965
4670 0.630985
4671 0.740215
4672 0.634637
4673 0.632757
4674 0.63158
4675 0.567268
4676 0.562582
4677 0.84225
4678 0.56589
4679 0.57867
4680 0.482315
4681 0.469635
4682 0.461508
4683 0.316735
4684 0.400153
4685 0.395435
4686 0.380945
4687 0.497105
4688 0.529655
4689 0.373148
4690 0.245897
4691 0.53971
4692 0.374333
4693 0.371453
4694 0.371337
4695 0.659648
4696 0.36706
4697 0.372152
4698 0.37441
4699 0.381425
4700 0.379993
4701 0.381972
4702 0.386188
4703 0.386037
4704 0.743648
4705 0.0201475
4706 0.368345
4707 0.393998
4708 0.85162
4709 0.393782
4710 0.360588
4711 0.842843
4712 0.437252
4713 0.474508
4714 0.50431
4715 0.492785
4716 0.510695
4717 0.445478
4718 0.55078
4719 0.575703
4720 0.832773
4721 0.583793
4722 0.581762
4723 0.583465
4724 0.58955
4725 0.373345
4726 0.590615
4727 0.591342
4728 0.48081
4729 0.555488
4730 0.55158
4731 0.543445
4732 0.54335
4733 0.540613
4734 0.53339
4735 0.52754
4736 0.52013
4737 0.512238
4738 0.658382
4739 0.495928
4740 0.483708
4741 0.472797
4742 0.469587
4743 0.818508
4744 0.446572
4745 0.41495
4746 0.3196
4747 0.397118
4748 0.392348
4749 0.36003
4750 0.829345
4751 0.344288
4752 0.886275
4753 0.306785
4754 0.302378
4755 0.322185
4756 0.280882
4757 0.278543
4758 0.26727
4759 0.25264
4760 0.246487
4761 0.246062
4762 0.227148
4763 0.22239
4764 0.210423
4765 0.1973
4766 0.19037
4767 0.19117
4768 0.269877
4769 0.167415
4770 0.15642
4771 0.050785
4772 0.143575
4773 0.13551
4774 0.318345
4775 0.121703
4776 0.202665
4777 0.09915
4778 0.153985
4779 0.155823
4780 0.079115
4781 0.0767775
4782 0.071815
4783 0.0661025
4784 0.0620425
4785 0.05378
4786 0.566155
4787 0.0445625
4788 0.03809
4789 0.0302775
4790 0.0270875
4791 0.0624275
4792 0.0169
4793 0.0155475
4794 0.0121375
4795 0.0086275
4796 0.007225
4797 0.004505
4798 0.10194
4799 0.000965
4800 0.00072
4801 0.000625
4802 0.0005675
4803 0.0005175
4804 0.840793
4805 0.0004975
4806 0.0004875
4807 0.0004775
4808 0.000415
4809 0.806368
4810 0.0002975
4811 0.000295
4812 0.000285
4813 0.10654
4814 0.0002975
4815 0.693805
4816 0.000365
4817 0.0003675
4818 0.0003075
4819 0.000395
4820 0.427198
4821 0.000355
4822 0.0003025
4823 0.00028
4824 0.0002675
4825 0.00028
4826 0.00024
4827 0.0002175
4828 0.0001925
4829 0.000195
4830 0.00019
4831 0.0002025
4832 0.819958
4833 0.00224
4834 0.0022775
4835 0.002035
4836 0.002055
4837 0.002135
4838 0.00221
4839 0.39503
4840 0.0025075
4841 0.0024975
4842 0.841085
4843 0.002675
4844 0.00301
4845 0.00294
4846 0.40633
4847 0.0028725
4848 0.0030225
4849 0.00298
4850 0.0030525
4851 0.843655
4852 0.00315
4853 0.0030925
4854 0.003475
4855 0.0035325
4856 0.003445
4857 0.1567
4858 0.0035175
4859 0.0034025
4860 0.0033775
4861 0.109012
4862 0.89252
4863 0.0030125
4864 0.003
4865 0.833512
4866 0.002625
4867 0.002505
4868 0.5461
4869 0.002675
4870 0.002435
4871 0.0023725
4872 0.0021625
4873 0.54789
4874 0.84171
4875 0.001905
4876 0.0019475
4877 0.566203
4878 0.0017775
4879 0.001745
4880 0.118575
4881 0.00165
4882 0.002015
4883 0.0017625
4884 0.001965
4885 0.00184
4886 0.0020225
4887 0.0129675
4888 0.02926
4889 0.0017475
4890 0.00178
4891 0.0017275
4892 0.001745
4893 0.0016325
4894 0.0014475
4895 0.0013325
4896 0.29731
4897 0.00088
4898 0.0006175
4899 0.0004975
4900 0.00049
4901 0.0003975
4902 0.00034
4903 0.00026
4904 0.874988
4905 0.0024675
4906 0.00023
4907 0.000185
4908 0.00014
4909 0.000135
4910 0.318553
4911 0.0001325
4912 0.000125
4913 0.00012
4914 0.848178
4915 0.0014475
4916 0.0125425
4917 0.025005
4918 0.0307825
4919 0.0398575
4920 0.044585
4921 0.046015
4922 0.04803
4923 0.350805
4924 0.0517125
4925 0.0600975
4926 0.072845
4927 0.0800975
4928 0.0924825
4929 0.103855
4930 0.10861
4931 0.115125
4932 0.117633
4933 0.118825
4934 0.386273
4935 0.12373
4936 0.1246
4937 0.12455
4938 0.132895
4939 0.314113
4940 0.133325
4941 0.192823
4942 0.132335
4943 0.132937
4944 0.13318
4945 0.17382
4946 0.132623
4947 0.134315
4948 0.132642
4949 0.875672
4950 0.121805
4951 0.11889
4952 0.114475
4953 0.286772
4954 0.10733
4955 0.0986975
4956 0.094825
4957 0.093
4958 0.090165
4959 0.0867375
4960 0.0854725
4961 0.39501
4962 0.0783475
4963 0.074835
4964 0.067145
4965 0.0648575
4966 0.066795
4967 0.0710975
4968 0.1354
4969 0.080905
4970 0.0867375
4971 0.0913675
4972 0.0953225
4973 0.102837
4974 0.109882
4975 0.87666
4976 0.11799
4977 0.118385
4978 0.118072
4979 0.11584
4980 0.11325
4981 0.113287
4982 0.885672
4983 0.11171
4984 0.113165
4985 0.113895
4986 0.112535
4987 0.11307
4988 0.111077
4989 0.110805
4990 0.110312
4991 0.751897
4992 0.109158
4993 0.109405
4994 0.108065
4995 0.107578
4996 0.10655
4997 0.108505
4998 0.109232
4999 0.108065
5000 0.104728
5001 0.09968
5002 0.097675
5003 0.0940775
5004 0.091095
5005 0.118295
5006 0.155438
5007 0.086885
5008 0.08553
5009 0.889595
5010 0.0771025
5011 0.073725
5012 0.0658825
5013 0.0594725
5014 0.0563425
5015 0.050385
5016 0.0445
5017 0.0408625
5018 0.03316
5019 0.0315775
5020 0.0311675
5021 0.032345
5022 0.14381
5023 0.0289175
5024 0.0269025
5025 0.024395
5026 0.023355
5027 0.0968225
5028 0.0936825
5029 0.09151
5030 0.0908975
5031 0.09148
5032 0.0918125
5033 0.091915
5034 0.0922525
5035 0.0950325
5036 0.09291
5037 0.09608
5038 0.0926625
5039 0.0927675
5040 0.092435
5041 0.0920575
5042 0.0921725
5043 0.092435
5044 0.0927925
5045 0.0929675
5046 0.163318
5047 0.0949675
5048 0.096385
5049 0.12608
5050 0.105247
5051 0.0940575
5052 0.11416
5053 0.844967
5054 0.12322
5055 0.128795
5056 0.135205
5057 0.139228
5058 0.146535
5059 0.159117
5060 0.163617
5061 0.172022
5062 0.73207
5063 0.188007
5064 0.199425
5065 0.361413
5066 0.216805
5067 0.23029
5068 0.246575
5069 0.246198
5070 0.268477
5071 0.281435
5072 0.286835
5073 0.296005
5074 0.30515
5075 0.308858
5076 0.46179
5077 0.323835
5078 0.322535
5079 0.319607
5080 0.2276
5081 0.313825
5082 0.306875
5083 0.725882
5084 0.29454
5085 0.431482
5086 0.270313
5087 0.268093
5088 0.259333
5089 0.242405
5090 0.238203
5091 0.23248
5092 0.214853
5093 0.212058
5094 0.2057
5095 0.202297
5096 0.225425
5097 0.198725
5098 0.193385
5099 0.192048
5100 0.185993
5101 0.178973
5102 0.174028
5103 0.164945
5104 0.163243
5105 0.160715
5106 0.155842
5107 0.151805
5108 0.147487
5109 0.142955
5110 0.141907
5111 0.141863
5112 0.0757675
5113 0.21825
5114 0.407882
5115 0.13759
5116 0.13707
5117 0.134797
5118 0.130302
5119 0.124353
5120 0.467127
5121 0.116825
5122 0.109122
5123 0.105555
5124 0.0985625
5125 0.15635
5126 0.14742
5127 0.08281
5128 0.113345
5129 0.239542
5130 0.077405
5131 0.0774275
5132 0.0784175
5133 0.077465
5134 0.078855
5135 0.0786625
5136 0.078705
5137 0.0787125
5138 0.078715
5139 0.0787275
5140 0.0788675
5141 0.07877
5142 0.0787725
5143 0.078755
5144 0.078815
5145 0.07881
5146 0.205093
5147 0.245707
5148 0.07879
5149 0.572465
5150 0.0787825
5151 0.0787325
5152 0.729498
5153 0.07858
5154 0.1666
5155 0.0785625
5156 0.0786
5157 0.4017
5158 0.289215
5159 0.0787125
5160 0.32554
5161 0.078595
5162 0.0786075
5163 0.0786075
5164 0.215987
5165 0.07866
5166 0.0787025
5167 0.078745
5168 0.0787975
5169 0.07882
5170 0.07883
5171 0.0788375
5172 0.078775
5173 0.152315
5174 0.07877
5175 0.078765
5176 0.0787475
5177 0.828618
5178 0.0787225
5179 0.0787175
5180 0.07869
5181 0.0786875
5182 0.078675
5183 0.83997
5184 0.0789325
5185 0.200433
5186 0.0789925
5187 0.078935
5188 0.810577
5189 0.0788325
5190 0.0787675
5191 0.513615
5192 0.0786925
5193 0.078665
5194 0.0786925
5195 0.0782925
5196 0.0782925
5197 0.208742
5198 0.51312
5199 0.182462
5200 0.0782975
5201 0.078355
5202 0.07837
5203 0.078345
5204 0.07831
5205 0.078295
5206 0.0782575
5207 0.078265
5208 0.078275
5209 0.07828
5210 0.07828
5211 0.0813275
5212 0.0783725
5213 0.07837
5214 0.0783475
5215 0.275873
5216 0.0783425
5217 0.0783325
5218 0.0784125
5219 0.0784325
5220 0.0785625
5221 0.078525
5222 0.0785475
5223 0.0785575
5224 0.0783725
5225 0.07833
5226 0.078305
5227 0.57535
5228 0.0783475
5229 0.0784025
5230 0.07844
5231 0.820357
5232 0.078055
5233 0.0780525
5234 0.0781
5235 0.133775
5236 0.321232
5237 0.0780925
5238 0.0781275
5239 0.796545
5240 0.413813
5241 0.8455
5242 0.16372
5243 0.07814
5244 0.088425
5245 0.07862
5246 0.0785675
5247 0.291942
5248 0.0785575
5249 0.162458
5250 0.078535
5251 0.0785425
5252 0.0785425
5253 0.0785625
5254 0.07862
5255 0.0786325
5256 0.078645
5257 0.393587
5258 0.093145
5259 0.09837
5260 0.583122
5261 0.118707
5262 0.121975
5263 0.130692
5264 0.124168
5265 0.138543
5266 0.14054
5267 0.142665
5268 0.276585
5269 0.145567
5270 0.14547
5271 0.10122
5272 0.14671
5273 0.146985
5274 0.869685
5275 0.147558
5276 0.147982
5277 0.147987
5278 0.148075
5279 0.2274
5280 0.147897
5281 0.148415
5282 0.148675
5283 0.148725
5284 0.437632
5285 0.187785
5286 0.14858
5287 0.1481
5288 0.149555
5289 0.153477
5290 0.162015
5291 0.171635
5292 0.201508
5293 0.186858
5294 0.191137
5295 0.265985
5296 0.201745
5297 0.644545
5298 0.211558
5299 0.21551
5300 0.252738
5301 0.21843
5302 0.221037
5303 0.228497
5304 0.229715
5305 0.231612
5306 0.233405
5307 0.233178
5308 0.234285
5309 0.234445
5310 0.233912
5311 0.231852
5312 0.280438
5313 0.280645
5314 0.228222
5315 0.226912
5316 0.866548
5317 0.22509
5318 0.663658
5319 0.393672
5320 0.222128
5321 0.220777
5322 0.221197
5323 0.218417
5324 0.21784
5325 0.217477
5326 0.21688
5327 0.216273
5328 0.215785
5329 0.213347
5330 0.221385
5331 0.225378
5332 0.231945
5333 0.238475
5334 0.241895
5335 0.247165
5336 0.252995
5337 0.874648
5338 0.25792
5339 0.260585
5340 0.08584
5341 0.840705
5342 0.262865
5343 0.262777
5344 0.263895
5345 0.26304
5346 0.263435
5347 0.263568
5348 0.263493
5349 0.263558
5350 0.26505
5351 0.270247
5352 0.272898
5353 0.281573
5354 0.29196
5355 0.2829
5356 0.124915
5357 0.310628
5358 0.313628
5359 0.322015
5360 0.328728
5361 0.33217
5362 0.338655
5363 0.334763
5364 0.453935
5365 0.333455
5366 0.333672
5367 0.332895
5368 0.32606
5369 0.32365
5370 0.243113
5371 0.318462
5372 0.316823
5373 0.441227
5374 0.31573
5375 0.315255
5376 0.315352
5377 0.314613
5378 0.315267
5379 0.604688
5380 0.313267
5381 0.312213
5382 0.312355
5383 0.700875
5384 0.280093
5385 0.309028
5386 0.305522
5387 0.30345
5388 0.300073
5389 0.302032
5390 0.304847
5391 0.43355
5392 0.313425
5393 0.317993
5394 0.326472
5395 0.317167
5396 0.322157
5397 0.32544
5398 0.32964
5399 0.352905
5400 0.33869
5401 0.300573
5402 0.344488
5403 0.3358
5404 0.34467
5405 0.345807
5406 0.346913
5407 0.34896
5408 0.350612
5409 0.350705
5410 0.72933
5411 0.351552
5412 0.350998
5413 0.351285
5414 0.351268
5415 0.366575
5416 0.353965
5417 0.352077
5418 0.331442
5419 0.371708
5420 0.38025
5421 0.382727
5422 0.386937
5423 0.392773
5424 0.396568
5425 0.39886
5426 0.417702
5427 0.401515
5428 0.403427
5429 0.40502
5430 0.40452
5431 0.595278
5432 0.419077
5433 0.409083
5434 0.409805
5435 0.531045
5436 0.41536
5437 0.418208
5438 0.421295
5439 0.42189
5440 0.42608
5441 0.428255
5442 0.430545
5443 0.43503
5444 0.43922
5445 0.414197
5446 0.441412
5447 0.445647
5448 0.447885
5449 0.451875
5450 0.455745
5451 0.456455
5452 0.4586
5453 0.460705
5454 0.46111
5455 0.460425
5456 0.461162
5457 0.460533
5458 0.460722
5459 0.46037
5460 0.46017
5461 0.459182
5462 0.460732
5463 0.46125
5464 0.460272
5465 0.379365
5466 0.46055
5467 0.459345
5468 0.459125
5469 0.459035
5470 0.45813
5471 0.471625
5472 0.477228
5473 0.37069
5474 0.454228
5475 0.469427
5476 0.453943
5477 0.767502
5478 0.132285
5479 0.453713
5480 0.456657
5481 0.388688
5482 0.44785
5483 0.237572
5484 0.466602
5485 0.772637
5486 0.473208
5487 0.50461
5488 0.478442
5489 0.83714
5490 0.482495
5491 0.46535
5492 0.487805
5493 0.491365
5494 0.495273
5495 0.506973
5496 0.648033
5497 0.54637
5498 0.513245
5499 0.517155
5500 0.52274
5501 0.78065
5502 0.53511
5503 0.542408
5504 0.545037
5505 0.534015
5506 0.549798
5507 0.56058
5508 0.56222
5509 0.567183
5510 0.0756625
5511 0.575415
5512 0.583105
5513 0.58274
5514 0.62526
5515 0.584185
5516 0.585035
5517 0.58549
5518 0.58708
5519 0.492805
5520 0.60494
5521 0.706967
5522 0.84258
5523 0.552545
5524 0.614162
5525 0.290048
5526 0.62341
5527 0.660362
5528 0.64711
5529 0.653365
5530 0.250682
5531 0.0770875
5532 0.682345
5533 0.69237
5534 0.70082
5535 0.670968
5536 0.716185
5537 0.723707
5538 0.726495
5539 0.733102
5540 0.737783
5541 0.742472
5542 0.746557
5543 0.750657
5544 0.0784325
5545 0.76667
5546 0.768763
5547 0.770598
5548 0.773683
5549 0.80363
5550 0.776088
5551 0.777905
5552 0.780362
5553 0.780127
5554 0.843548
5555 0.78165
5556 0.838498
5557 0.783085
5558 0.78473
5559 0.78503
5560 0.785338
5561 0.786435
5562 0.253915
5563 0.787277
5564 0.787965
5565 0.786977
5566 0.787135
5567 0.66505
5568 0.78574
5569 0.78474
5570 0.784145
5571 0.784563
5572 0.784068
5573 0.783748
5574 0.77993
5575 0.784493
5576 0.784725
5577 0.784582
5578 0.784395
5579 0.784385
5580 0.387887
5581 0.783205
5582 0.782415
5583 0.782428
5584 0.78311
5585 0.783535
5586 0.78323
5587 0.784623
5588 0.78753
5589 0.585485
5590 0.793185
5591 0.79426
5592 0.805595
5593 0.796705
5594 0.797072
5595 0.819565
5596 0.820253
5597 0.81979
5598 0.81287
5599 0.820847
5600 0.822828
5601 0.360127
5602 0.82453
5603 0.827148
5604 0.8278
5605 0.827403
5606 0.826388
5607 0.825585
5608 0.824985
5609 0.823658
5610 0.813348
5611 0.832603
5612 0.822893
5613 0.823773
5614 0.742295
5615 0.825468
5616 0.826967
5617 0.817902
5618 0.83558
5619 0.83019
5620 0.622278
5621 0.843427
5622 0.843675
5623 0.843113
5624 0.84288
5625 0.84218
5626 0.842237
5627 0.841758
5628 0.841125
5629 0.840745
5630 0.839945
5631 0.840047
5632 0.820715
5633 0.839947
5634 0.840005
5635 0.839943
5636 0.84131
5637 0.842383
5638 0.845445
5639 0.349838
5640 0.846753
5641 0.12197
5642 0.84964
5643 0.853718
5644 0.857163
5645 0.863688
5646 0.86329
5647 0.863062
5648 0.807013
5649 0.61853
5650 0.863088
5651 0.842755
5652 0.863115
5653 0.862583
5654 0.862095
5655 0.861795
5656 0.861705
5657 0.860762
5658 0.806998
5659 0.860892
5660 0.86095
5661 0.860803
5662 0.861705
5663 0.861977
5664 0.861615
5665 0.861975
5666 0.862345
5667 0.862455
5668 0.86286
5669 0.863197
5670 0.86238
5671 0.86223
5672 0.862445
5673 0.862903
5674 0.862768
5675 0.292583
5676 0.86363
5677 0.864197
5678 0.86406
5679 0.859065
5680 0.86356
5681 0.864165
5682 0.864243
5683 0.864417
5684 0.864247
5685 0.863282
5686 0.86298
5687 0.863108
5688 0.666852
5689 0.862577
5690 0.82226
5691 0.862735
5692 0.828767
5693 0.862587
5694 0.862407
5695 0.837963
5696 0.862402
5697 0.871402
5698 0.863193
5699 0.86353
5700 0.863515
5701 0.865422
5702 0.865117
5703 0.865102
5704 0.864835
5705 0.865178
5706 0.800222
5707 0.86553
5708 0.865895
5709 0.865945
5710 0.644942
5711 0.865945
5712 0.865402
5713 0.86531
5714 0.362605
5715 0.864932
5716 0.546793
5717 0.86504
5718 0.86459
5719 0.856293
5720 0.862225
5721 0.861888
5722 0.862008
5723 0.861738
5724 0.86152
5725 0.861618
5726 0.86176
5727 0.789582
5728 0.861953
5729 0.86188
5730 0.83991
5731 0.576985
5732 0.861282
5733 0.861075
5734 0.83033
5735 0.861252
5736 0.299005
5737 0.86126
