1 0.0753275
2 0.0729775
3 0.07459
4 0.0786275
5 0.0837125
6 0.0871525
7 0.0922075
8 0.0999575
9 0.102438
10 0.105085
11 0.106938
12 0.107735
13 0.10911
14 0.111235
15 0.111585
16 0.113003
17 0.114267
18 0.114382
19 0.114837
20 0.115538
21 0.115975
22 0.11601
23 0.116532
24 0.117035
25 0.119947
26 0.12333
27 0.124205
28 0.1273
29 0.13039
30 0.130188
31 0.130315
32 0.130955
33 0.131298
34 0.130947
35 0.13055
36 0.1313
37 0.13078
38 0.130903
39 0.131233
40 0.131683
41 0.83704
42 0.132245
43 0.12266
44 0.220828
45 0.136398
46 0.135395
47 0.135505
48 0.135483
49 0.135585
50 0.135382
51 0.135947
52 0.135797
53 0.382227
54 0.13514
55 0.134662
56 0.134112
57 0.133685
58 0.143042
59 0.132755
60 0.132667
61 0.132617
62 0.132203
63 0.132107
64 0.132552
65 0.13284
66 0.133353
67 0.133785
68 0.133742
69 0.133972
70 0.151007
71 0.134882
72 0.135697
73 0.137293
74 0.138887
75 0.139462
76 0.140363
77 0.140698
78 0.141402
79 0.142363
80 0.144795
81 0.146292
82 0.14895
83 0.154073
84 0.158062
85 0.165673
86 0.17238
87 0.175987
88 0.182973
89 0.189722
90 0.292038
91 0.19941
92 0.202692
93 0.202623
94 0.20292
95 0.203965
96 0.204852
97 0.205058
98 0.205902
99 0.206425
100 0.20732
101 0.207965
102 0.207618
103 0.208058
104 0.207577
105 0.20693
106 0.205405
107 0.806725
108 0.209872
109 0.212838
110 0.217383
111 0.466842
112 0.22458
113 0.228325
114 0.22956
115 0.234178
116 0.237995
117 0.239418
118 0.240755
119 0.493735
120 0.905405
121 0.238325
122 0.247182
123 0.23784
124 0.238015
125 0.238205
126 0.237665
127 0.238588
128 0.2397
129 0.240707
130 0.480897
131 0.243913
132 0.244455
133 0.248548
134 0.249752
135 0.25052
136 0.300737
137 0.253945
138 0.255362
139 0.25573
140 0.69081
141 0.256537
142 0.254397
143 0.253885
144 0.252875
145 0.25263
146 0.25105
147 0.250908
148 0.248567
149 0.247205
150 0.246402
151 0.24493
152 0.24355
153 0.24329
154 0.430957
155 0.240773
156 0.239932
157 0.237505
158 0.236075
159 0.235247
160 0.23393
161 0.2333
162 0.45037
163 0.231068
164 0.22981
165 0.229513
166 0.229123
167 0.386215
168 0.22873
169 0.227837
170 0.229437
171 0.229085
172 0.289565
173 0.795808
174 0.226648
175 0.226603
176 0.22602
177 0.225518
178 0.224763
179 0.224843
180 0.224947
181 0.225015
182 0.224455
183 0.224365
184 0.22419
185 0.223413
186 0.22307
187 0.221642
188 0.231577
189 0.221293
190 0.22163
191 0.278927
192 0.221603
193 0.221222
194 0.221335
195 0.222115
196 0.222043
197 0.222165
198 0.222312
199 0.222062
200 0.222255
201 0.222562
202 0.22275
203 0.35163
204 0.223192
205 0.22349
206 0.222993
207 0.222672
208 0.222405
209 0.222328
210 0.222235
211 0.222647
212 0.23406
213 0.22246
214 0.222037
215 0.243405
216 0.221892
217 0.34889
218 0.908625
219 0.31344
220 0.222048
221 0.221905
222 0.221413
223 0.22134
224 0.221078
225 0.220892
226 0.22095
227 0.22087
228 0.220942
229 0.220653
230 0.22053
231 0.220545
232 0.574037
233 0.22088
234 0.220925
235 0.221205
236 0.221303
237 0.22105
238 0.220837
239 0.220307
240 0.21966
241 0.219872
242 0.220895
243 0.220975
244 0.221535
245 0.221172
246 0.22104
247 0.22121
248 0.878432
249 0.253085
250 0.220403
251 0.220095
252 0.219775
253 0.219257
254 0.21904
255 0.247358
256 0.526185
257 0.219248
258 0.219105
259 0.219408
260 0.219282
261 0.219112
262 0.218713
263 0.219105
264 0.218977
265 0.218798
266 0.2187
267 0.218427
268 0.85305
269 0.218305
270 0.365155
271 0.218565
272 0.218287
273 0.883215
274 0.218273
275 0.218633
276 0.62381
277 0.217587
278 0.217053
279 0.216628
280 0.216625
281 0.216635
282 0.216892
283 0.21685
284 0.217583
285 0.2174
286 0.21764
287 0.216817
288 0.216397
289 0.21582
290 0.620015
291 0.214778
292 0.21439
293 0.214172
294 0.214285
295 0.21514
296 0.215358
297 0.215215
298 0.21508
299 0.214952
300 0.214803
301 0.544373
302 0.21487
303 0.865328
304 0.214842
305 0.21474
306 0.292085
307 0.298627
308 0.214998
309 0.2149
310 0.21567
311 0.44595
312 0.21609
313 0.215957
314 0.21772
315 0.21789
316 0.218048
317 0.241495
318 0.217628
319 0.217528
320 0.75414
321 0.219245
322 0.218895
323 0.218842
324 0.218828
325 0.754012
326 0.219773
327 0.814307
328 0.21962
329 0.219605
330 0.241968
331 0.461948
332 0.21901
333 0.218982
334 0.219222
335 0.219117
336 0.21919
337 0.2192
338 0.219275
339 0.545265
340 0.328785
341 0.22203
342 0.223463
343 0.225633
344 0.227928
345 0.228793
346 0.23134
347 0.232563
348 0.232997
349 0.488413
350 0.233095
351 0.32781
352 0.23263
353 0.232428
354 0.23218
355 0.231877
356 0.231565
357 0.23173
358 0.2316
359 0.436745
360 0.23155
361 0.231495
362 0.231527
363 0.231293
364 0.230935
365 0.23086
366 0.230577
367 0.23047
368 0.23
369 0.229827
370 0.229112
371 0.250402
372 0.228882
373 0.228428
374 0.228225
375 0.22802
376 0.227422
377 0.227368
378 0.227128
379 0.226687
380 0.226645
381 0.226298
382 0.226387
383 0.226307
384 0.22667
385 0.317812
386 0.342077
387 0.230445
388 0.232283
389 0.235393
390 0.23675
391 0.237835
392 0.238932
393 0.238965
394 0.23954
395 0.242388
396 0.243055
397 0.841553
398 0.24384
399 0.244407
400 0.244938
401 0.245897
402 0.246075
403 0.32894
404 0.248438
405 0.24862
406 0.338195
407 0.315835
408 0.509535
409 0.255358
410 0.257015
411 0.25873
412 0.261593
413 0.266483
414 0.592827
415 0.273008
416 0.27724
417 0.27895
418 0.389678
419 0.28674
420 0.289565
421 0.29205
422 0.29721
423 0.299245
424 0.304152
425 0.3099
426 0.312113
427 0.31727
428 0.321657
429 0.323635
430 0.3297
431 0.334272
432 0.336523
433 0.417143
434 0.256335
435 0.35099
436 0.444525
437 0.65366
438 0.373312
439 0.363835
440 0.366808
441 0.36743
442 0.371273
443 0.37305
444 0.374198
445 0.383105
446 0.384757
447 0.385323
448 0.38685
449 0.365028
450 0.39033
451 0.393027
452 0.39507
453 0.39621
454 0.398695
455 0.213062
456 0.401025
457 0.4281
458 0.40492
459 0.405687
460 0.406488
461 0.408573
462 0.40879
463 0.410712
464 0.41164
465 0.411872
466 0.41189
467 0.412307
468 0.411708
469 0.41259
470 0.41786
471 0.418038
472 0.418177
473 0.4182
474 0.418285
475 0.14355
476 0.417455
477 0.416492
478 0.41677
479 0.41611
480 0.416137
481 0.416673
482 0.415917
483 0.415737
484 0.41654
485 0.416513
486 0.022765
487 0.416332
488 0.416227
489 0.41569
490 0.41516
491 0.415482
492 0.41541
493 0.41588
494 0.415755
495 0.483005
496 0.41647
497 0.416705
498 0.416195
499 0.419058
500 0.424113
501 0.426555
502 0.43283
503 0.440408
504 0.418148
505 0.452827
506 0.70281
507 0.461118
508 0.465925
509 0.37619
510 0.472542
511 0.474287
512 0.47478
513 0.475155
514 0.477938
515 0.479953
516 0.288165
517 0.486183
518 0.490862
519 0.493343
520 0.507308
521 0.45985
522 0.512795
523 0.517373
524 0.521467
525 0.523282
526 0.4834
527 0.598163
528 0.155362
529 0.433095
530 0.532675
531 0.532412
532 0.0001825
533 0.532308
534 0.53283
535 0.535088
536 0.535295
537 0.534942
538 0.53516
539 0.0592825
540 0.521215
541 0.533253
542 0.503965
543 0.533482
544 0.533317
545 0.533658
546 0.532845
547 0.532145
548 0.53189
549 0.531532
550 0.52992
551 0.528752
552 0.528083
553 0.527632
554 0.52625
555 0.52617
556 0.524955
557 0.523828
558 0.52361
559 0.52287
560 0.522608
561 0.522097
562 0.521023
563 0.520748
564 0.51921
565 0.712963
566 0.51769
567 0.517607
568 0.51698
569 0.519745
570 0.51658
571 0.519277
572 0.521145
573 0.521825
574 0.525713
575 0.529127
576 0.1389
577 0.53502
578 0.539467
579 0.541242
580 0.5461
581 0.55078
582 0.553153
583 0.592668
584 0.56337
585 0.566573
586 0.571732
587 0.576562
588 0.0744925
589 0.090875
590 0.589368
591 0.591642
592 0.595598
593 0.604572
594 0.60655
595 0.62291
596 0.63103
597 0.63485
598 0.639593
599 0.645015
600 0.647212
601 0.651275
602 0.655598
603 0.655992
604 0.658038
605 0.661602
606 0.661532
607 0.672455
608 0.678843
609 0.846113
610 0.686447
611 0.690418
612 0.692067
613 0.338417
614 0.442315
615 0.696592
616 0.696785
617 0.697345
618 0.697218
619 0.69756
620 0.707557
621 0.708043
622 0.708387
623 0.708385
624 0.707935
625 0.708395
626 0.399027
627 0.707222
628 0.652748
629 0.70755
630 0.709503
631 0.765903
632 0.713345
633 0.713738
634 0.434038
635 0.715318
636 0.13535
637 0.133313
638 0.718522
639 0.366607
640 0.720167
641 0.720357
642 0.720962
643 0.720847
644 0.72169
645 0.166755
646 0.0741425
647 0.74237
648 0.74337
649 0.450647
650 0.745408
651 0.74629
652 0.486712
653 0.747325
654 0.74792
655 0.74852
656 0.73137
657 0.749587
658 0.749263
659 0.74969
660 0.568377
661 0.740138
662 0.749188
663 0.74986
664 0.0867375
665 0.749975
666 0.749663
667 0.523937
668 0.748463
669 0.748125
670 0.748
671 0.747788
672 0.747302
673 0.747247
674 0.517495
675 0.721383
676 0.746452
677 0.745847
678 0.746263
679 0.745997
680 0.746398
681 0.747217
682 0.747323
683 0.746505
684 0.746653
685 0.746205
686 0.74571
687 0.74561
688 0.745263
689 0.745762
690 0.745537
691 0.744968
692 0.744633
693 0.744633
694 0.744393
695 0.750622
696 0.750202
697 0.749997
698 0.749668
699 0.7495
700 0.749117
701 0.851115
702 0.748692
703 0.748807
704 0.748918
705 0.749297
706 0.75126
707 0.648047
708 0.752417
709 0.75356
710 0.755458
711 0.697542
712 0.032345
713 0.54582
714 0.759493
715 0.759315
716 0.759215
717 0.765437
718 0.770315
719 0.77642
720 0.817603
721 0.81699
722 0.817133
723 0.817002
724 0.817747
725 0.799835
726 0.847657
727 0.418015
728 0.81748
729 0.818002
730 0.817943
731 0.819462
732 0.820125
733 0.820163
734 0.822843
735 0.824762
736 0.827368
737 0.83034
738 0.832318
739 0.832395
740 0.835873
741 0.83566
742 0.23926
743 0.654608
744 0.847865
745 0.8547
746 0.250657
747 0.855938
748 0.856468
749 0.856838
750 0.857973
751 0.86205
752 0.862748
753 0.862773
754 0.859322
755 0.846518
756 0.863175
757 0.863533
758 0.864968
759 0.863938
760 0.863818
761 0.188405
762 0.865155
763 0.868578
764 0.86935
765 0.87012
766 0.87069
767 0.87169
768 0.87208
769 0.024205
770 0.886095
771 0.88625
772 0.88641
773 0.88677
774 0.887007
775 0.886842
776 0.886822
777 0.88658
778 0.886252
779 0.886428
780 0.00218
781 0.1452
782 0.886055
783 0.780757
784 0.509695
785 0.88507
786 0.84697
787 0.885032
788 0.881685
789 0.00305
790 0.883933
791 0.883955
792 0.883655
793 0.647523
794 0.0032575
795 0.424055
796 0.878755
797 0.87849
798 0.87764
799 0.876763
800 0.84514
801 0.875165
802 0.873193
803 0.871355
804 0.645073
805 0.133865
806 0.86937
807 0.869302
808 0.868223
809 0.685315
810 0.702905
811 0.870742
812 0.872235
813 0.874507
814 0.87968
815 0.880255
816 0.881452
817 0.0746875
818 0.88329
819 0.883312
820 0.117943
821 0.884898
822 0.885135
823 0.885707
824 0.886005
825 0.886247
826 0.886845
827 0.886922
828 0.887053
829 0.887023
830 0.88707
831 0.887598
832 0.0709625
833 0.88825
834 0.888185
835 0.887925
836 0.8743
837 0.888223
838 0.0002575
839 0.88871
840 0.888783
841 0.0936975
842 0.888975
843 0.877155
844 0.889118
845 0.866847
846 0.889655
847 0.878992
848 0.878938
849 0.889343
850 0.889215
851 0.889478
852 0.889498
853 0.889417
854 0.469517
855 0.88941
856 0.889255
857 0.47982
858 0.55487
859 0.88887
860 0.8807
861 0.780608
862 0.888898
863 0.24179
864 0.889047
865 0.88927
866 0.889185
867 0.884567
868 0.88931
869 0.88946
870 0.888888
871 0.888687
872 0.746725
873 0.88915
874 0.746067
875 0.820917
876 0.59485
877 0.889295
878 0.889232
879 0.847457
880 0.889795
881 0.889605
882 0.8898
883 0.889182
884 0.889375
885 0.889308
886 0.889402
887 0.88948
888 0.889572
889 0.88965
890 0.889745
891 0.889595
892 0.889495
893 0.889343
894 0.828745
895 0.14807
896 0.88939
897 0.889485
898 0.030215
899 0.889295
900 0.889347
901 0.889408
902 0.88946
903 0.889633
904 0.889628
905 0.88945
906 0.88968
907 0.889938
908 0.889875
909 0.889845
910 0.890235
911 0.890332
912 0.890175
913 0.900055
914 0.890607
915 0.742407
916 0.890572
917 0.890625
918 0.890517
919 0.890402
920 0.89017
921 0.890288
922 0.890338
923 0.890745
924 0.55292
925 0.89082
926 0.566035
927 0.89057
928 0.89064
929 0.890587
930 0.8884
931 0.888443
932 0.888563
933 0.88887
934 0.888868
935 0.88902
936 0.889147
937 0.889135
938 0.88937
939 0.88956
940 0.889563
941 0.889487
942 0.889203
943 0.848448
944 0.889005
945 0.820095
946 0.822388
947 0.888655
948 0.888798
949 0.888862
950 0.888777
951 0.88878
952 0.0002925
953 0.888857
954 0.888842
955 0.89008
956 0.890018
957 0.889962
958 0.84401
959 0.890003
960 0.89004
961 0.889885
962 0.88986
963 0.889772
964 0.889775
965 0.88973
966 0.274835
967 0.889593
968 0.88972
969 0.88967
970 0.889607
971 0.8893
972 0.889332
973 0.889235
974 0.889275
975 0.265895
976 0.888487
977 0.888215
978 0.887857
979 0.887595
980 0.88666
981 0.886405
982 0.886578
983 0.8862
984 0.886678
985 0.88667
986 0.88691
987 0.88668
988 0.714607
989 0.88023
990 0.887312
991 0.887973
992 0.888215
993 0.848043
994 0.88861
995 0.888563
996 0.888413
997 0.888515
998 0.888637
999 0.888815
1000 0.889232
1001 0.18319
1002 0.865672
1003 0.856155
1004 0.889602
1005 0.889752
1006 0.889848
1007 0.88951
1008 0.88943
1009 0.88991
1010 0.890095
1011 0.886323
1012 0.886528
1013 0.04076
1014 0.886165
1015 0.696313
1016 0.886513
1017 0.886197
1018 0.886432
1019 0.886833
1020 0.88694
1021 0.89125
1022 0.887045
1023 0.88673
1024 0.88666
1025 0.147152
1026 0.886345
1027 0.88655
1028 0.886613
1029 0.886552
1030 0.886783
1031 0.886813
1032 0.886857
1033 0.886857
1034 0.886907
1035 0.01901
1036 0.887617
1037 0.8876
1038 0.847633
1039 0.887245
1040 0.875247
1041 0.88735
1042 0.887315
1043 0.887305
1044 0.88732
1045 0.45227
1046 0.88729
1047 0.88724
1048 0.886985
1049 0.88689
1050 0.887153
1051 0.230005
1052 0.887288
1053 0.88733
1054 0.887537
1055 0.88759
1056 0.887387
1057 0.887378
1058 0.887552
1059 0.887865
1060 0.888058
1061 0.886935
1062 0.825808
1063 0.88695
1064 0.886572
1065 0.886625
1066 0.886515
1067 0.886757
1068 0.886728
1069 0.886845
1070 0.887302
1071 0.846395
1072 0.886625
1073 0.886545
1074 0.8743
1075 0.88672
1076 0.886713
1077 0.849132
1078 0.666755
1079 0.886853
1080 0.886842
1081 0.887003
1082 0.88689
1083 0.886783
1084 0.886898
1085 0.886822
1086 0.88562
1087 0.885153
1088 0.885285
1089 0.885328
1090 0.885615
1091 0.88565
1092 0.885567
1093 0.88536
1094 0.885607
1095 0.0882125
1096 0.885432
1097 0.885498
1098 0.885358
1099 0.88571
1100 0.32373
1101 0.885458
1102 0.885595
1103 0.88568
1104 0.885565
1105 0.0969475
1106 0.88556
1107 0.885657
1108 0.287463
1109 0.88583
1110 0.886045
1111 0.869655
1112 0.88485
1113 0.885223
1114 0.884935
1115 0.885123
1116 0.885408
1117 0.885335
1118 0.885602
1119 0.885792
1120 0.886243
1121 0.886508
1122 0.886833
1123 0.886635
1124 0.886725
1125 0.886275
1126 0.88393
1127 0.85025
1128 0.53642
1129 0.88557
1130 0.890522
1131 0.8853
1132 0.885648
1133 0.88572
1134 0.491435
1135 0.885822
1136 0.886777
1137 0.886668
1138 0.88699
1139 0.887058
1140 0.887025
1141 0.88723
1142 0.8871
1143 0.0929525
1144 0.886602
1145 0.886675
1146 0.886947
1147 0.886763
1148 0.887068
1149 0.887585
1150 0.0017875
1151 0.887593
1152 0.888443
1153 0.888713
1154 0.886358
1155 0.888922
1156 0.888633
1157 0.888285
1158 0.88819
1159 0.888215
1160 0.888053
1161 0.88661
1162 0.886045
1163 0.886058
1164 0.885493
1165 0.885783
1166 0.886215
1167 0.886103
1168 0.886585
1169 0.886515
1170 0.886888
1171 0.88713
1172 0.887445
1173 0.886942
1174 0.885295
1175 0.887278
1176 0.887167
1177 0.88745
1178 0.5321
1179 0.887097
1180 0.88741
1181 0.887622
1182 0.887737
1183 0.887715
1184 0.887912
1185 0.888023
1186 0.885973
1187 0.88613
1188 0.886158
1189 0.71084
1190 0.88615
1191 0.293035
1192 0.77131
1193 0.886217
1194 0.88636
1195 0.886387
1196 0.886465
1197 0.886795
1198 0.886815
1199 0.88728
1200 0.543165
1201 0.887385
1202 0.886903
1203 0.887493
1204 0.88751
1205 0.887413
1206 0.887382
1207 0.88745
1208 0.88736
1209 0.88735
1210 0.887478
1211 0.888927
1212 0.888657
1213 0.888563
1214 0.725762
1215 0.888445
1216 0.888188
1217 0.888293
1218 0.888275
1219 0.888197
1220 0.88811
1221 0.20463
1222 0.888203
1223 0.875018
1224 0.888445
1225 0.88873
1226 0.850008
1227 0.888725
1228 0.888672
1229 0.888948
1230 0.887317
1231 0.888792
1232 0.888625
1233 0.888245
1234 0.888097
1235 0.246315
1236 0.888167
1237 0.888073
1238 0.887508
1239 0.887162
1240 0.887097
1241 0.887208
1242 0.887215
1243 0.887177
1244 0.850058
1245 0.887707
1246 0.88795
1247 0.888273
1248 0.888018
1249 0.88813
1250 0.887898
1251 0.887735
1252 0.887243
1253 0.887305
1254 0.88719
1255 0.887073
1256 0.88604
1257 0.886968
1258 0.887135
1259 0.847063
1260 0.875635
1261 0.88524
1262 0.885092
1263 0.885437
1264 0.885957
1265 0.88626
1266 0.886173
1267 0.886267
1268 0.886135
1269 0.885813
1270 0.885715
1271 0.885905
1272 0.886522
1273 0.886127
1274 0.886535
1275 0.886757
1276 0.0640075
1277 0.887555
1278 0.887452
1279 0.88788
1280 0.88782
1281 0.839875
1282 0.83765
1283 0.88803
1284 0.888147
1285 0.88779
1286 0.11194
1287 0.86776
1288 0.886918
1289 0.886872
1290 0.88685
1291 0.70203
1292 0.74983
1293 0.6109
1294 0.88683
1295 0.887177
1296 0.886957
1297 0.866935
1298 0.885695
1299 0.887452
1300 0.887985
1301 0.88806
1302 0.88825
1303 0.885613
1304 0.88819
1305 0.887848
1306 0.888095
1307 0.888282
1308 0.888595
1309 0.88867
1310 0.888532
1311 0.887995
1312 0.842553
1313 0.88752
1314 0.887602
1315 0.887275
1316 0.887305
1317 0.88757
1318 0.515848
1319 0.888158
1320 0.88821
1321 0.888423
1322 0.888595
1323 0.88285
1324 0.888572
1325 0.888718
1326 0.888855
1327 0.8887
1328 0.888745
1329 0.888657
1330 0.888695
1331 0.888835
1332 0.888792
1333 0.88862
1334 0.88846
1335 0.888543
1336 0.887927
1337 0.888235
1338 0.887795
1339 0.887898
1340 0.888145
1341 0.8881
1342 0.88801
1343 0.88803
1344 0.865433
1345 0.8097
1346 0.88783
1347 0.887833
1348 0.88904
1349 0.887655
1350 0.887387
1351 0.887162
1352 0.88752
1353 0.887502
1354 0.88701
1355 0.88706
1356 0.88691
1357 0.88713
1358 0.887007
1359 0.886837
1360 0.88709
1361 0.88674
1362 0.8865
1363 0.886537
1364 0.886455
1365 0.856487
1366 0.886552
1367 0.886785
1368 0.886915
1369 0.354948
1370 0.889487
1371 0.887055
1372 0.88841
1373 0.888637
1374 0.888445
1375 0.88848
1376 0.893095
1377 0.888315
1378 0.888625
1379 0.888385
1380 0.88855
1381 0.703923
1382 0.87521
1383 0.888935
1384 0.888628
1385 0.888955
1386 0.884825
1387 0.889347
1388 0.889445
1389 0.889317
1390 0.889092
1391 0.889175
1392 0.889417
1393 0.889595
1394 0.889783
1395 0.88993
1396 0.890408
1397 0.890335
1398 0.890615
1399 0.890595
1400 0.891015
1401 0.890927
1402 0.89117
1403 0.891232
1404 0.890467
1405 0.891545
1406 0.89165
1407 0.891652
1408 0.885915
1409 0.89197
1410 0.892057
1411 0.89129
1412 0.862352
1413 0.890985
1414 0.890695
1415 0.873598
1416 0.89083
1417 0.891
1418 0.89088
1419 0.890748
1420 0.894707
1421 0.890585
1422 0.891465
1423 0.891365
1424 0.891317
1425 0.890718
1426 0.890445
1427 0.89037
1428 0.890455
1429 0.890308
1430 0.890475
1431 0.890077
1432 0.889583
1433 0.893877
1434 0.889768
1435 0.889583
1436 0.891338
1437 0.89041
1438 0.88954
1439 0.889382
1440 0.889085
1441 0.88832
1442 0.888798
1443 0.888898
1444 0.711468
1445 0.889125
1446 0.889065
1447 0.326983
1448 0.863505
1449 0.888922
1450 0.88899
1451 0.889345
1452 0.889458
1453 0.767633
1454 0.88966
1455 0.88954
1456 0.889197
1457 0.889903
1458 0.889475
1459 0.889478
1460 0.890522
1461 0.89138
1462 0.89172
1463 0.892132
1464 0.893373
1465 0.156475
1466 0.89396
1467 0.894253
1468 0.893607
1469 0.893223
1470 0.141402
1471 0.89603
1472 0.144795
1473 0.844342
1474 0.8952
1475 0.896138
1476 0.894733
1477 0.895175
1478 0.894182
1479 0.894065
1480 0.893517
1481 0.893105
1482 0.892763
1483 0.892525
1484 0.892208
1485 0.892465
1486 0.800122
1487 0.894355
1488 0.894217
1489 0.893972
1490 0.8951
1491 0.895927
1492 0.89581
1493 0.896018
1494 0.89531
1495 0.89608
1496 0.89633
1497 0.89585
1498 0.718283
1499 0.89635
1500 0.89752
1501 0.897855
1502 0.898798
1503 0.898112
1504 0.898552
1505 0.898045
1506 0.898687
1507 0.897443
1508 0.900367
1509 0.901218
1510 0.905018
1511 0.905405
1512 0.904987
1513 0.905155
1514 0.905397
1515 0.90437
1516 0.90436
1517 0.904107
1518 0.904767
1519 0.240707
1520 0.9047
1521 0.902632
1522 0.902285
1523 0.90293
1524 0.876047
1525 0.903253
1526 0.904585
1527 0.90507
1528 0.905177
1529 0.904648
1530 0.905693
1531 0.904595
1532 0.903338
1533 0.902402
1534 0.867715
1535 0.900675
1536 0.901068
1537 0.90064
1538 0.900648
1539 0.899798
1540 0.899625
1541 0.69302
1542 0.896913
1543 0.897223
1544 0.898663
1545 0.899068
1546 0.641297
1547 0.602707
1548 0.897705
1549 0.894607
1550 0.891505
1551 0.88888
1552 0.886898
1553 0.884777
1554 0.88275
1555 0.883143
1556 0.797072
1557 0.884687
1558 0.883872
1559 0.88581
1560 0.88622
1561 0.391373
1562 0.887085
1563 0.886635
1564 0.887145
1565 0.865932
1566 0.8867
1567 0.885918
1568 0.860492
1569 0.87572
1570 0.848962
1571 0.883833
1572 0.882942
1573 0.88567
1574 0.630105
1575 0.890267
1576 0.891085
1577 0.89258
1578 0.906277
1579 0.898197
1580 0.89923
1581 0.90075
1582 0.900613
1583 0.900227
1584 0.90019
1585 0.902875
1586 0.9
1587 0.897755
1588 0.695893
1589 0.43673
1590 0.894192
1591 0.846603
1592 0.66302
1593 0.890687
1594 0.89133
1595 0.891168
1596 0.89235
1597 0.84302
1598 0.900395
1599 0.290957
1600 0.890655
1601 0.891162
1602 0.781513
1603 0.890663
1604 0.76322
1605 0.88875
1606 0.890818
1607 0.892302
1608 0.894068
1609 0.89365
1610 0.908783
1611 0.88258
1612 0.900625
1613 0.7852
1614 0.900153
1615 0.900722
1616 0.683497
1617 0.899478
1618 0.89847
1619 0.897047
1620 0.89879
1621 0.731945
1622 0.901455
1623 0.902033
1624 0.433202
1625 0.904757
1626 0.471782
1627 0.90904
1628 0.912365
1629 0.915218
1630 0.91535
1631 0.900343
1632 0.918525
1633 0.919358
1634 0.91973
1635 0.221535
1636 0.918578
1637 0.917405
1638 0.916942
1639 0.916285
1640 0.915197
1641 0.9154
1642 0.916388
1643 0.914285
1644 0.909593
1645 0.91343
1646 0.914887
1647 0.871295
1648 0.912455
1649 0.910405
1650 0.219248
1651 0.910353
1652 0.90986
1653 0.895255
1654 0.908833
1655 0.906508
1656 0.90428
1657 0.9036
1658 0.903107
1659 0.90285
1660 0.903417
1661 0.904035
1662 0.89997
1663 0.90005
1664 0.899578
1665 0.898613
1666 0.218565
1667 0.901537
1668 0.901968
1669 0.904665
1670 0.913177
1671 0.908652
1672 0.879177
1673 0.910155
1674 0.908995
1675 0.909105
1676 0.906188
1677 0.904435
1678 0.859217
1679 0.897905
1680 0.89375
1681 0.892687
1682 0.888153
1683 0.884255
1684 0.883173
1685 0.875513
1686 0.87335
1687 0.872625
1688 0.871173
1689 0.868123
1690 0.865322
1691 0.86803
1692 0.870247
1693 0.87621
1694 0.869507
1695 0.87871
1696 0.869633
1697 0.870232
1698 0.867075
1699 0.828817
1700 0.868965
1701 0.87448
1702 0.865328
1703 0.866888
1704 0.8251
1705 0.868407
1706 0.864845
1707 0.859527
1708 0.855915
1709 0.849808
1710 0.8392
1711 0.837157
1712 0.832148
1713 0.827778
1714 0.819553
1715 0.82374
1716 0.822442
1717 0.822457
1718 0.82016
1719 0.81936
1720 0.75414
1721 0.236822
1722 0.819078
1723 0.818492
1724 0.816468
1725 0.814647
1726 0.814307
1727 0.812002
1728 0.809787
1729 0.808647
1730 0.80185
1731 0.21901
1732 0.784133
1733 0.74696
1734 0.73199
1735 0.686852
1736 0.798122
1737 0.477357
1738 0.64637
1739 0.638872
1740 0.605367
1741 0.600093
1742 0.59239
1743 0.715633
1744 0.561318
1745 0.55692
1746 0.55495
1747 0.515447
1748 0.517273
1749 0.506537
1750 0.503807
1751 0.504493
1752 0.488413
1753 0.486797
1754 0.483548
1755 0.480127
1756 0.476457
1757 0.476775
1758 0.471973
1759 0.47148
1760 0.4657
1761 0.463635
1762 0.464558
1763 0.457435
1764 0.456827
1765 0.456782
1766 0.470593
1767 0.47511
1768 0.47622
1769 0.47739
1770 0.476903
1771 0.488073
1772 0.490865
1773 0.490155
1774 0.488535
1775 0.49425
1776 0.552373
1777 0.289087
1778 0.482023
1779 0.474425
1780 0.472425
1781 0.465797
1782 0.45843
1783 0.457163
1784 0.449483
1785 0.482415
1786 0.444713
1787 0.763033
1788 0.562582
1789 0.422615
1790 0.415913
1791 0.408875
1792 0.49004
1793 0.400068
1794 0.39243
1795 0.43125
1796 0.384018
1797 0.382642
1798 0.386663
1799 0.39652
1800 0.387908
1801 0.386167
1802 0.386465
1803 0.38179
1804 0.386037
1805 0.393593
1806 0.39226
1807 0.394377
1808 0.392977
1809 0.397688
1810 0.389692
1811 0.389435
1812 0.387157
1813 0.383165
1814 0.380213
1815 0.67289
1816 0.3718
1817 0.492227
1818 0.37086
1819 0.36951
1820 0.37243
1821 0.373895
1822 0.375287
1823 0.373273
1824 0.368715
1825 0.36665
1826 0.36146
1827 0.35686
1828 0.358583
1829 0.348895
1830 0.344555
1831 0.341322
1832 0.335763
1833 0.284517
1834 0.327197
1835 0.32079
1836 0.31017
1837 0.315478
1838 0.307295
1839 0.303328
1840 0.30216
1841 0.291403
1842 0.28249
1843 0.279282
1844 0.271885
1845 0.266245
1846 0.263103
1847 0.256335
1848 0.248475
1849 0.24465
1850 0.235118
1851 0.22494
1852 0.221232
1853 0.495928
1854 0.21519
1855 0.215727
1856 0.216888
1857 0.220447
1858 0.217905
1859 0.218067
1860 0.213108
1861 0.21155
1862 0.205745
1863 0.19705
1864 0.348735
1865 0.27162
1866 0.190075
1867 0.84277
1868 0.202665
1869 0.359075
1870 0.21228
1871 0.22088
1872 0.22332
1873 0.223518
1874 0.224355
1875 0.227335
1876 0.256565
1877 0.230625
1878 0.236207
1879 0.23853
1880 0.24533
1881 0.254592
1882 0.254128
1883 0.26302
1884 0.24699
1885 0.277658
1886 0.28528
1887 0.15642
1888 0.30038
1889 0.147567
1890 0.319462
1891 0.32274
1892 0.33163
1893 0.339035
1894 0.319678
1895 0.109725
1896 0.340715
1897 0.341338
1898 0.34855
1899 0.360467
1900 0.366515
1901 0.3924
1902 0.420023
1903 0.428563
1904 0.446103
1905 0.472658
1906 0.475853
1907 0.48333
1908 0.415482
1909 0.487692
1910 0.473118
1911 0.466622
1912 0.46636
1913 0.458483
1914 0.452058
1915 0.448587
1916 0.441258
1917 0.436515
1918 0.4351
1919 0.427198
1920 0.423378
1921 0.418148
1922 0.416085
1923 0.537625
1924 0.386157
1925 0.381205
1926 0.34001
1927 0.36961
1928 0.36087
1929 0.353875
1930 0.350757
1931 0.342585
1932 0.748672
1933 0.3109
1934 0.486183
1935 0.295215
1936 0.292152
1937 0.290495
1938 0.283275
1939 0.0328725
1940 0.326535
1941 0.456925
1942 0.278002
1943 0.272615
1944 0.560678
1945 0.26222
1946 0.24925
1947 0.24056
1948 0.235948
1949 0.224942
1950 0.216558
1951 0.208833
1952 0.19453
1953 0.1875
1954 0.183542
1955 0.174327
1956 0.164172
1957 0.159493
1958 0.15028
1959 0.140327
1960 0.128018
1961 0.122758
1962 0.115873
1963 0.113095
1964 0.10001
1965 0.09098
1966 0.68547
1967 0.0729125
1968 0.063595
1969 0.05901
1970 0.0474575
1971 0.033575
1972 0.0297675
1973 0.022845
1974 0.01816
1975 0.016235
1976 0.0119
1977 0.00839
1978 0.0081675
1979 0.52361
1980 0.0077625
1981 0.0075925
1982 0.0072575
1983 0.00697
1984 0.006635
1985 0.712963
1986 0.00551
1987 0.0052125
1988 0.00463
1989 0.13176
1990 0.0815875
1991 0.0047975
1992 0.004605
1993 0.363928
1994 0.0044225
1995 0.0043875
1996 0.0042425
1997 0.00403
1998 0.0040825
1999 0.0042925
2000 0.008045
2001 0.0176025
2002 0.0234225
2003 0.0367225
2004 0.050825
2005 0.0583575
2006 0.0744925
2007 0.090875
2008 0.100032
2009 0.118205
2010 0.1355
2011 0.142712
2012 0.211
2013 0.180455
2014 0.834345
2015 0.25734
2016 0.0982375
2017 0.254792
2018 0.27518
2019 0.846357
2020 0.296457
2021 0.308067
2022 0.316912
2023 0.327068
2024 0.00034
2025 0.36032
2026 0.661602
2027 0.383493
2028 0.398558
2029 0.40451
2030 0.405133
2031 0.405155
2032 0.407867
2033 0.719015
2034 0.390732
2035 0.834455
2036 0.386273
2037 0.35571
2038 0.72535
2039 0.341995
2040 0.334685
2041 0.314113
2042 0.307185
2043 0.283627
2044 0.279122
2045 0.269
2046 0.260062
2047 0.848278
2048 0.247575
2049 0.238825
2050 0.236363
2051 0.231765
2052 0.21903
2053 0.217388
2054 0.33496
2055 0.41624
2056 0.1937
2057 0.17982
2058 0.173613
2059 0.434038
2060 0.343722
2061 0.13535
2062 0.131525
2063 0.12308
2064 0.42041
2065 0.720167
2066 0.848045
2067 0.369905
2068 0.08647
2069 0.080975
2070 0.0785775
2071 0.0741425
2072 0.0649725
2073 0.0571975
2074 0.057855
2075 0.212452
2076 0.04247
2077 0.0394125
2078 0.03175
2079 0.104048
2080 0.02401
2081 0.06543
2082 0.0150175
2083 0.0144275
2084 0.014615
2085 0.0452075
2086 0.014
2087 0.211877
2088 0.01348
2089 0.0133475
2090 0.013075
2091 0.01288
2092 0.0129625
2093 0.012825
2094 0.012945
2095 0.01337
2096 0.01376
2097 0.013695
2098 0.0135975
2099 0.0149275
2100 0.0781875
2101 0.565715
2102 0.0242025
2103 0.0293925
2104 0.0324275
2105 0.43491
2106 0.04565
2107 0.0499875
2108 0.0947275
2109 0.0687975
2110 0.074975
2111 0.0866875
2112 0.09249
2113 0.102962
2114 0.11695
2115 0.129468
2116 0.1383
2117 0.153168
2118 0.171437
2119 0.180005
2120 0.197843
2121 0.215262
2122 0.232255
2123 0.257745
2124 0.515285
2125 0.28641
2126 0.108065
2127 0.36535
2128 0.37665
2129 0.404465
2130 0.434067
2131 0.447418
2132 0.749885
2133 0.477048
2134 0.08553
2135 0.50987
2136 0.512077
2137 0.51287
2138 0.512132
2139 0.512443
2140 0.51254
2141 0.511305
2142 0.506552
2143 0.501115
2144 0.493412
2145 0.678593
2146 0.487515
2147 0.48056
2148 0.47539
2149 0.47014
2150 0.464068
2151 0.390468
2152 0.50011
2153 0.338958
2154 0.33806
2155 0.342095
2156 0.37203
2157 0.326497
2158 0.296687
2159 0.324795
2160 0.31682
2161 0.31524
2162 0.31322
2163 0.311652
2164 0.847598
2165 0.425117
2166 0.513733
2167 0.297478
2168 0.28903
2169 0.283475
2170 0.796745
2171 0.270427
2172 0.268238
2173 0.267578
2174 0.256808
2175 0.23452
2176 0.24258
2177 0.21617
2178 0.20749
2179 0.8547
2180 0.181338
2181 0.167632
2182 0.16643
2183 0.857973
2184 0.133945
2185 0.123635
2186 0.300683
2187 0.10562
2188 0.0996825
2189 0.08725
2190 0.730305
2191 0.074635
2192 0.0643225
2193 0.0569625
2194 0.0538175
2195 0.04697
2196 0.0404575
2197 0.22266
2198 0.0315825
2199 0.0267725
2200 0.024205
2201 0.0210075
2202 0.0181075
2203 0.26908
2204 0.0159075
2205 0.01417
2206 0.0138
2207 0.0121325
2208 0.0106225
2209 0.009615
2210 0.0082575
2211 0.49513
2212 0.004285
2213 0.002825
2214 0.00218
2215 0.04768
2216 0.0023475
2217 0.002355
2218 0.17881
2219 0.002195
2220 0.00211
2221 0.0024125
2222 0.846832
2223 0.158985
2224 0.00305
2225 0.0026775
2226 0.17546
2227 0.847325
2228 0.003415
2229 0.003095
2230 0.0030075
2231 0.0032575
2232 0.00319
2233 0.0031125
2234 0.0032825
2235 0.01982
2236 0.003665
2237 0.00392
2238 0.0035675
2239 0.0039775
2240 0.0040075
2241 0.0035425
2242 0.00384
2243 0.00281
2244 0.0034175
2245 0.003765
2246 0.00414
2247 0.0040375
2248 0.00417
2249 0.004595
2250 0.004745
2251 0.0050225
2252 0.0055925
2253 0.0060125
2254 0.0063975
2255 0.006275
2256 0.005755
2257 0.0064825
2258 0.0067125
2259 0.007095
2260 0.598745
2261 0.0071925
2262 0.0081375
2263 0.00798
2264 0.00863
2265 0.01129
2266 0.013355
2267 0.018955
2268 0.02692
2269 0.03051
2270 0.0395525
2271 0.048405
2272 0.053075
2273 0.0625075
2274 0.0709625
2275 0.074
2276 0.0790625
2277 0.0826325
2278 0.0846575
2279 0.0883075
2280 0.198785
2281 0.0936975
2282 0.0976925
2283 0.099645
2284 0.100687
2285 0.103335
2286 0.1045
2287 0.10499
2288 0.106173
2289 0.106232
2290 0.106317
2291 0.106027
2292 0.104158
2293 0.103233
2294 0.360808
2295 0.100947
2296 0.100385
2297 0.179273
2298 0.105067
2299 0.107027
2300 0.11153
2301 0.111323
2302 0.11083
2303 0.335012
2304 0.113138
2305 0.053945
2306 0.11139
2307 0.111035
2308 0.1106
2309 0.10823
2310 0.108238
2311 0.108738
2312 0.104858
2313 0.157548
2314 0.096865
2315 0.0920625
2316 0.0885225
2317 0.0868575
2318 4e-05
2319 0.07776
2320 0.113357
2321 0.072085
2322 0.070545
2323 0.069355
2324 0.06504
2325 0.0618225
2326 0.06093
2327 0.059865
2328 0.057865
2329 0.369078
2330 0.053515
2331 0.0517525
2332 0.0498225
2333 0.046055
2334 0.247583
2335 0.0413825
2336 0.03677
2337 0.033305
2338 0.0317975
2339 0.030215
2340 0.0289825
2341 0.027785
2342 0.0262
2343 0.0240625
2344 0.023885
2345 0.02229
2346 0.507803
2347 0.01784
2348 0.016525
2349 0.01739
2350 0.0195475
2351 0.00056
2352 0.0206725
2353 0.020455
2354 0.019045
2355 0.0185475
2356 0.0184925
2357 0.0180525
2358 0.016965
2359 0.0161
2360 0.007485
2361 0.428822
2362 0.00029
2363 0.0165175
2364 0.890288
2365 0.84985
2366 0.016655
2367 0.850023
2368 0.0166825
2369 0.0170325
2370 0.0168825
2371 0.0172925
2372 0.0177125
2373 0.017515
2374 0.017135
2375 0.01689
2376 0.016065
2377 0.0158475
2378 0.015795
2379 0.0149925
2380 0.07507
2381 0.88937
2382 0.0001725
2383 0.02319
2384 0.0359575
2385 0.051265
2386 0.0578325
2387 0.0697225
2388 0.0781775
2389 0.079035
2390 0.080585
2391 0.08454
2392 0.08531
2393 0.253792
2394 0.6086
2395 0.0892075
2396 0.0887425
2397 0.67182
2398 0.0898175
2399 0.84346
2400 0.08864
2401 0.0885825
2402 0.08809
2403 0.08811
2404 0.89004
2405 0.088285
2406 0.0877575
2407 0.08704
2408 0.459005
2409 0.08289
2410 0.0825375
2411 0.0845525
2412 0.0807075
2413 0.0737075
2414 0.06815
2415 0.0609725
2416 0.0607825
2417 0.63537
2418 0.84966
2419 0.0481475
2420 0.040625
2421 0.0355475
2422 0.0326625
2423 0.0269275
2424 0.327302
2425 0.0759625
2426 0.0155525
2427 0.0105775
2428 0.00836
2429 0.004285
2430 0.001545
2431 0.001115
2432 0.011685
2433 0.0245825
2434 0.030555
2435 0.039855
2436 0.746395
2437 0.047525
2438 0.04897
2439 0.0515975
2440 0.0524875
2441 0.05463
2442 0.0556075
2443 0.05594
2444 0.06235
2445 0.05633
2446 0.056475
2447 0.0577225
2448 0.0583125
2449 0.058325
2450 0.057515
2451 0.0565275
2452 0.134865
2453 0.05657
2454 0.056705
2455 0.0557625
2456 0.0551675
2457 0.05565
2458 0.0566325
2459 0.0554425
2460 0.0568525
2461 0.0566025
2462 0.0614
2463 0.45655
2464 0.0452625
2465 0.04076
2466 0.034825
2467 0.032345
2468 0.02851
2469 0.024965
2470 0.023155
2471 0.02019
2472 0.017575
2473 0.0162675
2474 0.01413
2475 0.0149525
2476 0.0168225
2477 0.0183875
2478 0.0163825
2479 0.015845
2480 0.0156875
2481 0.798702
2482 0.0173525
2483 0.0178425
2484 0.0180175
2485 0.0185075
2486 0.0189025
2487 0.381373
2488 0.01901
2489 0.019435
2490 0.0201475
2491 0.0394275
2492 0.019925
2493 0.019755
2494 0.01961
2495 0.0199425
2496 0.02008
2497 0.461023
2498 0.02033
2499 0.0203975
2500 0.0201
2501 0.0199475
2502 0.02025
2503 0.0205125
2504 0.0205575
2505 0.020525
2506 0.33498
2507 0.0263875
2508 0.03507
2509 0.040005
2510 0.0489525
2511 0.05841
2512 0.135683
2513 0.072795
2514 0.075695
2515 0.0756225
2516 0.0759925
2517 0.0758325
2518 0.07644
2519 0.849657
2520 0.080045
2521 0.3029
2522 0.676215
2523 0.085095
2524 0.0850925
2525 0.0868825
2526 0.0887425
2527 0.08969
2528 0.09186
2529 0.0921375
2530 0.091845
2531 0.0915775
2532 0.0913025
2533 0.88562
2534 0.0912625
2535 0.09168
2536 0.0914275
2537 0.09233
2538 0.296413
2539 0.0929275
2540 0.0908725
2541 0.0893825
2542 0.0882125
2543 0.0864125
2544 0.0883075
2545 0.0867325
2546 0.0837425
2547 0.0845775
2548 0.083725
2549 0.078205
2550 0.0731875
2551 0.07193
2552 0.52241
2553 0.064855
2554 0.0625675
2555 0.0577725
2556 0.050785
2557 0.0486025
2558 0.0418575
2559 0.03608
2560 0.0337325
2561 0.0282675
2562 0.11757
2563 0.0206825
2564 0.0163875
2565 0.0120625
2566 0.0097125
2567 0.851555
2568 0.0041725
2569 0.339483
2570 0.886725
2571 0.87534
2572 0.0015275
2573 0.00163
2574 0.0017075
2575 0.00169
2576 0.001725
2577 0.0016775
2578 0.00171
2579 0.0016775
2580 0.0016175
2581 0.001645
2582 0.0015625
2583 0.360588
2584 0.001525
2585 0.00211
2586 0.002035
2587 0.00202
2588 0.00188
2589 0.8871
2590 0.0929525
2591 0.0018525
2592 0.0018725
2593 0.180427
2594 0.00185
2595 0.0018225
2596 0.0017725
2597 0.0017875
2598 0.00172
2599 0.0017
2600 0.00169
2601 0.00173
2602 0.001735
2603 0.0017375
2604 0.00176
2605 0.0017775
2606 0.0018675
2607 0.0019075
2608 0.0019125
2609 0.0019025
2610 0.0019875
2611 0.0018975
2612 0.0017925
2613 0.0017025
2614 0.001645
2615 0.00177
2616 0.0017575
2617 0.00402
2618 0.154825
2619 0.549665
2620 0.001715
2621 0.00176
2622 0.001805
2623 0.002695
2624 0.00967
2625 0.850762
2626 0.851075
2627 0.0330975
2628 0.0398175
2629 0.043735
2630 0.531705
2631 0.048695
2632 0.04961
2633 0.052165
2634 0.0529575
2635 0.293035
2636 0.45335
2637 0.07026
2638 0.0753025
2639 0.0858075
2640 0.09679
2641 0.810863
2642 0.117055
2643 0.13141
2644 0.138027
2645 0.154353
2646 0.162995
2647 0.16914
2648 0.182998
2649 0.191355
2650 0.194983
2651 0.208295
2652 0.211058
2653 0.211295
2654 0.21365
2655 0.49203
2656 0.214987
2657 0.2184
2658 0.219392
2659 0.218647
2660 0.221578
2661 0.219562
2662 0.218755
2663 0.213363
2664 0.596622
2665 0.20463
2666 0.199285
2667 0.197465
2668 0.19898
2669 0.198285
2670 0.199027
2671 0.199267
2672 0.19806
2673 0.203168
2674 0.213243
2675 0.207355
2676 0.206687
2677 0.205012
2678 0.20001
2679 0.193162
2680 0.183523
2681 0.176833
2682 0.84958
2683 0.400442
2684 0.163445
2685 0.155335
2686 0.153792
2687 0.15136
2688 0.362183
2689 0.146097
2690 0.13914
2691 0.134297
2692 0.785332
2693 0.296185
2694 0.121948
2695 0.11874
2696 0.112115
2697 0.106377
2698 0.85161
2699 0.8982
2700 0.0941925
2701 0.647145
2702 0.084985
2703 0.85063
2704 0.0766275
2705 0.07195
2706 0.06793
2707 0.0662425
2708 0.06385
2709 0.06394
2710 0.06458
2711 0.886173
2712 0.0655275
2713 0.0658125
2714 0.066415
2715 0.0667825
2716 0.066425
2717 0.0665275
2718 0.066075
2719 0.0628975
2720 0.0630325
2721 0.063215
2722 0.0634725
2723 0.0633075
2724 0.0640075
2725 0.0638775
2726 0.06649
2727 0.072715
2728 0.0763225
2729 0.0840825
2730 0.09117
2731 0.0945475
2732 0.100373
2733 0.104233
2734 0.10425
2735 0.108262
2736 0.1109
2737 0.648285
2738 0.11194
2739 0.864398
2740 0.11343
2741 0.11403
2742 0.114785
2743 0.115498
2744 0.70203
2745 0.711475
2746 0.118267
2747 0.119828
2748 0.122325
2749 0.123105
2750 0.12376
2751 0.123938
2752 0.124345
2753 0.124815
2754 0.126665
2755 0.126895
2756 0.12806
2757 0.127515
2758 0.69135
2759 0.862348
2760 0.129507
2761 0.130282
2762 0.13047
2763 0.343772
2764 0.131967
2765 0.13226
2766 0.132835
2767 0.133628
2768 0.133815
2769 0.133545
2770 0.133887
2771 0.133898
2772 0.13503
2773 0.135492
2774 0.373067
2775 0.135697
2776 0.13579
2777 0.13695
2778 0.138373
2779 0.888855
2780 0.13999
2781 0.141775
2782 0.14279
2783 0.141955
2784 0.348185
2785 0.142565
2786 0.141712
2787 0.140692
2788 0.18578
2789 0.142297
2790 0.14269
2791 0.143072
2792 0.14278
2793 0.142685
2794 0.142478
2795 0.142725
2796 0.142662
2797 0.142595
2798 0.14266
2799 0.142388
2800 0.142267
2801 0.14239
2802 0.142267
2803 0.142097
2804 0.142008
2805 0.142437
2806 0.142253
2807 0.142992
2808 0.33581
2809 0.142873
2810 0.142765
2811 0.142607
2812 0.143077
2813 0.14381
2814 0.143365
2815 0.537643
2816 0.15549
2817 0.143905
2818 0.14381
2819 0.144187
2820 0.14418
2821 0.14442
2822 0.144648
2823 0.144338
2824 0.144338
2825 0.14434
2826 0.143833
2827 0.56388
2828 0.14339
2829 0.521872
2830 0.143223
2831 0.142918
2832 0.14308
2833 0.14341
2834 0.143407
2835 0.146455
2836 0.146822
2837 0.728217
2838 0.146813
2839 0.14675
2840 0.146558
2841 0.145868
2842 0.145705
2843 0.144717
2844 0.17064
2845 0.428573
2846 0.890447
2847 0.257862
2848 0.144932
2849 0.233355
2850 0.145937
2851 0.145657
2852 0.30359
2853 0.14583
2854 0.146067
2855 0.14618
2856 0.146122
2857 0.146322
2858 0.146652
2859 0.146675
2860 0.145427
2861 0.14582
2862 0.145907
2863 0.14608
2864 0.87479
2865 0.146975
2866 0.147092
2867 0.147885
2868 0.148528
2869 0.239753
2870 0.149987
2871 0.14605
2872 0.146175
2873 0.146278
2874 0.146425
2875 0.854703
2876 0.14545
2877 0.144898
2878 0.14549
2879 0.146655
2880 0.149283
2881 0.151815
2882 0.153265
2883 0.154592
2884 0.155597
2885 0.15625
2886 0.15475
2887 0.155727
2888 0.15587
2889 0.15597
2890 0.1572
2891 0.157185
2892 0.1565
2893 0.153635
2894 0.152668
2895 0.152418
2896 0.152487
2897 0.152672
2898 0.153418
2899 0.153325
2900 0.153067
2901 0.153317
2902 0.153615
2903 0.15346
2904 0.152877
2905 0.152138
2906 0.151922
2907 0.152003
2908 0.152388
2909 0.152482
2910 0.151955
2911 0.152035
2912 0.151835
2913 0.151515
2914 0.151505
2915 0.151493
2916 0.52233
2917 0.150938
2918 0.15084
2919 0.15031
2920 0.164288
2921 0.150023
2922 0.150033
2923 0.15022
2924 0.15013
2925 0.150298
2926 0.150125
2927 0.150102
2928 0.150075
2929 0.149975
2930 0.150012
2931 0.150745
2932 0.18367
2933 0.152615
2934 0.155518
2935 0.156342
2936 0.1563
2937 0.156565
2938 0.15744
2939 0.157663
2940 0.158472
2941 0.63699
2942 0.159663
2943 0.160318
2944 0.161345
2945 0.162153
2946 0.164323
2947 0.16774
2948 0.169185
2949 0.245455
2950 0.17481
2951 0.176033
2952 0.17767
2953 0.180617
2954 0.182117
2955 0.187855
2956 0.240113
2957 0.194827
2958 0.199305
2959 0.381625
2960 0.420287
2961 0.21895
2962 0.22344
2963 0.225717
2964 0.23194
2965 0.201582
2966 0.2393
2967 0.244445
2968 0.249775
2969 0.255035
2970 0.261452
2971 0.267225
2972 0.269143
2973 0.277147
2974 0.285697
2975 0.288928
2976 0.294602
2977 0.30055
2978 0.281622
2979 0.324925
2980 0.312072
2981 0.280975
2982 0.322335
2983 0.32991
2984 0.333493
2985 0.337817
2986 0.252355
2987 0.355075
2988 0.365098
2989 0.36851
2990 0.37449
2991 0.470183
2992 0.396263
2993 0.40409
2994 0.4125
2995 0.419237
2996 0.42354
2997 0.430847
2998 0.454533
2999 0.466845
3000 0.538215
3001 0.724927
3002 0.532698
3003 0.549292
3004 0.56938
3005 0.63835
3006 0.571897
3007 0.22045
3008 0.61081
3009 0.618313
3010 0.625598
3011 0.68068
3012 0.684098
3013 0.68812
3014 0.688303
3015 0.696755
3016 0.718378
3017 0.742145
3018 0.755733
3019 0.769532
3020 0.77716
3021 0.78511
3022 0.789863
3023 0.79337
3024 0.797368
3025 0.795635
3026 0.79964
3027 0.819665
3028 0.807915
3029 0.80982
3030 0.818527
3031 0.82661
3032 0.829342
3033 0.831723
3034 0.80697
3035 0.837387
3036 0.211423
3037 0.785675
3038 0.862703
3039 0.855885
3040 0.85561
3041 0.84967
3042 0.838853
3043 0.825863
3044 0.82436
3045 0.816828
3046 0.814932
3047 0.811623
3048 0.809943
3049 0.807468
3050 0.805233
3051 0.803517
3052 0.801353
3053 0.800095
3054 0.799527
3055 0.798702
3056 0.79839
3057 0.801893
3058 0.80438
3059 0.793423
3060 0.806335
3061 0.815395
3062 0.815965
3063 0.56462
3064 0.818503
3065 0.817765
3066 0.818163
3067 0.817407
3068 0.81746
3069 0.816128
3070 0.816085
3071 0.815623
3072 0.815128
3073 0.814052
3074 0.814773
3075 0.813815
3076 0.815155
3077 0.819015
3078 0.819703
3079 0.822512
3080 0.823905
3081 0.82792
3082 0.208135
3083 0.83341
3084 0.834483
3085 0.8345
3086 0.844017
3087 0.841712
3088 0.8407
3089 0.840653
3090 0.839263
3091 0.858518
3092 0.837075
3093 0.837477
3094 0.820523
3095 0.835333
3096 0.83512
3097 0.832093
3098 0.831385
3099 0.830313
3100 0.829553
3101 0.82905
3102 0.820975
3103 0.831505
3104 0.830555
3105 0.8313
3106 0.830055
3107 0.827882
3108 0.82729
3109 0.827025
3110 0.826322
3111 0.823905
3112 0.823795
3113 0.805103
3114 0.82087
3115 0.819157
3116 0.816965
3117 0.815697
3118 0.815732
3119 0.81403
3120 0.813573
3121 0.814383
3122 0.813922
3123 0.814518
3124 0.814837
3125 0.814122
3126 0.815257
3127 0.816455
3128 0.78984
3129 0.8161
3130 0.745625
3131 0.815157
3132 0.814835
3133 0.814475
3134 0.813603
3135 0.811917
3136 0.810935
3137 0.809628
3138 0.810253
3139 0.809113
3140 0.807705
3141 0.810427
3142 0.808013
3143 0.80621
3144 0.674148
3145 0.80443
3146 0.803442
3147 0.80348
3148 0.486085
3149 0.802952
3150 0.802527
3151 0.801615
3152 0.8017
3153 0.800987
3154 0.801018
3155 0.800987
3156 0.800342
3157 0.800415
3158 0.800787
3159 0.80062
3160 0.800092
3161 0.802305
3162 0.802685
3163 0.803198
3164 0.803535
3165 0.803045
3166 0.5007
3167 0.802875
3168 0.802335
3169 0.802715
3170 0.802527
3171 0.80111
3172 0.800857
3173 0.800597
3174 0.801
3175 0.558735
3176 0.800612
3177 0.800455
3178 0.801525
3179 0.80292
3180 0.678397
3181 0.801275
3182 0.801628
3183 0.800647
3184 0.800855
3185 0.80077
3186 0.800345
3187 0.799602
3188 0.798802
3189 0.797955
3190 0.797157
3191 0.796905
3192 0.796207
3193 0.795957
3194 0.795708
3195 0.795555
3196 0.795655
3197 0.795675
3198 0.795467
3199 0.795063
3200 0.79519
3201 0.765373
3202 0.794408
3203 0.794177
3204 0.793972
3205 0.468285
3206 0.218835
3207 0.218647
3208 0.793183
3209 0.548083
3210 0.792978
3211 0.788107
3212 0.78851
3213 0.78719
3214 0.784775
3215 0.719025
3216 0.788003
3217 0.7869
3218 0.786937
3219 0.787327
3220 0.78802
3221 0.78729
3222 0.78749
3223 0.787748
3224 0.780975
3225 0.786127
3226 0.785905
3227 0.786022
3228 0.785595
3229 0.283325
3230 0.60668
3231 0.783817
3232 0.783985
3233 0.78376
3234 0.783817
3235 0.783587
3236 0.786505
3237 0.786732
3238 0.78709
3239 0.787367
3240 0.787625
3241 0.786937
3242 0.78679
3243 0.452103
3244 0.78654
3245 0.786358
3246 0.7858
3247 0.3249
3248 0.784948
3249 0.784558
3250 0.784682
3251 0.648717
3252 0.784868
3253 0.78522
3254 0.78509
3255 0.74175
3256 0.78446
3257 0.784308
3258 0.78434
3259 0.784632
3260 0.784485
3261 0.30823
3262 0.786415
3263 0.786713
3264 0.7872
3265 0.787495
3266 0.717867
3267 0.78592
3268 0.48727
3269 0.695388
3270 0.786523
3271 0.787018
3272 0.786985
3273 0.787072
3274 0.787147
3275 0.787062
3276 0.787772
3277 0.788948
3278 0.789003
3279 0.78901
3280 0.78915
3281 0.789635
3282 0.790173
3283 0.3912
3284 0.790478
3285 0.79074
3286 0.798805
3287 0.798253
3288 0.79765
3289 0.797285
3290 0.796717
3291 0.797195
3292 0.797345
3293 0.797545
3294 0.797857
3295 0.797538
3296 0.797565
3297 0.508755
3298 0.796597
3299 0.796432
3300 0.758387
3301 0.795755
3302 0.795713
3303 0.795767
3304 0.795955
3305 0.795942
3306 0.796155
3307 0.796257
3308 0.79685
3309 0.797077
3310 0.79785
3311 0.796717
3312 0.797122
3313 0.795708
3314 0.795002
3315 0.795795
3316 0.457027
3317 0.795503
3318 0.79654
3319 0.79621
3320 0.795687
3321 0.188762
3322 0.471942
3323 0.795447
3324 0.79525
3325 0.795828
3326 0.795802
3327 0.796715
3328 0.7955
3329 0.795885
3330 0.79552
3331 0.794998
3332 0.794887
3333 0.794605
3334 0.793985
3335 0.79374
3336 0.791665
3337 0.791502
3338 0.790983
3339 0.79078
3340 0.08913
3341 0.790578
3342 0.790473
3343 0.790532
3344 0.789582
3345 0.78927
3346 0.78815
3347 0.39429
3348 0.787068
3349 0.36736
3350 0.570115
3351 0.785863
3352 0.785462
3353 0.78535
3354 0.785545
3355 0.78571
3356 0.435237
3357 0.7862
3358 0.786282
3359 0.786467
3360 0.786722
3361 0.788678
3362 0.758058
3363 0.7879
3364 0.78837
3365 0.767323
3366 0.787805
3367 0.78702
3368 0.786775
3369 0.475285
3370 0.786597
3371 0.786403
3372 0.786617
3373 0.786395
3374 0.785968
3375 0.785928
3376 0.78588
3377 0.785675
3378 0.785748
3379 0.786007
3380 0.786725
3381 0.786105
3382 0.786602
3383 0.786475
3384 0.70762
3385 0.785698
3386 0.78722
3387 0.786763
3388 0.786552
3389 0.787147
3390 0.786935
3391 0.786658
3392 0.76969
3393 0.786545
3394 0.450135
3395 0.075375
3396 0.745065
3397 0.785957
3398 0.785875
3399 0.785698
3400 0.785663
3401 0.762685
3402 0.785722
3403 0.785722
3404 0.168595
3405 0.78557
3406 0.785737
3407 0.785667
3408 0.785558
3409 0.0735575
3410 0.785613
3411 0.784512
3412 0.784502
3413 0.784757
3414 0.78433
3415 0.784713
3416 0.784615
3417 0.78446
3418 0.784035
3419 0.712035
3420 0.783915
3421 0.783672
3422 0.78382
3423 0.783957
3424 0.78379
3425 0.784578
3426 0.78471
3427 0.76023
3428 0.78461
3429 0.785068
3430 0.785382
3431 0.785565
3432 0.776632
3433 0.787525
3434 0.789068
3435 0.794547
3436 0.807283
3437 0.806705
3438 0.80648
3439 0.806628
3440 0.806993
3441 0.807037
3442 0.807617
3443 0.405925
3444 0.35341
3445 0.809813
3446 0.811025
3447 0.811555
3448 0.8115
3449 0.811712
3450 0.81245
3451 0.812815
3452 0.813033
3453 0.813377
3454 0.813388
3455 0.813425
3456 0.327643
3457 0.813385
3458 0.813758
3459 0.81435
3460 0.81419
3461 0.435915
3462 0.819643
3463 0.819327
3464 0.81893
3465 0.807303
3466 0.819157
3467 0.819235
3468 0.77681
3469 0.819315
3470 0.819508
3471 0.7757
3472 0.179432
3473 0.245985
3474 0.819475
3475 0.81998
3476 0.82002
3477 0.18825
3478 0.819928
3479 0.820067
3480 0.820098
3481 0.82014
3482 0.82052
3483 0.820505
3484 0.82058
3485 0.820693
3486 0.492965
3487 0.82208
3488 0.622622
3489 0.820665
3490 0.820403
3491 0.82043
3492 0.821257
3493 0.821102
3494 0.092825
3495 0.821168
3496 0.820835
3497 0.821708
3498 0.822078
3499 0.821858
3500 0.822805
3501 0.822322
3502 0.822365
3503 0.822605
3504 0.821752
3505 0.821812
3506 0.822122
3507 0.08201
3508 0.82225
3509 0.822098
3510 0.816057
3511 0.822998
3512 0.411658
3513 0.82171
3514 0.816773
3515 0.821815
3516 0.821093
3517 0.820295
3518 0.820752
3519 0.820345
3520 0.820427
3521 0.820735
3522 0.820277
3523 0.820353
3524 0.820227
3525 0.820052
3526 0.820603
3527 0.82105
3528 0.822935
3529 0.820025
3530 0.82032
3531 0.82035
3532 0.820312
3533 0.820213
3534 0.820817
3535 0.820312
3536 0.819875
3537 0.819665
3538 0.37744
3539 0.81983
3540 0.819963
3541 0.819617
3542 0.819715
3543 0.587195
3544 0.819523
3545 0.81946
3546 0.819577
3547 0.81952
3548 0.819532
3549 0.732085
3550 0.81948
3551 0.819145
3552 0.819093
3553 0.81911
3554 0.820263
3555 0.390968
3556 0.819952
3557 0.81998
3558 0.81982
3559 0.819645
3560 0.81972
3561 0.819185
3562 0.819072
3563 0.81907
3564 0.81892
3565 0.819295
3566 0.819345
3567 0.832235
3568 0.819617
3569 0.819728
3570 0.81161
3571 0.811353
3572 0.811362
3573 0.74247
3574 0.811163
3575 0.810865
3576 0.810627
3577 0.812558
3578 0.812593
3579 0.812693
3580 0.597017
3581 0.50996
3582 0.81446
3583 0.814362
3584 0.815183
3585 0.815325
3586 0.815168
3587 0.815113
3588 0.815593
3589 0.815608
3590 0.815482
3591 0.815745
3592 0.815778
3593 0.816913
3594 0.817025
3595 0.814567
3596 0.814335
3597 0.81469
3598 0.737115
3599 0.814427
3600 0.24251
3601 0.816503
3602 0.816475
3603 0.816307
3604 0.816315
3605 0.816405
3606 0.80692
3607 0.817265
3608 0.817195
3609 0.837082
3610 0.81766
3611 0.817697
3612 0.817767
3613 0.81768
3614 0.81763
3615 0.817503
3616 0.817615
3617 0.817512
3618 0.81821
3619 0.818102
3620 0.813002
3621 0.811623
3622 0.81213
3623 0.811433
3624 0.81382
3625 0.813527
3626 0.813362
3627 0.747613
3628 0.813277
3629 0.813288
3630 0.81289
3631 0.81409
3632 0.813738
3633 0.814102
3634 0.81462
3635 0.814295
3636 0.81448
3637 0.81418
3638 0.813662
3639 0.813952
3640 0.814235
3641 0.814673
3642 0.81471
3643 0.81441
3644 0.814688
3645 0.822497
3646 0.812908
3647 0.812867
3648 0.812738
3649 0.812187
3650 0.811565
3651 0.811863
3652 0.81191
3653 0.812288
3654 0.773572
3655 0.688665
3656 0.812805
3657 0.812808
3658 0.812952
3659 0.81348
3660 0.481552
3661 0.077365
3662 0.813492
3663 0.81335
3664 0.813512
3665 0.813577
3666 0.830472
3667 0.570893
3668 0.813747
3669 0.813872
3670 0.807342
3671 0.807605
3672 0.807203
3673 0.808078
3674 0.825782
3675 0.842627
3676 0.809908
3677 0.810052
3678 0.825388
3679 0.810828
3680 0.811925
3681 0.81404
3682 0.761918
3683 0.816115
3684 0.81795
3685 0.815545
3686 0.815577
3687 0.81523
3688 0.815083
3689 0.815368
3690 0.81521
3691 0.815407
3692 0.815242
3693 0.81555
3694 0.815593
3695 0.81214
3696 0.810963
3697 0.812333
3698 0.812453
3699 0.81241
3700 0.83034
3701 0.811985
3702 0.811738
3703 0.812495
3704 0.812575
3705 0.8129
3706 0.81288
3707 0.812758
3708 0.81277
3709 0.812565
3710 0.812685
3711 0.813035
3712 0.81375
3713 0.813427
3714 0.813595
3715 0.813627
3716 0.814298
3717 0.814177
3718 0.813667
3719 0.81408
3720 0.815915
3721 0.816065
3722 0.815605
3723 0.815675
3724 0.815457
3725 0.815755
3726 0.815538
3727 0.81558
3728 0.815067
3729 0.815272
3730 0.81534
3731 0.81519
3732 0.81568
3733 0.815272
3734 0.815307
3735 0.608683
3736 0.815773
3737 0.815712
3738 0.815538
3739 0.81541
3740 0.815582
3741 0.851515
3742 0.816275
3743 0.81625
3744 0.816407
3745 0.521085
3746 0.810025
3747 0.809458
3748 0.810087
3749 0.813403
3750 0.813362
3751 0.812723
3752 0.81263
3753 0.812617
3754 0.81303
3755 0.83641
3756 0.815333
3757 0.815442
3758 0.81513
3759 0.815345
3760 0.815405
3761 0.814817
3762 0.81457
3763 0.814115
3764 0.814298
3765 0.81349
3766 0.813312
3767 0.812612
3768 0.812007
3769 0.811512
3770 0.805702
3771 0.80498
3772 0.80516
3773 0.805615
3774 0.806248
3775 0.806318
3776 0.80655
3777 0.80683
3778 0.776855
3779 0.686943
3780 0.80709
3781 0.82284
3782 0.80918
3783 0.808848
3784 0.808952
3785 0.08446
3786 0.809628
3787 0.810137
3788 0.115017
3789 0.809312
3790 0.0855175
3791 0.809395
3792 0.809368
3793 0.809133
3794 0.809033
3795 0.813333
3796 0.812625
3797 0.81261
3798 0.812763
3799 0.811213
3800 0.809845
3801 0.73032
3802 0.80798
3803 0.807375
3804 0.80356
3805 0.809435
3806 0.804423
3807 0.804225
3808 0.804057
3809 0.805987
3810 0.812615
3811 0.813872
3812 0.81708
3813 0.818218
3814 0.81825
3815 0.81838
3816 0.821793
3817 0.82218
3818 0.825085
3819 0.825205
3820 0.727298
3821 0.834433
3822 0.833987
3823 0.834035
3824 0.834233
3825 0.834115
3826 0.764563
3827 0.833815
3828 0.833618
3829 0.834002
3830 0.142827
3831 0.83458
3832 0.834542
3833 0.834653
3834 0.582222
3835 0.835023
3836 0.835032
3837 0.835128
3838 0.834878
3839 0.834718
3840 0.834723
3841 0.834785
3842 0.834525
3843 0.83453
3844 0.83455
3845 0.838548
3846 0.834937
3847 0.834735
3848 0.834815
3849 0.834498
3850 0.834515
3851 0.834618
3852 0.834455
3853 0.834665
3854 0.834618
3855 0.834715
3856 0.834642
3857 0.0889625
3858 0.583242
3859 0.83509
3860 0.83438
3861 0.83463
3862 0.834475
3863 0.834505
3864 0.389493
3865 0.834385
3866 0.834333
3867 0.834547
3868 0.834217
3869 0.83487
3870 0.835457
3871 0.835202
3872 0.836122
3873 0.835278
3874 0.83517
3875 0.835457
3876 0.835735
3877 0.835893
3878 0.835812
3879 0.836445
3880 0.836015
3881 0.836335
3882 0.83574
3883 0.83526
3884 0.83543
3885 0.835242
3886 0.83555
3887 0.834982
3888 0.834817
3889 0.834595
3890 0.834775
3891 0.83431
3892 0.834278
3893 0.834095
3894 0.833965
3895 0.434855
3896 0.835712
3897 0.836063
3898 0.836395
3899 0.836063
3900 0.396232
3901 0.836522
3902 0.836207
3903 0.836377
3904 0.836278
3905 0.836005
3906 0.836437
3907 0.835845
3908 0.835955
3909 0.835568
3910 0.83541
3911 0.859328
3912 0.83531
3913 0.835407
3914 0.832527
3915 0.834665
3916 0.8345
3917 0.85718
3918 0.834575
3919 0.835048
3920 0.833445
3921 0.833527
3922 0.83349
3923 0.833665
3924 0.833805
3925 0.833825
3926 0.833718
3927 0.833873
3928 0.67241
3929 0.83394
3930 0.757395
3931 0.833852
3932 0.83418
3933 0.63222
3934 0.835202
3935 0.834803
3936 0.8351
3937 0.834955
3938 0.835032
3939 0.834973
3940 0.834893
3941 0.834997
3942 0.834963
3943 0.834967
3944 0.834758
3945 0.837132
3946 0.306968
3947 0.376312
3948 0.837573
3949 0.837522
3950 0.837298
3951 0.836588
3952 0.840503
3953 0.836658
3954 0.83655
3955 0.836248
3956 0.836505
3957 0.83658
3958 0.836498
3959 0.836805
3960 0.836963
3961 0.83706
3962 0.821627
3963 0.836008
3964 0.0892825
3965 0.83606
3966 0.836415
3967 0.816632
3968 0.837178
3969 0.836718
3970 0.837372
3971 0.83766
3972 0.83752
3973 0.838472
3974 0.761382
3975 0.836825
3976 0.83686
3977 0.836465
3978 0.836398
3979 0.83753
3980 0.837063
3981 0.836565
3982 0.836398
3983 0.83534
3984 0.835348
3985 0.835353
3986 0.834955
3987 0.78835
3988 0.834902
3989 0.835932
3990 0.835692
3991 0.836313
3992 0.836485
3993 0.83612
3994 0.716457
3995 0.840827
3996 0.83744
3997 0.836732
3998 0.742395
3999 0.257472
4000 0.800747
4001 0.837415
4002 0.844745
4003 0.837635
4004 0.83756
4005 0.837477
4006 0.837568
4007 0.837287
4008 0.835765
4009 0.837292
4010 0.837252
4011 0.83727
4012 0.837392
4013 0.837753
4014 0.355608
4015 0.871583
4016 0.837635
4017 0.837205
4018 0.837035
4019 0.837045
4020 0.835425
4021 0.835682
4022 0.835515
4023 0.83553
4024 0.835633
4025 0.836137
4026 0.8362
4027 0.836348
4028 0.836233
4029 0.836067
4030 0.836167
4031 0.836272
4032 0.835917
4033 0.835915
4034 0.83515
4035 0.83522
4036 0.122592
4037 0.834377
4038 0.83398
4039 0.833588
4040 0.833555
4041 0.833627
4042 0.828442
4043 0.833287
4044 0.833025
4045 0.833875
4046 0.832412
4047 0.831553
4048 0.832318
4049 0.831727
4050 0.832488
4051 0.83241
4052 0.832415
4053 0.83284
4054 0.484177
4055 0.831985
4056 0.833357
4057 0.83286
4058 0.83374
4059 0.833843
4060 0.833845
4061 0.834333
4062 0.834313
4063 0.834568
4064 0.83549
4065 0.835812
4066 0.836577
4067 0.837015
4068 0.837325
4069 0.83812
4070 0.83833
4071 0.86022
4072 0.83778
4073 0.838047
4074 0.837905
4075 0.577573
4076 0.837785
4077 0.837805
4078 0.8367
4079 0.188715
4080 0.836705
4081 0.668898
4082 0.836747
4083 0.83704
4084 0.83711
4085 0.83688
4086 0.836827
4087 0.836682
4088 0.837105
4089 0.837087
4090 0.837477
4091 0.837453
4092 0.837222
4093 0.837573
4094 0.83701
4095 0.852705
4096 0.838817
4097 0.838797
4098 0.16926
4099 0.838655
4100 0.838363
4101 0.845862
4102 0.838495
4103 0.838592
4104 0.838295
4105 0.838897
4106 0.839195
4107 0.838718
4108 0.842548
4109 0.838823
4110 0.821065
4111 0.83885
4112 0.83806
4113 0.837943
4114 0.779632
4115 0.837882
4116 0.837878
4117 0.837795
4118 0.837858
4119 0.838052
4120 0.597387
4121 0.84191
4122 0.83977
4123 0.83981
4124 0.213455
4125 0.598067
4126 0.83977
4127 0.839747
4128 0.839727
4129 0.839905
4130 0.84002
4131 0.84066
4132 0.84837
4133 0.840395
4134 0.839947
4135 0.848647
4136 0.840245
4137 0.839855
4138 0.83957
4139 0.839775
4140 0.839295
4141 0.839488
4142 0.839365
4143 0.839575
4144 0.839117
4145 0.841522
4146 0.840978
4147 0.84107
4148 0.840668
4149 0.84028
4150 0.839573
4151 0.83914
4152 0.838668
4153 0.838355
4154 0.837555
4155 0.856503
4156 0.836952
4157 0.837067
4158 0.83666
4159 0.836372
4160 0.83593
4161 0.835808
4162 0.83508
4163 0.835145
4164 0.83504
4165 0.83516
4166 0.834777
4167 0.83474
4168 0.834675
4169 0.834225
4170 0.600835
4171 0.834638
4172 0.834207
4173 0.834292
4174 0.833893
4175 0.83426
4176 0.834615
4177 0.83504
4178 0.835395
4179 0.835573
4180 0.83767
4181 0.83548
4182 0.830547
4183 0.836285
4184 0.835888
4185 0.84547
4186 0.83671
4187 0.838718
4188 0.83867
4189 0.839908
4190 0.841775
4191 0.842712
4192 0.842823
4193 0.842915
4194 0.842738
4195 0.842352
4196 0.840217
4197 0.84249
4198 0.842125
4199 0.84257
4200 0.842215
4201 0.842727
4202 0.843647
4203 0.843595
4204 0.843982
4205 0.854648
4206 0.84434
4207 0.846002
4208 0.822008
4209 0.848592
4210 0.850695
4211 0.851765
4212 0.852378
4213 0.854515
4214 0.855645
4215 0.857167
4216 0.860815
4217 0.864245
4218 0.844975
4219 0.86794
4220 0.871225
4221 0.872273
4222 0.85995
4223 0.874698
4224 0.87505
4225 0.874885
4226 0.874692
4227 0.875145
4228 0.875742
4229 0.875483
4230 0.876703
4231 0.876365
4232 0.876147
4233 0.875108
4234 0.878733
4235 0.87987
4236 0.88072
4237 0.88208
4238 0.88233
4239 0.882925
4240 0.862213
4241 0.879363
4242 0.88684
4243 0.875015
4244 0.869138
4245 0.868483
4246 0.865613
4247 0.864995
4248 0.865785
4249 0.862235
4250 0.861607
4251 0.860507
4252 0.858028
4253 0.856735
4254 0.763162
4255 0.847705
4256 0.845795
4257 0.84504
4258 0.806845
4259 0.848975
4260 0.85025
4261 0.143415
4262 0.35523
4263 0.847653
4264 0.850607
4265 0.852435
4266 0.853415
4267 0.858295
4268 0.858502
4269 0.858832
4270 0.855553
4271 0.859527
4272 0.849618
4273 0.864587
4274 0.632515
4275 0.87018
4276 0.87259
4277 0.876788
4278 0.877015
4279 0.879238
4280 0.883898
4281 0.88532
4282 0.887628
4283 0.88977
4284 0.861125
4285 0.892633
4286 0.89169
4287 0.890872
4288 0.890475
4289 0.8865
4290 0.885563
4291 0.88077
4292 0.878923
4293 0.855093
4294 0.843792
4295 0.825863
4296 0.827645
4297 0.82785
4298 0.825473
4299 0.82401
4300 0.819958
4301 0.817453
4302 0.81694
4303 0.813055
4304 0.808915
4305 0.808002
4306 0.892968
4307 0.41074
4308 0.889405
4309 0.888652
4310 0.88772
4311 0.885593
4312 0.883557
4313 0.884415
4314 0.883877
4315 0.88172
4316 0.881365
4317 0.872332
4318 0.86744
4319 0.86574
4320 0.86533
4321 0.86543
4322 0.858028
4323 0.844633
4324 0.88954
4325 0.83704
4326 0.83016
4327 0.806107
4328 0.798325
4329 0.787138
4330 0.851313
4331 0.783188
4332 0.779347
4333 0.773763
4334 0.772798
4335 0.769643
4336 0.88899
4337 0.163225
4338 0.767378
4339 0.767633
4340 0.83215
4341 0.768085
4342 0.771062
4343 0.771502
4344 0.158755
4345 0.74512
4346 0.157958
4347 0.748592
4348 0.75092
4349 0.282882
4350 0.75233
4351 0.750765
4352 0.74944
4353 0.74948
4354 0.747243
4355 0.74575
4356 0.742305
4357 0.15525
4358 0.73806
4359 0.295108
4360 0.73173
4361 0.730428
4362 0.728912
4363 0.728058
4364 0.727267
4365 0.728075
4366 0.725923
4367 0.702213
4368 0.800715
4369 0.71799
4370 0.719345
4371 0.723507
4372 0.720585
4373 0.205058
4374 0.750378
4375 0.72193
4376 0.72443
4377 0.72682
4378 0.695055
4379 0.69303
4380 0.700457
4381 0.334008
4382 0.699975
4383 0.694627
4384 0.6901
4385 0.68882
4386 0.685253
4387 0.676785
4388 0.674937
4389 0.665205
4390 0.664227
4391 0.894643
4392 0.657168
4393 0.627715
4394 0.62388
4395 0.620835
4396 0.614947
4397 0.611055
4398 0.603762
4399 0.596715
4400 0.594318
4401 0.586565
4402 0.578745
4403 0.253142
4404 0.441402
4405 0.559908
4406 0.555477
4407 0.549445
4408 0.532735
4409 0.532038
4410 0.529778
4411 0.522378
4412 0.519663
4413 0.290083
4414 0.903253
4415 0.53789
4416 0.55677
4417 0.56412
4418 0.565605
4419 0.566033
4420 0.591512
4421 0.594718
4422 0.595433
4423 0.80142
4424 0.61346
4425 0.61782
4426 0.615185
4427 0.550185
4428 0.61874
4429 0.61748
4430 0.61688
4431 0.615663
4432 0.61852
4433 0.617263
4434 0.61331
4435 0.607433
4436 0.606398
4437 0.602707
4438 0.597838
4439 0.595695
4440 0.597927
4441 0.603252
4442 0.605005
4443 0.605688
4444 0.602235
4445 0.608158
4446 0.61652
4447 0.621325
4448 0.627005
4449 0.629822
4450 0.629685
4451 0.627962
4452 0.622138
4453 0.74775
4454 0.62066
4455 0.620138
4456 0.617295
4457 0.888855
4458 0.621613
4459 0.621252
4460 0.42912
4461 0.626655
4462 0.62903
4463 0.90504
4464 0.641567
4465 0.633478
4466 0.638188
4467 0.660105
4468 0.652045
4469 0.90294
4470 0.660305
4471 0.667053
4472 0.673785
4473 0.688338
4474 0.695893
4475 0.68439
4476 0.68474
4477 0.68728
4478 0.66302
4479 0.66117
4480 0.664833
4481 0.665787
4482 0.628335
4483 0.628452
4484 0.626602
4485 0.62422
4486 0.59497
4487 0.593368
4488 0.594685
4489 0.594677
4490 0.594945
4491 0.598685
4492 0.599047
4493 0.597775
4494 0.59435
4495 0.601782
4496 0.604885
4497 0.609995
4498 0.615825
4499 0.77817
4500 0.78338
4501 0.634247
4502 0.63826
4503 0.664695
4504 0.82724
4505 0.480335
4506 0.89879
4507 0.712418
4508 0.715445
4509 0.743825
4510 0.753158
4511 0.757358
4512 0.778118
4513 0.78933
4514 0.796957
4515 0.823967
4516 0.835862
4517 0.840612
4518 0.853785
4519 0.859938
4520 0.863027
4521 0.439305
4522 0.869742
4523 0.870548
4524 0.883343
4525 0.888058
4526 0.877047
4527 0.901487
4528 0.90594
4529 0.908985
4530 0.912197
4531 0.219775
4532 0.916225
4533 0.91817
4534 0.916693
4535 0.922567
4536 0.923552
4537 0.925195
4538 0.93143
4539 0.92549
4540 0.92669
4541 0.927022
4542 0.928037
4543 0.928245
4544 0.92979
4545 0.928135
4546 0.881443
4547 0.920473
4548 0.919105
4549 0.916493
4550 0.913573
4551 0.911998
4552 0.907145
4553 0.904177
4554 0.900813
4555 0.898397
4556 0.896735
4557 0.884308
4558 0.873982
4559 0.871143
4560 0.863202
4561 0.858017
4562 0.856108
4563 0.853445
4564 0.811805
4565 0.81024
4566 0.805743
4567 0.875915
4568 0.861945
4569 0.805453
4570 0.74867
4571 0.748018
4572 0.74547
4573 0.73527
4574 0.73101
4575 0.725158
4576 0.720113
4577 0.713873
4578 0.708058
4579 0.701875
4580 0.70018
4581 0.69431
4582 0.694762
4583 0.692987
4584 0.692913
4585 0.692213
4586 0.694165
4587 0.697318
4588 0.697307
4589 0.69948
4590 0.70286
4591 0.725295
4592 0.734535
4593 0.747565
4594 0.753108
4595 0.757472
4596 0.761482
4597 0.761105
4598 0.759707
4599 0.761525
4600 0.76176
4601 0.76078
4602 0.756252
4603 0.75633
4604 0.753663
4605 0.754757
4606 0.75414
4607 0.752953
4608 0.752162
4609 0.75194
4610 0.749753
4611 0.754012
4612 0.75299
4613 0.752783
4614 0.74986
4615 0.748465
4616 0.7454
4617 0.74262
4618 0.741757
4619 0.762895
4620 0.762195
4621 0.703665
4622 0.703135
4623 0.609675
4624 0.60119
4625 0.76572
4626 0.587453
4627 0.56803
4628 0.853853
4629 0.573327
4630 0.578425
4631 0.581852
4632 0.581472
4633 0.590862
4634 0.594448
4635 0.59416
4636 0.596368
4637 0.60023
4638 0.63105
4639 0.65458
4640 0.66358
4641 0.548397
4642 0.660003
4643 0.698695
4644 0.710875
4645 0.719455
4646 0.722615
4647 0.725823
4648 0.533745
4649 0.726782
4650 0.72703
4651 0.729225
4652 0.73147
4653 0.7355
4654 0.73512
4655 0.730537
4656 0.73396
4657 0.73428
4658 0.732475
4659 0.69395
4660 0.688532
4661 0.681723
4662 0.539335
4663 0.672045
4664 0.66591
4665 0.660292
4666 0.65769
4667 0.65739
4668 0.655317
4669 0.750467
4670 0.630985
4671 0.635475
4672 0.60412
4673 0.632757
4674 0.43509
4675 0.567268
4676 0.562582
4677 0.55935
4678 0.556732
4679 0.502645
4680 0.482315
4681 0.708375
4682 0.461508
4683 0.450327
4684 0.717132
4685 0.395435
4686 0.380945
4687 0.377965
4688 0.37601
4689 0.373148
4690 0.37218
4691 0.37414
4692 0.841553
4693 0.371453
4694 0.371337
4695 0.370575
4696 0.36706
4697 0.633853
4698 0.35223
4699 0.381425
4700 0.379993
4701 0.46318
4702 0.386188
4703 0.386037
4704 0.390908
4705 0.394455
4706 0.395905
4707 0.393998
4708 0.39544
4709 0.393782
4710 0.41366
4711 0.431808
4712 0.437252
4713 0.35686
4714 0.549432
4715 0.492785
4716 0.510695
4717 0.539353
4718 0.55078
4719 0.575703
4720 0.579365
4721 0.583793
4722 0.581762
4723 0.304152
4724 0.58955
4725 0.312113
4726 0.58789
4727 0.72503
4728 0.585885
4729 0.555488
4730 0.55158
4731 0.531475
4732 0.54335
4733 0.540652
4734 0.53339
4735 0.52754
4736 0.52013
4737 0.572087
4738 0.49753
4739 0.495928
4740 0.483708
4741 0.843182
4742 0.469587
4743 0.46324
4744 0.492563
4745 0.41495
4746 0.385323
4747 0.397118
4748 0.392348
4749 0.36003
4750 0.348735
4751 0.344288
4752 0.331087
4753 0.306785
4754 0.302378
4755 0.29026
4756 0.280882
4757 0.278543
4758 0.26727
4759 0.484225
4760 0.246487
4761 0.23639
4762 0.227148
4763 0.22239
4764 0.210423
4765 0.316968
4766 0.230887
4767 0.41259
4768 0.2169
4769 0.167415
4770 0.15642
4771 0.147567
4772 0.14355
4773 0.72225
4774 0.126807
4775 0.121703
4776 0.109725
4777 0.09915
4778 0.095645
4779 0.0871875
4780 0.249055
4781 0.0767775
4782 0.071815
4783 0.420023
4784 0.0620425
4785 0.05378
4786 0.0475575
4787 0.0445625
4788 0.03809
4789 0.0302775
4790 0.0270875
4791 0.0210325
4792 0.0169
4793 0.0156
4794 0.0121375
4795 0.841207
4796 0.416195
4797 0.004505
4798 0.00205
4799 0.000965
4800 0.00072
4801 0.000625
4802 0.0005675
4803 0.0005175
4804 0.000505
4805 0.0004975
4806 0.0004875
4807 0.0004775
4808 0.000415
4809 0.0003725
4810 0.444323
4811 0.000295
4812 0.0101125
4813 0.000265
4814 0.0002975
4815 0.535605
4816 0.000365
4817 0.0003575
4818 0.45985
4819 0.000395
4820 0.440337
4821 0.000355
4822 0.0003025
4823 0.00028
4824 0.0002675
4825 0.00028
4826 0.00024
4827 0.0002175
4828 0.0001925
4829 0.000195
4830 0.00019
4831 0.0002025
4832 0.0001825
4833 0.00224
4834 0.183542
4835 0.002035
4836 0.0020475
4837 0.002135
4838 0.00221
4839 0.0025125
4840 0.845495
4841 0.0024975
4842 0.533253
4843 0.002675
4844 0.00301
4845 0.00294
4846 0.0029025
4847 0.0028725
4848 0.340465
4849 0.131565
4850 0.0030525
4851 0.0031275
4852 0.00315
4853 0.0030925
4854 0.003475
4855 0.0035325
4856 0.003445
4857 0.00345
4858 0.0035175
4859 0.843542
4860 0.355235
4861 0.0381075
4862 0.00333
4863 0.0030125
4864 0.003
4865 0.00265
4866 0.002625
4867 0.002505
4868 0.00252
4869 0.002675
4870 0.002435
4871 0.08548
4872 0.0021625
4873 0.148425
4874 0.0019825
4875 0.001905
4876 0.0019475
4877 0.0018125
4878 0.0123075
4879 0.008045
4880 0.0015525
4881 0.00165
4882 0.001655
4883 0.0017625
4884 0.0744925
4885 0.00184
4886 0.0020225
4887 0.00199
4888 0.001825
4889 0.187927
4890 0.00178
4891 0.0017275
4892 0.001745
4893 0.331195
4894 0.0014475
4895 0.321225
4896 0.001105
4897 0.00088
4898 0.645015
4899 0.0004975
4900 0.00049
4901 0.0003975
4902 0.00034
4903 0.00026
4904 0.00024
4905 0.119962
4906 0.00023
4907 0.0001825
4908 0.00014
4909 0.000135
4910 0.0001325
4911 0.0001325
4912 0.000125
4913 0.00012
4914 0.0001175
4915 0.0014475
4916 0.23366
4917 0.025005
4918 0.314113
4919 0.0398575
4920 0.796205
4921 0.046015
4922 0.04803
4923 0.050855
4924 0.0517125
4925 0.0600975
4926 0.072845
4927 0.022385
4928 0.0924825
4929 0.103855
4930 0.10861
4931 0.115125
4932 0.117633
4933 0.118825
4934 0.12004
4935 0.12373
4936 0.1246
4937 0.12455
4938 0.132895
4939 0.13314
4940 0.133313
4941 0.13222
4942 0.132335
4943 0.132937
4944 0.13318
4945 0.131667
4946 0.132623
4947 0.134315
4948 0.132642
4949 0.1276
4950 0.848105
4951 0.11889
4952 0.114475
4953 0.109232
4954 0.0649725
4955 0.0986975
4956 0.65438
4957 0.251877
4958 0.090165
4959 0.0867375
4960 0.0854725
4961 0.083205
4962 0.0783475
4963 0.0748225
4964 0.067145
4965 0.0648575
4966 0.066795
4967 0.0710975
4968 0.0773075
4969 0.080905
4970 0.0867375
4971 0.0913675
4972 0.0953225
4973 0.102837
4974 0.109882
4975 0.11337
4976 0.11799
4977 0.118385
4978 0.118072
4979 0.288637
4980 0.11325
4981 0.113287
4982 0.737885
4983 0.741842
4984 0.113165
4985 0.113895
4986 0.112535
4987 0.11307
4988 0.867748
4989 0.110805
4990 0.110312
4991 0.110567
4992 0.109158
4993 0.109405
4994 0.108065
4995 0.107578
4996 0.10655
4997 0.108505
4998 0.109232
4999 0.108065
5000 0.104728
5001 0.09968
5002 0.097675
5003 0.0940775
5004 0.091095
5005 0.0892925
5006 0.08773
5007 0.086885
5008 0.08553
5009 0.081035
5010 0.0771025
5011 0.073725
5012 0.0658825
5013 0.0594725
5014 0.0563425
5015 0.050385
5016 0.0445
5017 0.04346
5018 0.351907
5019 0.0315775
5020 0.697542
5021 0.032345
5022 0.0298625
5023 0.0289175
5024 0.0269025
5025 0.204085
5026 0.73239
5027 0.020455
5028 0.018215
5029 0.016945
5030 0.817133
5031 0.0163075
5032 0.0164325
5033 0.0168975
5034 0.0171525
5035 0.0176075
5036 0.017665
5037 0.017935
5038 0.018155
5039 0.01843
5040 0.01819
5041 0.018385
5042 0.0185025
5043 0.0187525
5044 0.0184875
5045 0.0189225
5046 0.02053
5047 0.0218825
5048 0.0253925
5049 0.0285775
5050 0.031465
5051 0.0377225
5052 0.044725
5053 0.048395
5054 0.05519
5055 0.0627825
5056 0.066775
5057 0.074885
5058 0.0895775
5059 0.0944875
5060 0.103445
5061 0.11288
5062 0.122417
5063 0.135352
5064 0.149345
5065 0.50862
5066 0.166025
5067 0.18258
5068 0.188405
5069 0.240058
5070 0.05334
5071 0.22556
5072 0.238022
5073 0.263745
5074 0.87208
5075 0.26214
5076 0.76907
5077 0.267622
5078 0.268515
5079 0.26908
5080 0.268535
5081 0.265238
5082 0.262392
5083 0.259622
5084 0.254337
5085 0.23733
5086 0.680805
5087 0.23194
5088 0.213732
5089 0.210737
5090 0.20467
5091 0.555845
5092 0.184152
5093 0.17881
5094 0.17498
5095 0.174402
5096 0.175212
5097 0.167667
5098 0.164765
5099 0.158985
5100 0.15089
5101 0.14639
5102 0.139065
5103 0.12908
5104 0.313
5105 0.117515
5106 0.112625
5107 0.107783
5108 0.100697
5109 0.096795
5110 0.0960575
5111 0.0930325
5112 0.0911425
5113 0.0912425
5114 0.08453
5115 0.082285
5116 0.0808225
5117 0.0737275
5118 0.063035
5119 0.0608225
5120 0.05059
5121 0.04079
5122 0.0354075
5123 0.0264025
5124 0.01777
5125 0.0148125
5126 0.222315
5127 0.00357
5128 0.001655
5129 0.00051
5130 0.0004175
5131 0.0003925
5132 0.0003575
5133 0.00863
5134 0.00046
5135 0.000375
5136 0.0003725
5137 0.000365
5138 0.0003325
5139 0.0003275
5140 0.0003175
5141 0.0003175
5142 0.0003125
5143 0.02908
5144 0.0003025
5145 0.0003025
5146 0.0002575
5147 0.88871
5148 0.0002525
5149 0.0002375
5150 0.000225
5151 0.00022
5152 0.0002225
5153 0.0002325
5154 0.000235
5155 0.00024
5156 0.0002425
5157 0.17803
5158 0.000515
5159 0.000475
5160 0.0004175
5161 0.000295
5162 0.0002975
5163 0.000285
5164 0.00021
5165 0.000205
5166 0.0002025
5167 0.734495
5168 0.000185
5169 0.0001825
5170 0.000185
5171 0.0002
5172 0.000195
5173 0.000185
5174 0.000185
5175 0.0001725
5176 0.849063
5177 0.0001925
5178 0.000195
5179 0.0001725
5180 0.0001675
5181 0.000165
5182 0.0266975
5183 4.5e-05
5184 4e-05
5185 4e-05
5186 0.874323
5187 3.25e-05
5188 2.25e-05
5189 2e-05
5190 2e-05
5191 0
5192 0
5193 0
5194 0.0003025
5195 0.000275
5196 0.0002625
5197 0.0002525
5198 0.000225
5199 0.0002075
5200 0.0002025
5201 0.0002175
5202 0.00019
5203 0.0001825
5204 0.0001525
5205 0.00014
5206 0.00014
5207 0.0001425
5208 0.000135
5209 0.000155
5210 0.0001575
5211 0.558033
5212 0.00014
5213 0.0001525
5214 0.0628625
5215 0.0001675
5216 0.000165
5217 0.000165
5218 0.0001675
5219 0.396805
5220 0.00029
5221 0.0002825
5222 0.000255
5223 0.00024
5224 0.00024
5225 0.0002375
5226 0.0002225
5227 0.00022
5228 0.00021
5229 0.89057
5230 0.0001725
5231 0.0001975
5232 0.0001775
5233 0.0001775
5234 0.0001775
5235 0.0001775
5236 0.0001775
5237 0.0001675
5238 0.889135
5239 0.0001725
5240 0.0001725
5241 0.0001525
5242 0.0001375
5243 0.0001375
5244 0.00033
5245 0.000265
5246 0.0002575
5247 0.0727425
5248 0.000255
5249 0.0002575
5250 0.000285
5251 0.0002925
5252 0.40253
5253 0.0002675
5254 0.0002475
5255 0.000195
5256 0.004505
5257 0.0147775
5258 0.457005
5259 0.0312425
5260 0.84405
5261 0.045855
5262 0.053535
5263 0.0606825
5264 0.0618
5265 0.0639975
5266 0.066945
5267 0.06783
5268 0.190135
5269 0.073155
5270 0.226825
5271 0.074965
5272 0.074715
5273 0.075485
5274 0.559213
5275 0.0759625
5276 0.0759475
5277 0.07613
5278 0.0831975
5279 0.8496
5280 0.07632
5281 0.0767875
5282 0.0771225
5283 0.085325
5284 0.0819575
5285 0.0768425
5286 0.0769225
5287 0.581005
5288 0.082495
5289 0.0910775
5290 0.102422
5291 0.058325
5292 0.12188
5293 0.130807
5294 0.135428
5295 0.16617
5296 0.154585
5297 0.15673
5298 0.161795
5299 0.165013
5300 0.16694
5301 0.169222
5302 0.184325
5303 0.186257
5304 0.191785
5305 0.19343
5306 0.193708
5307 0.194623
5308 0.19642
5309 0.196898
5310 0.40799
5311 0.491598
5312 0.195475
5313 0.194493
5314 0.193032
5315 0.192598
5316 0.133002
5317 0.191502
5318 0.189535
5319 0.19503
5320 0.886552
5321 0.524327
5322 0.188777
5323 0.186855
5324 0.184715
5325 0.0189025
5326 0.180558
5327 0.182395
5328 0.187677
5329 0.19582
5330 0.200077
5331 0.206333
5332 0.212787
5333 0.019755
5334 0.414552
5335 0.22764
5336 0.22766
5337 0.22868
5338 0.22738
5339 0.227282
5340 0.22772
5341 0.228242
5342 0.02025
5343 0.228297
5344 0.22772
5345 0.228077
5346 0.227165
5347 0.227085
5348 0.520428
5349 0.22679
5350 0.231763
5351 0.350375
5352 0.245253
5353 0.072795
5354 0.263472
5355 0.27573
5356 0.287158
5357 0.293045
5358 0.304542
5359 0.311352
5360 0.846395
5361 0.31712
5362 0.676215
5363 0.30707
5364 0.304105
5365 0.304835
5366 0.304875
5367 0.298445
5368 0.297052
5369 0.2935
5370 0.294247
5371 0.269518
5372 0.294245
5373 0.29454
5374 0.295422
5375 0.43617
5376 0.295208
5377 0.296397
5378 0.381025
5379 0.296385
5380 0.2952
5381 0.295035
5382 0.29525
5383 0.294035
5384 0.294193
5385 0.298812
5386 0.303142
5387 0.304862
5388 0.505393
5389 0.283602
5390 0.313543
5391 0.354913
5392 0.32165
5393 0.323647
5394 0.287463
5395 0.330302
5396 0.332172
5397 0.332423
5398 0.332778
5399 0.332585
5400 0.486092
5401 0.332993
5402 0.3328
5403 0.332535
5404 0.59792
5405 0.33456
5406 0.336282
5407 0.337817
5408 0.338402
5409 0.338332
5410 0.338687
5411 0.0017075
5412 0.33781
5413 0.338475
5414 0.3375
5415 0.34119
5416 0.348895
5417 0.353112
5418 0.360588
5419 0.370138
5420 0.385275
5421 0.614613
5422 0.383227
5423 0.386228
5424 0.0929525
5425 0.39328
5426 0.393675
5427 0.313215
5428 0.849208
5429 0.395108
5430 0.39687
5431 0.73632
5432 0.399445
5433 0.400467
5434 0.404065
5435 0.404775
5436 0.40641
5437 0.346807
5438 0.716553
5439 0.414322
5440 0.0241225
5441 0.41938
5442 0.886045
5443 0.42763
5444 0.42782
5445 0.430953
5446 0.435358
5447 0.437302
5448 0.44224
5449 0.535268
5450 0.447477
5451 0.4581
5452 0.453213
5453 0.45414
5454 0.455653
5455 0.457298
5456 0.457863
5457 0.456565
5458 0.460348
5459 0.455137
5460 0.454732
5461 0.419165
5462 0.459585
5463 0.459693
5464 0.460593
5465 0.60434
5466 0.486847
5467 0.459755
5468 0.45975
5469 0.459467
5470 0.71084
5471 0.457285
5472 0.45531
5473 0.45335
5474 0.45301
5475 0.462637
5476 0.45024
5477 0.450915
5478 0.451302
5479 0.453555
5480 0.454035
5481 0.60679
5482 0.459852
5483 0.46035
5484 0.463543
5485 0.467562
5486 0.46969
5487 0.473338
5488 0.4769
5489 0.507313
5490 0.48226
5491 0.484897
5492 0.488355
5493 0.49203
5494 0.504842
5495 0.50559
5496 0.508862
5497 0.511663
5498 0.85015
5499 0.52294
5500 0.529475
5501 0.539623
5502 0.5495
5503 0.55292
5504 0.55659
5505 0.560865
5506 0.578913
5507 0.582135
5508 0.59032
5509 0.602348
5510 0.608115
5511 0.614953
5512 0.62015
5513 0.622428
5514 0.626415
5515 0.629633
5516 0.631173
5517 0.6328
5518 0.63913
5519 0.680597
5520 0.684712
5521 0.793042
5522 0.689468
5523 0.693545
5524 0.698597
5525 0.700812
5526 0.702535
5527 0.714113
5528 0.7235
5529 0.741947
5530 0.75994
5531 0.656402
5532 0.775497
5533 0.785332
5534 0.792535
5535 0.798535
5536 0.802275
5537 0.791555
5538 0.807455
5539 0.85161
5540 0.812128
5541 0.812107
5542 0.813588
5543 0.813952
5544 0.768792
5545 0.846357
5546 0.84897
5547 0.84682
5548 0.846782
5549 0.84659
5550 0.84505
5551 0.8464
5552 0.84498
5553 0.842997
5554 0.841085
5555 0.841085
5556 0.84273
5557 0.843877
5558 0.842683
5559 0.85217
5560 0.840858
5561 0.84079
5562 0.072715
5563 0.83779
5564 0.837193
5565 0.839875
5566 0.83765
5567 0.88803
5568 0.834438
5569 0.835638
5570 0.836102
5571 0.834997
5572 0.835472
5573 0.833862
5574 0.83639
5575 0.668528
5576 0.835917
5577 0.833512
5578 0.832202
5579 0.88683
5580 0.83004
5581 0.831568
5582 0.865707
5583 0.831692
5584 0.831855
5585 0.833483
5586 0.839172
5587 0.84857
5588 0.852175
5589 0.85565
5590 0.862348
5591 0.86572
5592 0.867138
5593 0.867417
5594 0.878927
5595 0.60266
5596 0.869625
5597 0.247243
5598 0.87856
5599 0.420545
5600 0.878575
5601 0.87805
5602 0.878238
5603 0.878443
5604 0.878285
5605 0.87777
5606 0.87742
5607 0.877437
5608 0.876995
5609 0.87656
5610 0.867358
5611 0.874865
5612 0.87513
5613 0.874733
5614 0.87404
5615 0.87369
5616 0.873705
5617 0.873337
5618 0.87308
5619 0.87505
5620 0.874988
5621 0.87504
5622 0.87451
5623 0.874825
5624 0.37719
5625 0.875463
5626 0.875287
5627 0.875015
5628 0.875205
5629 0.875645
5630 0.875783
5631 0.875212
5632 0.875275
5633 0.8754
5634 0.875505
5635 0.876003
5636 0.87589
5637 0.87576
5638 0.875715
5639 0.876055
5640 0.876528
5641 0.876907
5642 0.87803
5643 0.87606
5644 0.887215
5645 0.87693
5646 0.87673
5647 0.876753
5648 0.888323
5649 0.877502
5650 0.877775
5651 0.877103
5652 0.876618
5653 0.87586
5654 0.875692
5655 0.875382
5656 0.88841
5657 0.874572
5658 0.874707
5659 0.875005
5660 0.874905
5661 0.87106
5662 0.87474
5663 0.87492
5664 0.872337
5665 0.87513
5666 0.87521
5667 0.875777
5668 0.14308
5669 0.874812
5670 0.874742
5671 0.87498
5672 0.875672
5673 0.876123
5674 0.876038
5675 0.876267
5676 0.87649
5677 0.876478
5678 0.876842
5679 0.876763
5680 0.70552
5681 0.877273
5682 0.891458
5683 0.876345
5684 0.876258
5685 0.876008
5686 0.876038
5687 0.875725
5688 0.875585
5689 0.875772
5690 0.876125
5691 0.876182
5692 0.876543
5693 0.87662
5694 0.875425
5695 0.705237
5696 0.146122
5697 0.87654
5698 0.876957
5699 0.87666
5700 0.876117
5701 0.875992
5702 0.875715
5703 0.890748
5704 0.875103
5705 0.874602
5706 0.87479
5707 0.87497
5708 0.891317
5709 0.87492
5710 0.874097
5711 0.871812
5712 0.870382
5713 0.869912
5714 0.868748
5715 0.86846
5716 0.868213
5717 0.868138
5718 0.867912
5719 0.863903
5720 0.863785
5721 0.86375
5722 0.86332
5723 0.86332
5724 0.863343
5725 0.863513
5726 0.863383
5727 0.8634
5728 0.863402
5729 0.86351
5730 0.863245
5731 0.862855
5732 0.862842
5733 0.862672
5734 0.862625
5735 0.862642
5736 0.862665
