1 0.0753275
2 0.0729775
3 0.07459
4 0.0786275
5 0.0837125
6 0.0871525
7 0.0922075
8 0.0999575
9 0.102438
10 0.105085
11 0.106938
12 0.107735
13 0.10911
14 0.111235
15 0.111585
16 0.113003
17 0.114267
18 0.114382
19 0.114837
20 0.115538
21 0.115975
22 0.11601
23 0.116532
24 0.117035
25 0.119947
26 0.12333
27 0.124205
28 0.1273
29 0.13039
30 0.374103
31 0.233043
32 0.130955
33 0.131298
34 0.130947
35 0.13055
36 0.1313
37 0.887593
38 0.130903
39 0.131233
40 0.131683
41 0.1317
42 0.132245
43 0.13295
44 0.133355
45 0.136398
46 0.135395
47 0.135505
48 0.135483
49 0.135585
50 0.135382
51 0.135947
52 0.135797
53 0.135442
54 0.13514
55 0.101657
56 0.15907
57 0.681865
58 0.13324
59 0.132755
60 0.132667
61 0.132617
62 0.132203
63 0.132107
64 0.132552
65 0.132853
66 0.256915
67 0.133785
68 0.133742
69 0.551312
70 0.134353
71 0.199545
72 0.330295
73 0.137293
74 0.138887
75 0.139462
76 0.357545
77 0.780835
78 0.141402
79 0.142363
80 0.887382
81 0.146292
82 0.14895
83 0.154073
84 0.158062
85 0.165673
86 0.17238
87 0.175987
88 0.182973
89 0.189722
90 0.19221
91 0.19941
92 0.202692
93 0.202623
94 0.20292
95 0.203965
96 0.625965
97 0.205058
98 0.205902
99 0.206425
100 0.20732
101 0.207965
102 0.207618
103 0.274558
104 0.207577
105 0.20693
106 0.701845
107 0.208655
108 0.209872
109 0.212838
110 0.380788
111 0.219642
112 0.22458
113 0.228325
114 0.22956
115 0.234178
116 0.237995
117 0.239418
118 0.350127
119 0.240553
120 0.238865
121 0.238325
122 0.238165
123 0.23784
124 0.238015
125 0.238205
126 0.237665
127 0.238588
128 0.299215
129 0.240707
130 0.24146
131 0.243913
132 0.244455
133 0.248548
134 0.249752
135 0.25052
136 0.252242
137 0.253945
138 0.255362
139 0.405402
140 0.256383
141 0.256537
142 0.254397
143 0.253885
144 0.252875
145 0.25263
146 0.25105
147 0.250908
148 0.134355
149 0.247205
150 0.246402
151 0.2667
152 0.24355
153 0.847503
154 0.242083
155 0.240773
156 0.241742
157 0.237505
158 0.236075
159 0.235247
160 0.23393
161 0.2333
162 0.232407
163 0.231068
164 0.22981
165 0.229513
166 0.229123
167 0.228618
168 0.22873
169 0.227837
170 0.229437
171 0.229085
172 0.032345
173 0.227135
174 0.226648
175 0.226603
176 0.605095
177 0.225518
178 0.206898
179 0.224843
180 0.224947
181 0.225015
182 0.224455
183 0.224365
184 0.22419
185 0.223413
186 0.22307
187 0.221642
188 0.221078
189 0.221293
190 0.22163
191 0.221763
192 0.221603
193 0.847472
194 0.221335
195 0.847732
196 0.222043
197 0.222165
198 0.222312
199 0.222062
200 0.222255
201 0.222562
202 0.22274
203 0.222977
204 0.223192
205 0.22349
206 0.222993
207 0.03507
208 0.722295
209 0.234258
210 0.222235
211 0.222647
212 0.222667
213 0.60639
214 0.222037
215 0.24192
216 0.221892
217 0.22156
218 0.221637
219 0.221865
220 0.222048
221 0.221905
222 0.886455
223 0.22134
224 0.221078
225 0.220892
226 0.22095
227 0.22087
228 0.220942
229 0.220653
230 0.22053
231 0.0913025
232 0.220435
233 0.846832
234 0.220925
235 0.221205
236 0.221303
237 0.333565
238 0.220837
239 0.68447
240 0.119
241 0.219872
242 0.220895
243 0.220975
244 0.221535
245 0.221172
246 0.218642
247 0.22121
248 0.221015
249 0.22073
250 0.220403
251 0.220095
252 0.219775
253 0.219252
254 0.21904
255 0.219018
256 0.219045
257 0.219248
258 0.219105
259 0.219408
260 0.219282
261 0.219112
262 0.218713
263 0.219105
264 0.218977
265 0.218798
266 0.47376
267 0.218427
268 0.689135
269 0.218305
270 0.218587
271 0.218565
272 0.218287
273 0.218117
274 0.506685
275 0.218633
276 0.218353
277 0.752095
278 0.217053
279 0.216628
280 0.216625
281 0.0017375
282 0.216892
283 0.21685
284 0.217583
285 0.2174
286 0.21764
287 0.216817
288 0.216397
289 0.724947
290 0.214995
291 0.214778
292 0.214375
293 0.214172
294 0.426308
295 0.21603
296 0.215358
297 0.215215
298 0.21508
299 0.214952
300 0.214803
301 0.214753
302 0.00173
303 0.214647
304 0.214842
305 0.21474
306 0.214698
307 0.214745
308 0.214998
309 0.214883
310 0.21567
311 0.215987
312 0.228112
313 0.215957
314 0.21772
315 0.410417
316 0.218048
317 0.217883
318 0.217628
319 0.847808
320 0.75576
321 0.219245
322 0.218895
323 0.218842
324 0.218828
325 0.219427
326 0.23724
327 0.21956
328 0.21962
329 0.219605
330 0.219433
331 0.219218
332 0.21901
333 0.218982
334 0.219222
335 0.219117
336 0.21919
337 0.2192
338 0.219275
339 0.783543
340 0.219998
341 0.22203
342 0.223463
343 0.118825
344 0.341855
345 0.70763
346 0.23134
347 0.232563
348 0.232997
349 0.34444
350 0.233095
351 0.133313
352 0.23263
353 0.232428
354 0.23218
355 0.231877
356 0.231565
357 0.23173
358 0.2316
359 0.231783
360 0.23155
361 0.231495
362 0.231522
363 0.231293
364 0.230935
365 0.23086
366 0.230577
367 0.23047
368 0.23
369 0.229827
370 0.229112
371 0.228742
372 0.228882
373 0.228428
374 0.228225
375 0.494578
376 0.227422
377 0.227368
378 0.227128
379 0.226687
380 0.226645
381 0.226298
382 0.226387
383 0.093915
384 0.22667
385 0.227873
386 0.22942
387 0.230445
388 0.379135
389 0.235393
390 0.23675
391 0.237835
392 0.238932
393 0.238965
394 0.23954
395 0.242388
396 0.17667
397 0.228355
398 0.103645
399 0.43084
400 0.23128
401 0.245897
402 0.246075
403 0.464807
404 0.374355
405 0.5456
406 0.25021
407 0.252412
408 0.849483
409 0.255358
410 0.251855
411 0.162135
412 0.261593
413 0.266483
414 0.78529
415 0.273008
416 0.340973
417 0.27895
418 0.104587
419 0.063215
420 0.289565
421 0.198442
422 0.29721
423 0.299245
424 0.304152
425 0.3099
426 0.312113
427 0.31727
428 0.321657
429 0.65558
430 0.3297
431 0.275218
432 0.336523
433 0.342357
434 0.897223
435 0.111967
436 0.355372
437 0.359743
438 0.360555
439 0.363835
440 0.366808
441 0.36743
442 0.371273
443 0.37305
444 0.374198
445 0.383105
446 0.384757
447 0.385323
448 0.38685
449 0.38941
450 0.39033
451 0.393027
452 0.39507
453 0.39621
454 0.0632
455 0.400718
456 0.401025
457 0.831032
458 0.40492
459 0.405687
460 0.442393
461 0.408573
462 0.40879
463 0.410712
464 0.41143
465 0.411872
466 0.41189
467 0.412307
468 0.533775
469 0.41259
470 0.41786
471 0.418038
472 0.418177
473 0.4182
474 0.418285
475 0.418237
476 0.417455
477 0.416492
478 0.41677
479 0.41611
480 0.416137
481 0.411882
482 0.415917
483 0.669092
484 0.41654
485 0.416513
486 0.848135
487 0.416332
488 0.41008
489 0.44198
490 0.72533
491 0.415482
492 0.41541
493 0.41588
494 0.415755
495 0.416577
496 0.41647
497 0.416705
498 0.416255
499 0.419058
500 0.424113
501 0.426555
502 0.43283
503 0.440408
504 0.445288
505 0.507103
506 0.458367
507 0.706445
508 0.465925
509 0.470415
510 0.472542
511 0.474287
512 0.15089
513 0.14639
514 0.477938
515 0.479953
516 0.481162
517 0.486183
518 0.117515
519 0.493343
520 0.507308
521 0.510872
522 0.512795
523 0.517373
524 0.50726
525 0.276033
526 0.23167
527 0.528635
528 0.530687
529 0.531255
530 0.532675
531 0.610047
532 0.53248
533 0.532308
534 0.53283
535 0.535088
536 0.535295
537 0.534942
538 0.53516
539 0.535125
540 0.534798
541 0.911637
542 0.533977
543 0.533482
544 0.533317
545 0.533658
546 0.532845
547 0.2403
548 0.53189
549 0.531532
550 0.52992
551 0.528752
552 0.528083
553 0.527632
554 0.52625
555 0.52617
556 0.524955
557 0.523828
558 0.849167
559 0.52287
560 0.522608
561 0.522097
562 0.521023
563 0.699535
564 0.580268
565 0.518605
566 0.51769
567 0.517607
568 0.51698
569 0.519745
570 0.51658
571 0.519277
572 0.521145
573 0.521825
574 0.525713
575 0.529127
576 0.531432
577 0.53502
578 0.539467
579 0.541242
580 0.5461
581 0.55078
582 0.576117
583 0.558318
584 0.56337
585 0.566573
586 0.571732
587 0.576562
588 0.471085
589 0.584438
590 0.589368
591 0.591642
592 0.595598
593 0.604572
594 0.0001725
595 0.62291
596 0.63103
597 0.63485
598 0.639593
599 0.630065
600 0.612443
601 4e-05
602 0.655598
603 0.655992
604 0.662338
605 0.661602
606 0.663578
607 0.672455
608 0.678843
609 0.681427
610 0.686447
611 0.690418
612 0.692067
613 0.180078
614 0.141742
615 0.696592
616 0.820433
617 0.697345
618 0.697218
619 0.69756
620 0.707557
621 0.0001525
622 0.708387
623 0.720525
624 0.707935
625 0.708395
626 0.70793
627 0.707222
628 0.707125
629 0.70755
630 0.709503
631 0.71067
632 0.713345
633 0.713738
634 0.7146
635 0.715318
636 0.7174
637 0.717657
638 0.718522
639 0.719275
640 0.720167
641 0.720357
642 0.720962
643 0.720847
644 0.72169
645 0.740947
646 0.741375
647 0.74237
648 0.74337
649 0.744433
650 0.745408
651 0.74629
652 0.746938
653 0.747325
654 0.74792
655 0.74852
656 0.748955
657 0.749587
658 0.749263
659 0.74969
660 0.749367
661 0.748962
662 0.749188
663 0.74986
664 0.749892
665 0.77495
666 0.748968
667 0.748827
668 0.748463
669 0.748125
670 0.748
671 0.747788
672 0.177673
673 0.747247
674 0.746533
675 0.7467
676 0.746452
677 0.745847
678 0.746263
679 0.745997
680 0.746398
681 0.747217
682 0.747323
683 0.746505
684 0.63397
685 0.746205
686 0.74571
687 0.74561
688 0.745263
689 0.745762
690 0.745537
691 0.744968
692 0.744633
693 0.151645
694 0.744393
695 0.750622
696 0.750202
697 0.749997
698 0.749668
699 0.7495
700 0.40804
701 0.749138
702 0.747985
703 0.748807
704 0.748918
705 0.749297
706 0.356935
707 0.751595
708 0.752417
709 0.75356
710 0.755458
711 0.757232
712 0.75822
713 0.758585
714 0.759493
715 0.759315
716 0.761798
717 0.765437
718 0.558693
719 0.77642
720 0.817603
721 0.81699
722 0.817133
723 0.817002
724 0.822107
725 0.489955
726 0.81838
727 0.818067
728 0.81748
729 0.344668
730 0.817943
731 0.819462
732 0.81668
733 0.7038
734 0.822843
735 0.89704
736 0.83386
737 0.82225
738 0.28249
739 0.832395
740 0.726885
741 0.83566
742 0.83767
743 0.838407
744 0.838535
745 0.8547
746 0.856225
747 0.847805
748 0.856468
749 0.856838
750 0.857973
751 0.86205
752 0.851317
753 0.913587
754 0.862587
755 0.86243
756 0.863175
757 0.863533
758 0.864968
759 0.863938
760 0.863818
761 0.863988
762 0.865155
763 0.36289
764 0.86935
765 0.87012
766 0.59485
767 0.87169
768 0.87208
769 0.873493
770 0.886095
771 0.88625
772 0.913992
773 0.88677
774 0.887007
775 0.878792
776 0.886822
777 0.88658
778 0.886252
779 0.877205
780 0.886482
781 0.886085
782 0.886055
783 0.885962
784 0.88535
785 0.88507
786 0.88477
787 0.825028
788 0.884912
789 0.884513
790 0.883933
791 0.883955
792 0.883655
793 0.883032
794 0.882132
795 0.878402
796 0.878755
797 0.863927
798 0.87764
799 0.876763
800 0.876777
801 0.875165
802 0.873193
803 0.88118
804 0.87124
805 0.866295
806 0.869225
807 0.290605
808 0.465705
809 0.868897
810 0.86873
811 0.870742
812 0.872235
813 0.874507
814 0.784922
815 0.880255
816 0.881452
817 0.895955
818 0.88329
819 0.883312
820 0.885425
821 0.562758
822 0.885135
823 0.885707
824 0.886005
825 0.865663
826 0.886845
827 0.886922
828 0.887053
829 0.887023
830 0.88707
831 0.887598
832 0.88817
833 0.88825
834 0.888185
835 0.887925
836 0.888415
837 0.85867
838 0.888365
839 0.88871
840 0.888783
841 0.553042
842 0.578307
843 0.605627
844 0.81452
845 0.889795
846 0.62067
847 0.88962
848 0.88935
849 0.889343
850 0.889215
851 0.781295
852 0.889498
853 0.870665
854 0.891082
855 0.88941
856 0.889255
857 0.88916
858 0.888915
859 0.88887
860 0.887432
861 0.888842
862 0.888898
863 0.888905
864 0.889047
865 0.88927
866 0.889185
867 0.889223
868 0.88931
869 0.88946
870 0.888888
871 0.888687
872 0.742507
873 0.88915
874 0.888985
875 0.889038
876 0.88913
877 0.889295
878 0.889232
879 0.88934
880 0.889795
881 0.889605
882 0.8898
883 0.889182
884 0.889375
885 0.889308
886 0.889402
887 0.88948
888 0.889572
889 0.88965
890 0.773678
891 0.889595
892 0.85268
893 0.889343
894 0.889258
895 0.889293
896 0.88939
897 0.889485
898 0.88945
899 0.889295
900 0.889347
901 0.889408
902 0.88946
903 0.88331
904 0.889628
905 0.88945
906 0.88968
907 0.889938
908 0.905262
909 0.889845
910 0.890235
911 0.890332
912 0.908658
913 0.890502
914 0.890607
915 0.890508
916 0.890572
917 0.662072
918 0.890517
919 0.890402
920 0.894685
921 0.890288
922 0.890338
923 0.890745
924 0.890798
925 0.89082
926 0.890605
927 0.904658
928 0.750875
929 0.82586
930 0.8884
931 0.88891
932 0.888563
933 0.88887
934 0.87253
935 0.88902
936 0.889147
937 0.889135
938 0.88937
939 0.89146
940 0.889563
941 0.889487
942 0.889203
943 0.888985
944 0.889005
945 0.8889
946 0.888615
947 0.888655
948 0.910772
949 0.888862
950 0.888777
951 0.88878
952 0.888737
953 0.888857
954 0.888842
955 0.89008
956 0.890018
957 0.889962
958 0.890077
959 0.913173
960 0.897835
961 0.889885
962 0.88986
963 0.889772
964 0.889775
965 0.88973
966 0.889722
967 0.889593
968 0.88972
969 0.88967
970 0.889502
971 0.8893
972 0.889332
973 0.889235
974 0.889275
975 0.85601
976 0.888387
977 0.888215
978 0.887857
979 0.887595
980 0.88666
981 0.886405
982 0.886578
983 0.8862
984 0.886678
985 0.88667
986 0.88691
987 0.772798
988 0.886962
989 0.887435
990 0.887312
991 0.887973
992 0.888215
993 0.888235
994 0.88861
995 0.888563
996 0.888413
997 0.796855
998 0.888637
999 0.888815
1000 0.889232
1001 0.889393
1002 0.889515
1003 0.87883
1004 0.889602
1005 0.012945
1006 0.842962
1007 0.88951
1008 0.88943
1009 0.888045
1010 0.858988
1011 0.886323
1012 0.886528
1013 0.88644
1014 0.886165
1015 0.891795
1016 0.886513
1017 0.886197
1018 0.87551
1019 0.886833
1020 0.88694
1021 0.887085
1022 0.887045
1023 0.88673
1024 0.88666
1025 0.886463
1026 0.886345
1027 0.88655
1028 0.886613
1029 0.886552
1030 0.886783
1031 0.886813
1032 0.886857
1033 0.886857
1034 0.886907
1035 0.88679
1036 0.887617
1037 0.8876
1038 0.887458
1039 0.887245
1040 0.887355
1041 0.88735
1042 0.887315
1043 0.887305
1044 0.88732
1045 0.886815
1046 0.88729
1047 0.88724
1048 0.886985
1049 0.88689
1050 0.887153
1051 0.887217
1052 0.887288
1053 0.88733
1054 0.875645
1055 0.88759
1056 0.887387
1057 0.887378
1058 0.887552
1059 0.887865
1060 0.769625
1061 0.886935
1062 0.887092
1063 0.88695
1064 0.874877
1065 0.886625
1066 0.886515
1067 0.88263
1068 0.886728
1069 0.886845
1070 0.878572
1071 0.886695
1072 0.886625
1073 0.886545
1074 0.845988
1075 0.884053
1076 0.886713
1077 0.8867
1078 0.886872
1079 0.877775
1080 0.886842
1081 0.887003
1082 0.88689
1083 0.886783
1084 0.847557
1085 0.886822
1086 0.88562
1087 0.885153
1088 0.885285
1089 0.885328
1090 0.858045
1091 0.88565
1092 0.885567
1093 0.854993
1094 0.885607
1095 0.887463
1096 0.885432
1097 0.885498
1098 0.885358
1099 0.88571
1100 0.885792
1101 0.8719
1102 0.748413
1103 0.54078
1104 0.876038
1105 0.167632
1106 0.88556
1107 0.885657
1108 0.876842
1109 0.876763
1110 0.886045
1111 0.885132
1112 0.88485
1113 0.885223
1114 0.884935
1115 0.642737
1116 0.885408
1117 0.885335
1118 0.884058
1119 0.885792
1120 0.886243
1121 0.891295
1122 0.886833
1123 0.88781
1124 0.886725
1125 0.740895
1126 0.886108
1127 0.844322
1128 0.87654
1129 0.88557
1130 0.885352
1131 0.8853
1132 0.88867
1133 0.88572
1134 0.885065
1135 0.885822
1136 0.511877
1137 0.886668
1138 0.88699
1139 0.842202
1140 0.887025
1141 0.892225
1142 0.8871
1143 0.886775
1144 0.886602
1145 0.886675
1146 0.886947
1147 0.886763
1148 0.887068
1149 0.887583
1150 0.887593
1151 0.888443
1152 0.888713
1153 0.624475
1154 0.888922
1155 0.888633
1156 0.22166
1157 0.749753
1158 0.888215
1159 0.75726
1160 0.88661
1161 0.886045
1162 0.886058
1163 0.885493
1164 0.885783
1165 0.886215
1166 0.886103
1167 0.886585
1168 0.886515
1169 0.886888
1170 0.88713
1171 0.887445
1172 0.886942
1173 0.887155
1174 0.887278
1175 0.887167
1176 0.88745
1177 0.887275
1178 0.887097
1179 0.88741
1180 0.887622
1181 0.887737
1182 0.887715
1183 0.887912
1184 0.888023
1185 0.885973
1186 0.84813
1187 0.886158
1188 0.88626
1189 0.84571
1190 0.886332
1191 0.88609
1192 0.886217
1193 0.678728
1194 0.886387
1195 0.886465
1196 0.886795
1197 0.886815
1198 0.88728
1199 0.887273
1200 0.887385
1201 0.887382
1202 0.887493
1203 0.88751
1204 0.887413
1205 0.843213
1206 0.261263
1207 0.88736
1208 0.88735
1209 0.887478
1210 0.888927
1211 0.888657
1212 0.888563
1213 0.888605
1214 0.888445
1215 0.888188
1216 0.888293
1217 0.848422
1218 0.888197
1219 0.625965
1220 0.88803
1221 0.888203
1222 0.88835
1223 0.888445
1224 0.847775
1225 0.889875
1226 0.28092
1227 0.708937
1228 0.888948
1229 0.888945
1230 0.888792
1231 0.888625
1232 0.888245
1233 0.888097
1234 0.887942
1235 0.888167
1236 0.888073
1237 0.887508
1238 0.887162
1239 0.887097
1240 0.887208
1241 0.887215
1242 0.887177
1243 0.64489
1244 0.887707
1245 0.88795
1246 0.571948
1247 0.40914
1248 0.88813
1249 0.887898
1250 0.887735
1251 0.887243
1252 0.848023
1253 0.88719
1254 0.887073
1255 0.887058
1256 0.886968
1257 0.357503
1258 0.887203
1259 0.887053
1260 0.88524
1261 0.885092
1262 0.885437
1263 0.885957
1264 0.88626
1265 0.886173
1266 0.886267
1267 0.886135
1268 0.885813
1269 0.849137
1270 0.885905
1271 0.886522
1272 0.859568
1273 0.886535
1274 0.886757
1275 0.887138
1276 0.887555
1277 0.887452
1278 0.88788
1279 0.88782
1280 0.887763
1281 0.887578
1282 0.88803
1283 0.888147
1284 0.88779
1285 0.88729
1286 0.886578
1287 0.886918
1288 0.720858
1289 0.88685
1290 0.886977
1291 0.886953
1292 0.88674
1293 0.88683
1294 0.887177
1295 0.232407
1296 0.887042
1297 0.88707
1298 0.887452
1299 0.887985
1300 0.76925
1301 0.88825
1302 0.888325
1303 0.88819
1304 0.887992
1305 0.888095
1306 0.888282
1307 0.888595
1308 0.88867
1309 0.847712
1310 0.776678
1311 0.887622
1312 0.88752
1313 0.887602
1314 0.887275
1315 0.887305
1316 0.0149525
1317 0.88793
1318 0.167415
1319 0.88821
1320 0.42092
1321 0.888595
1322 0.888735
1323 0.6792
1324 0.87564
1325 0.888855
1326 0.8887
1327 0.845105
1328 0.888657
1329 0.888695
1330 0.884842
1331 0.738067
1332 0.88862
1333 0.88846
1334 0.888543
1335 0.887927
1336 0.888235
1337 0.845182
1338 0.862722
1339 0.888145
1340 0.8881
1341 0.88801
1342 0.88803
1343 0.887718
1344 0.88782
1345 0.88783
1346 0.887833
1347 0.887535
1348 0.887655
1349 0.887387
1350 0.887162
1351 0.88752
1352 0.887502
1353 0.88701
1354 0.88706
1355 0.0756225
1356 0.475428
1357 0.887007
1358 0.887957
1359 0.847355
1360 0.865145
1361 0.8865
1362 0.886537
1363 0.886455
1364 0.886472
1365 0.886552
1366 0.886785
1367 0.220942
1368 0.886807
1369 0.886935
1370 0.887055
1371 0.88841
1372 0.888637
1373 0.888445
1374 0.88848
1375 0.618215
1376 0.888315
1377 0.888625
1378 0.888385
1379 0.88855
1380 0.888877
1381 0.888655
1382 0.888935
1383 0.888628
1384 0.888955
1385 0.889698
1386 0.889347
1387 0.889445
1388 0.889317
1389 0.889092
1390 0.889175
1391 0.886985
1392 0.889595
1393 0.889783
1394 0.88993
1395 0.023405
1396 0.890335
1397 0.474495
1398 0.890595
1399 0.891015
1400 0.890927
1401 0.892123
1402 0.748155
1403 0.42374
1404 0.891545
1405 0.89165
1406 0.891652
1407 0.891783
1408 0.762745
1409 0.892057
1410 0.89129
1411 0.891485
1412 0.890985
1413 0.803635
1414 0.890792
1415 0.89083
1416 0.891
1417 0.89088
1418 0.890748
1419 0.866507
1420 0.890585
1421 0.891465
1422 0.891365
1423 0.891317
1424 0.890718
1425 0.890445
1426 0.89037
1427 0.890455
1428 0.890308
1429 0.890475
1430 0.890077
1431 0.889583
1432 0.88935
1433 0.889768
1434 0.889583
1435 0.891253
1436 0.762757
1437 0.89041
1438 0.88954
1439 0.889382
1440 0.00023
1441 0.0222425
1442 0.888798
1443 0.888898
1444 0.888877
1445 0.889125
1446 0.542223
1447 0.888862
1448 0.888475
1449 0.647645
1450 0.88899
1451 0.889345
1452 0.21962
1453 0.889648
1454 0.88966
1455 0.88954
1456 0.889197
1457 0.889903
1458 0.889475
1459 0.053675
1460 0.847865
1461 0.89138
1462 0.89172
1463 0.892132
1464 0.893373
1465 0.894358
1466 0.89396
1467 0.894253
1468 0.893607
1469 0.893223
1470 0.895175
1471 0.89603
1472 0.894247
1473 0.894728
1474 0.8952
1475 0.896138
1476 0.894733
1477 0.895175
1478 0.894182
1479 0.86396
1480 0.893517
1481 0.857405
1482 0.892763
1483 0.848865
1484 0.10733
1485 0.892465
1486 0.89294
1487 0.894355
1488 0.894217
1489 0.893972
1490 0.8951
1491 0.895927
1492 0.89581
1493 0.896018
1494 0.859885
1495 0.89608
1496 0.89633
1497 0.89585
1498 0.895998
1499 0.89635
1500 0.89752
1501 0.897855
1502 0.898798
1503 0.898112
1504 0.898552
1505 0.419112
1506 0.898687
1507 0.897443
1508 0.900367
1509 0.634182
1510 0.905018
1511 0.880923
1512 0.904987
1513 0.905155
1514 0.897728
1515 0.735322
1516 0.219782
1517 0.904107
1518 0.904767
1519 0.90459
1520 0.9047
1521 0.902632
1522 0.902285
1523 0.90293
1524 0.903528
1525 0.903253
1526 0.904585
1527 0.90507
1528 0.066075
1529 0.728997
1530 0.905693
1531 0.904595
1532 0.82441
1533 0.902402
1534 0.903593
1535 0.900675
1536 0.901068
1537 0.665042
1538 0.900648
1539 0.899798
1540 0.899625
1541 0.8984
1542 0.896913
1543 0.897223
1544 0.898663
1545 0.899068
1546 0.898805
1547 0.52727
1548 0.732498
1549 0.894607
1550 0.891505
1551 0.88888
1552 0.886898
1553 0.884777
1554 0.88275
1555 0.883143
1556 0.881835
1557 0.884687
1558 0.883872
1559 0.88581
1560 0.873035
1561 0.887243
1562 0.887085
1563 0.886635
1564 0.887145
1565 0.887517
1566 0.8867
1567 0.77296
1568 0.88656
1569 0.885877
1570 0.885182
1571 0.883833
1572 0.885177
1573 0.88567
1574 0.889188
1575 0.890267
1576 0.891085
1577 0.89258
1578 0.895605
1579 0.849792
1580 0.8496
1581 0.90075
1582 0.900613
1583 0.900227
1584 0.90019
1585 0.902875
1586 0.9
1587 0.897755
1588 0.896508
1589 0.895138
1590 0.894192
1591 0.894665
1592 0.893495
1593 0.890687
1594 0.889742
1595 0.891168
1596 0.89235
1597 0.892312
1598 0.892343
1599 0.88929
1600 0.890655
1601 0.8719
1602 0.891338
1603 0.890663
1604 0.89032
1605 0.88875
1606 0.890818
1607 0.892302
1608 0.894068
1609 0.89365
1610 0.896315
1611 0.899365
1612 0.216485
1613 0.849085
1614 0.900153
1615 0.875445
1616 0.90179
1617 0.899478
1618 0.89847
1619 0.897047
1620 0.14639
1621 0.899672
1622 0.901455
1623 0.902033
1624 0.61044
1625 0.904757
1626 0.907652
1627 0.90904
1628 0.331477
1629 0.915218
1630 0.91535
1631 0.91602
1632 0.918525
1633 0.919358
1634 0.91973
1635 0.698518
1636 0.144338
1637 0.917405
1638 0.916942
1639 0.916285
1640 0.915197
1641 0.9154
1642 0.916388
1643 0.914285
1644 0.912055
1645 0.869578
1646 0.914887
1647 0.91209
1648 0.401577
1649 0.9074
1650 0.911637
1651 0.910353
1652 0.90986
1653 0.909722
1654 0.908833
1655 0.906508
1656 0.90428
1657 0.9036
1658 0.903107
1659 0.90285
1660 0.905045
1661 0.904035
1662 0.87573
1663 0.90005
1664 0.83464
1665 0.898613
1666 0.899323
1667 0.901537
1668 0.677658
1669 0.904665
1670 0.907558
1671 0.908652
1672 0.909907
1673 0.910155
1674 0.908995
1675 0.909105
1676 0.906188
1677 0.846117
1678 0.902417
1679 0.521145
1680 0.835337
1681 0.892687
1682 0.888153
1683 0.53961
1684 0.8765
1685 0.83645
1686 0.834198
1687 0.87219
1688 0.871173
1689 0.482303
1690 0.865322
1691 0.842973
1692 0.870247
1693 0.870058
1694 0.869507
1695 0.869395
1696 0.869633
1697 0.14957
1698 0.867075
1699 0.86777
1700 0.761798
1701 0.866997
1702 0.865328
1703 0.866888
1704 0.86779
1705 0.868407
1706 0.864845
1707 0.859527
1708 0.855915
1709 0.849808
1710 0.436215
1711 0.837157
1712 0.830497
1713 0.827778
1714 0.827063
1715 0.82374
1716 0.822442
1717 0.798053
1718 0.82016
1719 0.81936
1720 0.820433
1721 0.820225
1722 0.819078
1723 0.818492
1724 0.816468
1725 0.814647
1726 0.814307
1727 0.812002
1728 0.583185
1729 0.808647
1730 0.80185
1731 0.79215
1732 0.784133
1733 0.78461
1734 0.73199
1735 0.000165
1736 0.677288
1737 0.65329
1738 0.64637
1739 0.786945
1740 0.605367
1741 0.600093
1742 0.59239
1743 0.565253
1744 0.561318
1745 0.55692
1746 0.55495
1747 0.515447
1748 0.508265
1749 0.506537
1750 0.503807
1751 0.504493
1752 0.488413
1753 0.486797
1754 0.483548
1755 0.480127
1756 0.476457
1757 0.476775
1758 0.471973
1759 0.47148
1760 0.552643
1761 0.463635
1762 0.464558
1763 0.457435
1764 0.456827
1765 0.456782
1766 0.470593
1767 0.47511
1768 0.387748
1769 0.47739
1770 0.476903
1771 0.488073
1772 0.490865
1773 0.490155
1774 0.488535
1775 0.49425
1776 0.166837
1777 0.489465
1778 0.482023
1779 0.474425
1780 0.792135
1781 0.465797
1782 0.45843
1783 0.457163
1784 0.449483
1785 0.65426
1786 0.444713
1787 0.433957
1788 0.425615
1789 0.422615
1790 0.415913
1791 0.408882
1792 0.406602
1793 0.400068
1794 0.39243
1795 0.389697
1796 0.384018
1797 0.382642
1798 0.386663
1799 0.745537
1800 0.387908
1801 0.386167
1802 0.389462
1803 0.389675
1804 0.68863
1805 0.393593
1806 0.39226
1807 0.41426
1808 0.392977
1809 0.397688
1810 0.389692
1811 0.389435
1812 0.387157
1813 0.417465
1814 0.39646
1815 0.322207
1816 0.37179
1817 0.36911
1818 0.409805
1819 0.36951
1820 0.37243
1821 0.373895
1822 0.375287
1823 0.35278
1824 0.368715
1825 0.36665
1826 0.36146
1827 0.35686
1828 0.358583
1829 0.348895
1830 0.344555
1831 0.481083
1832 0.335763
1833 0.331267
1834 0.327197
1835 0.32079
1836 0.31746
1837 0.315478
1838 0.307295
1839 0.340757
1840 0.30216
1841 0.291403
1842 0.28249
1843 0.615478
1844 0.271885
1845 0.266245
1846 0.263103
1847 0.256335
1848 0.389072
1849 0.24465
1850 0.235118
1851 0.22494
1852 0.610645
1853 0.21476
1854 0.21519
1855 0.215727
1856 0.216888
1857 0.220447
1858 0.272325
1859 0.84292
1860 0.56082
1861 0.21155
1862 0.205745
1863 0.19705
1864 0.19431
1865 0.188092
1866 0.551083
1867 0.193208
1868 0.202665
1869 0.611313
1870 0.27573
1871 0.907675
1872 0.22332
1873 0.223518
1874 0.224355
1875 0.432528
1876 0.228073
1877 0.230625
1878 0.236207
1879 0.365405
1880 0.24533
1881 0.254592
1882 0.254128
1883 0.551007
1884 0.27059
1885 0.884513
1886 0.28528
1887 0.29662
1888 0.30038
1889 0.309657
1890 0.319462
1891 0.32274
1892 0.33163
1893 0.705075
1894 0.79065
1895 0.3385
1896 0.295992
1897 0.341338
1898 0.40843
1899 0.360467
1900 0.366515
1901 0.3924
1902 0.420023
1903 0.428563
1904 0.446103
1905 0.472658
1906 0.475853
1907 0.48333
1908 0.488623
1909 0.487692
1910 0.473118
1911 0.466622
1912 0.486918
1913 0.458483
1914 0.452058
1915 0.448587
1916 0.883312
1917 0.436515
1918 0.4351
1919 0.427198
1920 0.423378
1921 0.440873
1922 0.416085
1923 0.412488
1924 0.515883
1925 0.448373
1926 0.377223
1927 0.852317
1928 0.360872
1929 0.353875
1930 0.350757
1931 0.342585
1932 0.85396
1933 0.3109
1934 0.302978
1935 0.295215
1936 0.888783
1937 0.553042
1938 0.578307
1939 0.283002
1940 0.278815
1941 0.271143
1942 0.278002
1943 0.272615
1944 0.265025
1945 0.26222
1946 0.24925
1947 0.846167
1948 0.84231
1949 0.224942
1950 0.216558
1951 0.208833
1952 0.247625
1953 0.1875
1954 0.183542
1955 0.397328
1956 0.164617
1957 0.159493
1958 0.15028
1959 0.140327
1960 0.128018
1961 0.122758
1962 0.31625
1963 0.113095
1964 0.10001
1965 0.09098
1966 0.527053
1967 0.0729125
1968 0.063595
1969 0.05901
1970 0.0474575
1971 0.590782
1972 0.0297675
1973 0.022845
1974 0.01816
1975 0.016235
1976 0.0119
1977 0.0088075
1978 0.858943
1979 0.0081525
1980 0.0077625
1981 0.0075925
1982 0.289795
1983 0.00697
1984 0.006635
1985 0.570952
1986 0.00551
1987 0.448997
1988 0.004645
1989 0.0045525
1990 0.00463
1991 0.889293
1992 0.456558
1993 0.56257
1994 0.88945
1995 0.0043875
1996 0.0042425
1997 0.00403
1998 0.0040825
1999 0.549963
2000 0.008045
2001 0.84604
2002 0.887413
2003 0.0367225
2004 0.050825
2005 0.0583575
2006 0.0744925
2007 0.090875
2008 0.903552
2009 0.118205
2010 0.1355
2011 0.142712
2012 0.16621
2013 0.180455
2014 0.194045
2015 0.215735
2016 0.236423
2017 0.254792
2018 0.27518
2019 0.29006
2020 0.296457
2021 0.308067
2022 0.316912
2023 0.327068
2024 0.344722
2025 0.36032
2026 0.36913
2027 0.383493
2028 0.398558
2029 0.40451
2030 0.405722
2031 0.405155
2032 0.616182
2033 0.40044
2034 0.390732
2035 0.392232
2036 0.841732
2037 0.35571
2038 0.353285
2039 0.341995
2040 0.334685
2041 0.314113
2042 0.307185
2043 0.283627
2044 0.279122
2045 0.269
2046 0.260062
2047 0.25851
2048 0.247575
2049 0.238825
2050 0.236363
2051 0.883877
2052 0.84498
2053 0.69991
2054 0.207797
2055 0.197515
2056 0.1937
2057 0.17982
2058 0.173613
2059 0.168865
2060 0.148265
2061 0.741707
2062 0.889235
2063 0.12308
2064 0.110823
2065 0.888215
2066 0.0940625
2067 0.087335
2068 0.08647
2069 0.080975
2070 0.0785775
2071 0.0741425
2072 0.0649725
2073 0.0600975
2074 0.057855
2075 0.050915
2076 0.04247
2077 0.0394125
2078 0.53216
2079 0.026475
2080 0.02401
2081 0.019185
2082 0.635665
2083 0.0144275
2084 0.014615
2085 0.596607
2086 0.84277
2087 0.0137575
2088 0.01348
2089 0.0133475
2090 0.013075
2091 0.01288
2092 0.0129625
2093 0.012825
2094 0.012945
2095 0.01337
2096 0.45601
2097 0.013695
2098 0.887478
2099 0.0149275
2100 0.0176575
2101 0.407492
2102 0.0242025
2103 0.0293925
2104 0.886513
2105 0.703052
2106 0.04565
2107 0.0499875
2108 0.057935
2109 0.0687975
2110 0.41119
2111 0.0866875
2112 0.0974675
2113 0.102962
2114 0.11695
2115 0.129468
2116 0.1383
2117 0.153168
2118 0.171437
2119 0.180005
2120 0.197843
2121 0.215262
2122 0.232255
2123 0.338665
2124 0.573963
2125 0.28641
2126 0.337023
2127 0.362575
2128 0.37665
2129 0.407275
2130 0.434067
2131 0.447418
2132 0.466425
2133 0.477048
2134 0.83923
2135 0.50987
2136 0.512077
2137 0.423762
2138 0.584993
2139 0.512443
2140 0.51254
2141 0.511305
2142 0.503992
2143 0.501115
2144 0.493412
2145 0.490683
2146 0.487515
2147 0.48056
2148 0.471335
2149 0.47014
2150 0.464068
2151 0.390468
2152 0.776725
2153 0.559908
2154 0.32567
2155 0.342095
2156 0.323437
2157 0.326497
2158 0.32725
2159 0.719037
2160 0.334952
2161 0.31524
2162 0.31322
2163 0.311652
2164 0.309928
2165 0.304588
2166 0.298648
2167 0.297478
2168 0.28903
2169 0.283475
2170 0.28089
2171 0.86894
2172 0.268238
2173 0.84386
2174 0.256808
2175 0.23452
2176 0.228508
2177 0.21617
2178 0.20749
2179 0.19554
2180 0.181338
2181 0.167632
2182 0.163277
2183 0.15105
2184 0.160922
2185 0.123635
2186 0.7598
2187 0.10562
2188 0.0996825
2189 0.08725
2190 0.078625
2191 0.074635
2192 0.0963375
2193 0.0569625
2194 0.0538175
2195 0.04697
2196 0.152677
2197 0.0385125
2198 0.0315825
2199 0.037675
2200 0.024205
2201 0.0210075
2202 0.24347
2203 0.0173275
2204 0.0159075
2205 0.01417
2206 0.0138
2207 0.0121325
2208 0.0106225
2209 0.009615
2210 0.0082575
2211 0.0054875
2212 0.004295
2213 0.002825
2214 0.00218
2215 0.0019475
2216 0.0023475
2217 0.002355
2218 0.0020975
2219 0.002195
2220 0.00211
2221 0.430383
2222 0.0028825
2223 0.00249
2224 0.00305
2225 0.4117
2226 0.0027225
2227 0.0028225
2228 0.003415
2229 0.003095
2230 0.0030075
2231 0.0032575
2232 0.00319
2233 0.0031125
2234 0.0032825
2235 0.0037925
2236 0.003665
2237 0.00392
2238 0.0035675
2239 0.56998
2240 0.0040075
2241 0.0035425
2242 0.00384
2243 0.00281
2244 0.0034175
2245 0.003765
2246 0.00414
2247 0.0040375
2248 0.00417
2249 0.004595
2250 0.004745
2251 0.0050225
2252 0.0055925
2253 0.0060125
2254 0.0063975
2255 0.006275
2256 0.005755
2257 0.0064825
2258 0.0067125
2259 0.007095
2260 0.0074175
2261 0.0071925
2262 0.0081375
2263 0.00798
2264 0.00863
2265 0.01129
2266 0.013355
2267 0.018955
2268 0.02692
2269 0.03051
2270 0.0395525
2271 0.048405
2272 0.053075
2273 0.0625075
2274 0.0709625
2275 0.074
2276 0.0790625
2277 0.0826325
2278 0.0846575
2279 0.0883075
2280 0.0922675
2281 0.0936975
2282 0.0976925
2283 0.099645
2284 0.100687
2285 0.103335
2286 0.1045
2287 0.10499
2288 0.106173
2289 0.106232
2290 0.106317
2291 0.106027
2292 0.104158
2293 0.103233
2294 0.102722
2295 0.100947
2296 0.100385
2297 0.15825
2298 0.152535
2299 0.150943
2300 0.151207
2301 0.149005
2302 0.145223
2303 0.142668
2304 0.13749
2305 0.135325
2306 0.135293
2307 0.134275
2308 0.13395
2309 0.132637
2310 0.132057
2311 0.133495
2312 0.134793
2313 0.135337
2314 0.133148
2315 0.133447
2316 0.52928
2317 0.142185
2318 0.127142
2319 0.12281
2320 0.119657
2321 0.149435
2322 0.127537
2323 0.107673
2324 0.108128
2325 0.10804
2326 0.108213
2327 0.108325
2328 0.108225
2329 0.106635
2330 0.118087
2331 0.103722
2332 0.098835
2333 0.0944375
2334 0.088255
2335 0.082845
2336 0.0803025
2337 0.0777525
2338 0.077405
2339 0.07526
2340 0.824253
2341 0.697625
2342 0.0809
2343 0.0836975
2344 0.084475
2345 0.08549
2346 0.0862
2347 0.085495
2348 0.08432
2349 0.08375
2350 0.48708
2351 0.0860675
2352 0.087335
2353 0.0879275
2354 0.441005
2355 0.0861475
2356 0.08541
2357 0.08527
2358 0.0849925
2359 0.08457
2360 0.084185
2361 0.084855
2362 0.08531
2363 0.085325
2364 0.085605
2365 0.0845725
2366 0.083795
2367 0.62555
2368 0.114998
2369 0.0847375
2370 0.084305
2371 0.08426
2372 0.0849675
2373 0.12129
2374 0.086225
2375 0.0858575
2376 0.0855975
2377 0.08493
2378 0.0845875
2379 0.278558
2380 0.22545
2381 0.083555
2382 0.0822575
2383 0.081295
2384 0.087665
2385 0.10015
2386 0.11544
2387 0.438453
2388 0.864722
2389 0.142538
2390 0.579145
2391 0.505997
2392 0.14566
2393 0.146003
2394 0.144948
2395 0.156227
2396 0.75299
2397 0.323215
2398 0.325115
2399 0.142242
2400 0.139148
2401 0.138665
2402 0.136425
2403 0.131078
2404 0.127695
2405 0.12806
2406 0.127463
2407 0.12693
2408 0.12801
2409 0.131208
2410 0.136018
2411 0.188945
2412 0.160128
2413 0.13828
2414 0.135848
2415 0.131963
2416 0.125505
2417 0.124423
2418 0.11892
2419 0.112687
2420 0.109592
2421 0.10188
2422 0.29366
2423 0.09244
2424 0.0862675
2425 0.080305
2426 0.0769275
2427 0.0699675
2428 0.066565
2429 0.0679825
2430 0.0704425
2431 0.071415
2432 0.071645
2433 0.082775
2434 0.0952475
2435 0.54469
2436 0.824155
2437 0.113845
2438 0.115875
2439 0.10307
2440 0.120078
2441 0.12149
2442 0.123253
2443 0.124448
2444 0.124717
2445 0.126458
2446 0.122482
2447 0.119637
2448 0.11317
2449 0.10811
2450 0.106633
2451 0.0978825
2452 0.0898925
2453 0.8238
2454 0.08424
2455 0.0832275
2456 0.0830475
2457 0.823523
2458 0.0995125
2459 0.104953
2460 0.152895
2461 0.117725
2462 0.11903
2463 0.118945
2464 0.11487
2465 0.112998
2466 0.108702
2467 0.103197
2468 0.10109
2469 0.0973025
2470 0.093195
2471 0.091775
2472 0.088585
2473 0.0856575
2474 0.084255
2475 0.0816175
2476 0.0803275
2477 0.817987
2478 0.0823475
2479 0.195665
2480 0.181907
2481 0.182633
2482 0.0855125
2483 0.0861575
2484 0.087545
2485 0.08777
2486 0.088515
2487 0.14229
2488 0.0893375
2489 0.089275
2490 0.0892775
2491 0.0899275
2492 0.075095
2493 0.089925
2494 0.089995
2495 0.08961
2496 0.0899125
2497 0.089775
2498 0.0898375
2499 0.0903525
2500 0.09031
2501 0.119322
2502 0.090135
2503 0.0907375
2504 0.10459
2505 0.091395
2506 0.08992
2507 0.0887775
2508 0.0933775
2509 0.10123
2510 0.10533
2511 0.113742
2512 0.122792
2513 0.127818
2514 0.209583
2515 0.13853
2516 0.13845
2517 0.660408
2518 0.13821
2519 0.205572
2520 0.140728
2521 0.142822
2522 0.144145
2523 0.14764
2524 0.148978
2525 0.148888
2526 0.815998
2527 0.150968
2528 0.124912
2529 0.1459
2530 0.14331
2531 0.143937
2532 0.141655
2533 0.13715
2534 0.134382
2535 0.129
2536 0.12703
2537 0.12691
2538 0.127697
2539 0.125433
2540 0.12615
2541 0.132235
2542 0.134492
2543 0.13643
2544 0.14088
2545 0.146923
2546 0.149058
2547 0.246855
2548 0.152333
2549 0.151822
2550 0.14472
2551 0.138003
2552 0.135595
2553 0.129975
2554 0.12569
2555 0.122762
2556 0.117
2557 0.294233
2558 0.108183
2559 0.202555
2560 0.095925
2561 0.0938525
2562 0.088505
2563 0.0824225
2564 0.0786725
2565 0.0723675
2566 0.0743525
2567 0.074895
2568 0.07606
2569 0.282878
2570 0.07524
2571 0.074295
2572 0.0738575
2573 0.0738475
2574 0.073805
2575 0.0738225
2576 0.073905
2577 0.07398
2578 0.073835
2579 0.0738525
2580 0.07385
2581 0.815122
2582 0.20055
2583 0.0736325
2584 0.073525
2585 0.0734925
2586 0.16433
2587 0.072975
2588 0.0741625
2589 0.0729575
2590 0.0730525
2591 0.073065
2592 0.073125
2593 0.0731475
2594 0.07313
2595 0.0731775
2596 0.0732275
2597 0.82139
2598 0.0732125
2599 0.0731125
2600 0.0731
2601 0.073095
2602 0.0730625
2603 0.0730225
2604 0.073095
2605 0.4856
2606 0.073155
2607 0.073285
2608 0.0733425
2609 0.0733225
2610 0.073315
2611 0.0736725
2612 0.073635
2613 0.073505
2614 0.073485
2615 0.0735375
2616 0.0735675
2617 0.073555
2618 0.073605
2619 0.073525
2620 0.0735975
2621 0.0735825
2622 0.0737125
2623 0.073685
2624 0.0735975
2625 0.081515
2626 0.0910425
2627 0.0964875
2628 0.104317
2629 0.205022
2630 0.113837
2631 0.116333
2632 0.118148
2633 0.11863
2634 0.120773
2635 0.121942
2636 0.122982
2637 0.125335
2638 0.133605
2639 0.13806
2640 0.148528
2641 0.160625
2642 0.163488
2643 0.17909
2644 0.19576
2645 0.202673
2646 0.21411
2647 0.193612
2648 0.221013
2649 0.223635
2650 0.221842
2651 0.218795
2652 0.18757
2653 0.157745
2654 0.203832
2655 0.191745
2656 0.50035
2657 0.199705
2658 0.206925
2659 0.817645
2660 0.221055
2661 0.22743
2662 0.233237
2663 0.23535
2664 0.51359
2665 0.23253
2666 0.0867475
2667 0.224112
2668 0.223562
2669 0.224898
2670 0.221325
2671 0.212883
2672 0.21644
2673 0.28506
2674 0.20794
2675 0.212615
2676 0.204568
2677 0.87752
2678 0.189672
2679 0.188172
2680 0.188903
2681 0.184627
2682 0.20361
2683 0.183045
2684 0.18027
2685 0.176305
2686 0.17488
2687 0.877205
2688 0.178817
2689 0.178795
2690 0.210132
2691 0.178825
2692 0.177918
2693 0.176992
2694 0.174425
2695 0.466705
2696 0.169557
2697 0.16524
2698 0.160458
2699 0.15831
2700 0.153435
2701 0.148232
2702 0.14568
2703 0.25914
2704 0.656165
2705 0.136997
2706 0.882212
2707 0.131293
2708 0.129862
2709 0.127718
2710 0.12763
2711 0.127447
2712 0.128123
2713 0.128383
2714 0.128585
2715 0.128697
2716 0.128858
2717 0.0708175
2718 0.127873
2719 0.127383
2720 0.125872
2721 0.294287
2722 0.12697
2723 0.127043
2724 0.127367
2725 0.12819
2726 0.143665
2727 0.12993
2728 0.13562
2729 0.196005
2730 0.147065
2731 0.154092
2732 0.157598
2733 0.819738
2734 0.165625
2735 0.165988
2736 0.170705
2737 0.172813
2738 0.173973
2739 0.174508
2740 0.175813
2741 0.176365
2742 0.17669
2743 0.178163
2744 0.179037
2745 0.17914
2746 0.179822
2747 0.834688
2748 0.14373
2749 0.184815
2750 0.452562
2751 0.612842
2752 0.18759
2753 0.188098
2754 0.188635
2755 0.190328
2756 0.190447
2757 0.43049
2758 0.19149
2759 0.191988
2760 0.569738
2761 0.20805
2762 0.192275
2763 0.197857
2764 0.19023
2765 0.190823
2766 0.189883
2767 0.189027
2768 0.189065
2769 0.18832
2770 0.186943
2771 0.26032
2772 0.831015
2773 0.185847
2774 0.218505
2775 0.183202
2776 0.18174
2777 0.181023
2778 0.193323
2779 0.17844
2780 0.365095
2781 0.17824
2782 0.856858
2783 0.17729
2784 0.17565
2785 0.174155
2786 0.172673
2787 0.169753
2788 0.1676
2789 0.166878
2790 0.165675
2791 0.16428
2792 0.16324
2793 0.161445
2794 0.16039
2795 0.159745
2796 0.159092
2797 0.157938
2798 0.157128
2799 0.379635
2800 0.837742
2801 0.154425
2802 0.152523
2803 0.15105
2804 0.719925
2805 0.149297
2806 0.595402
2807 0.147773
2808 0.14803
2809 0.1481
2810 0.148
2811 0.147182
2812 0.147105
2813 0.147193
2814 0.147563
2815 0.147297
2816 0.838708
2817 0.14753
2818 0.147118
2819 0.14708
2820 0.169425
2821 0.147625
2822 0.148088
2823 0.148345
2824 0.14788
2825 0.14791
2826 0.14789
2827 0.875892
2828 0.147762
2829 0.147385
2830 0.147147
2831 0.147235
2832 0.147223
2833 0.147345
2834 0.14733
2835 0.147393
2836 0.33112
2837 0.495603
2838 0.149595
2839 0.149767
2840 0.14992
2841 0.149803
2842 0.149265
2843 0.148872
2844 0.14807
2845 0.147673
2846 0.147632
2847 0.147735
2848 0.148092
2849 0.14825
2850 0.14841
2851 0.14872
2852 0.14838
2853 0.148755
2854 0.148615
2855 0.148728
2856 0.14888
2857 0.148438
2858 0.1485
2859 0.157982
2860 0.148347
2861 0.146968
2862 0.147305
2863 0.147413
2864 0.147528
2865 0.148248
2866 0.271735
2867 0.149055
2868 0.14949
2869 0.150133
2870 0.15112
2871 0.151358
2872 0.151482
2873 0.151668
2874 0.151867
2875 0.185125
2876 0.150867
2877 0.15037
2878 0.151035
2879 0.698887
2880 0.15481
2881 0.651038
2882 0.174388
2883 0.15995
2884 0.16084
2885 0.161525
2886 0.160718
2887 0.161745
2888 0.54714
2889 0.161875
2890 0.163
2891 0.163005
2892 0.161733
2893 0.158472
2894 0.15784
2895 0.169942
2896 0.157842
2897 0.15798
2898 0.15873
2899 0.158532
2900 0.158355
2901 0.158543
2902 0.15902
2903 0.15893
2904 0.158408
2905 0.157722
2906 0.157482
2907 0.157548
2908 0.157887
2909 0.25093
2910 0.157458
2911 0.15682
2912 0.156575
2913 0.156345
2914 0.156358
2915 0.1565
2916 0.156317
2917 0.129655
2918 0.677068
2919 0.155078
2920 0.680033
2921 0.154765
2922 0.07933
2923 0.15478
2924 0.154587
2925 0.15478
2926 0.154845
2927 0.154785
2928 0.155032
2929 0.15487
2930 0.154902
2931 0.155243
2932 0.156345
2933 0.156883
2934 0.159892
2935 0.16096
2936 0.45856
2937 0.161887
2938 0.16276
2939 0.162975
2940 0.16366
2941 0.16452
2942 0.165
2943 0.165518
2944 0.1667
2945 0.1675
2946 0.597732
2947 0.173192
2948 0.174577
2949 0.177175
2950 0.179627
2951 0.48415
2952 0.672717
2953 0.185018
2954 0.186638
2955 0.192887
2956 0.19769
2957 0.20018
2958 0.204935
2959 0.209927
2960 0.213682
2961 0.22542
2962 0.22996
2963 0.237395
2964 0.238152
2965 0.24337
2966 0.245287
2967 0.250497
2968 0.25627
2969 0.644935
2970 0.267653
2971 0.273543
2972 0.215732
2973 0.283832
2974 0.292652
2975 0.296285
2976 0.301932
2977 0.307615
2978 0.309808
2979 0.314727
2980 0.319632
2981 0.321695
2982 0.330235
2983 0.303123
2984 0.341882
2985 0.346332
2986 0.369015
2987 0.334578
2988 0.37226
2989 0.375585
2990 0.381635
2991 0.390807
2992 0.402395
2993 0.40935
2994 0.412797
2995 0.42444
2996 0.42789
2997 0.434665
2998 0.457792
2999 0.470907
3000 0.440905
3001 0.522918
3002 0.708185
3003 0.55404
3004 0.573897
3005 0.581963
3006 0.594645
3007 0.606062
3008 0.613718
3009 0.6213
3010 0.62823
3011 0.837525
3012 0.685107
3013 0.689385
3014 0.6898
3015 0.697932
3016 0.73985
3017 0.744613
3018 0.756332
3019 0.773062
3020 0.78017
3021 0.78811
3022 0.7868
3023 0.79608
3024 0.761602
3025 0.80354
3026 0.80391
3027 0.80849
3028 0.81194
3029 0.77434
3030 0.821318
3031 0.831248
3032 0.359017
3033 0.77986
3034 0.840403
3035 0.840978
3036 0.867968
3037 0.867663
3038 0.868112
3039 0.867715
3040 0.861383
3041 0.853947
3042 0.842885
3043 0.829623
3044 0.82709
3045 0.821172
3046 0.806022
3047 0.825257
3048 0.815595
3049 0.813708
3050 0.812017
3051 0.80994
3052 0.807782
3053 0.80669
3054 0.80654
3055 0.806092
3056 0.805685
3057 0.8092
3058 0.810943
3059 0.81168
3060 0.811758
3061 0.821235
3062 0.82171
3063 0.82269
3064 0.823727
3065 0.822573
3066 0.822562
3067 0.821982
3068 0.821685
3069 0.820503
3070 0.820438
3071 0.819897
3072 0.458852
3073 0.81884
3074 0.819553
3075 0.818743
3076 0.820427
3077 0.824183
3078 0.824673
3079 0.827525
3080 0.798902
3081 0.832242
3082 0.835225
3083 0.837295
3084 0.839695
3085 0.839122
3086 0.849005
3087 0.648757
3088 0.846105
3089 0.846612
3090 0.74754
3091 0.84403
3092 0.842912
3093 0.843442
3094 0.84106
3095 0.84042
3096 0.840215
3097 0.837025
3098 0.836372
3099 0.653995
3100 0.83418
3101 0.83383
3102 0.83427
3103 0.583623
3104 0.835803
3105 0.836415
3106 0.83516
3107 0.83323
3108 0.83316
3109 0.833677
3110 0.833205
3111 0.83167
3112 0.668755
3113 0.83112
3114 0.828645
3115 0.827255
3116 0.824797
3117 0.824148
3118 0.823987
3119 0.822272
3120 0.822157
3121 0.82259
3122 0.821823
3123 0.822503
3124 0.8229
3125 0.822237
3126 0.823965
3127 0.823788
3128 0.823738
3129 0.822565
3130 0.82155
3131 0.82113
3132 0.820837
3133 0.82022
3134 0.819335
3135 0.849402
3136 0.81519
3137 0.81445
3138 0.814867
3139 0.813667
3140 0.812218
3141 0.814893
3142 0.820385
3143 0.810875
3144 0.810307
3145 0.808832
3146 0.807878
3147 0.80801
3148 0.807527
3149 0.807462
3150 0.80701
3151 0.664265
3152 0.807832
3153 0.837703
3154 0.80514
3155 0.805125
3156 0.834993
3157 0.80428
3158 0.804767
3159 0.804685
3160 0.804183
3161 0.808585
3162 0.809145
3163 0.809612
3164 0.810037
3165 0.809277
3166 0.80942
3167 0.80876
3168 0.808292
3169 0.808427
3170 0.80827
3171 0.806822
3172 0.61328
3173 0.455505
3174 0.806828
3175 0.806588
3176 0.818908
3177 0.863325
3178 0.807268
3179 0.808538
3180 0.514537
3181 0.514543
3182 0.80742
3183 0.806605
3184 0.841403
3185 0.806345
3186 0.805682
3187 0.805277
3188 0.804362
3189 0.803562
3190 0.802802
3191 0.817205
3192 0.80105
3193 0.800805
3194 0.800103
3195 0.845283
3196 0.469325
3197 0.800462
3198 0.800612
3199 0.800305
3200 0.80044
3201 0.48253
3202 0.79954
3203 0.79938
3204 0.79919
3205 0.799335
3206 0.793242
3207 0.8196
3208 0.859862
3209 0.827525
3210 0.548643
3211 0.793273
3212 0.79365
3213 0.813655
3214 0.793435
3215 0.867317
3216 0.79306
3217 0.791957
3218 0.79206
3219 0.792512
3220 0.792835
3221 0.606633
3222 0.792257
3223 0.792103
3224 0.791277
3225 0.83368
3226 0.790057
3227 0.790092
3228 0.789752
3229 0.78951
3230 0.828233
3231 0.788995
3232 0.789543
3233 0.789062
3234 0.788857
3235 0.788465
3236 0.790025
3237 0.790003
3238 0.790068
3239 0.790613
3240 0.790852
3241 0.79001
3242 0.783115
3243 0.78961
3244 0.822383
3245 0.789275
3246 0.788852
3247 0.788965
3248 0.788312
3249 0.787582
3250 0.79639
3251 0.787585
3252 0.787865
3253 0.788807
3254 0.788717
3255 0.788767
3256 0.788695
3257 0.788493
3258 0.78891
3259 0.78887
3260 0.78831
3261 0.789833
3262 0.78952
3263 0.789837
3264 0.791488
3265 0.80041
3266 0.791373
3267 0.790565
3268 0.790907
3269 0.766042
3270 0.79078
3271 0.75386
3272 0.790745
3273 0.757387
3274 0.79036
3275 0.790268
3276 0.791022
3277 0.792702
3278 0.863483
3279 0.792637
3280 0.824525
3281 0.79306
3282 0.794728
3283 0.79369
3284 0.79374
3285 0.725915
3286 0.802163
3287 0.801695
3288 0.802418
3289 0.801462
3290 0.80094
3291 0.801395
3292 0.801617
3293 0.801723
3294 0.801723
3295 0.801497
3296 0.80118
3297 0.362042
3298 0.800508
3299 0.800427
3300 0.295455
3301 0.80066
3302 0.800408
3303 0.111698
3304 0.800695
3305 0.800905
3306 0.801185
3307 0.801535
3308 0.75713
3309 0.802013
3310 0.80239
3311 0.80101
3312 0.801333
3313 0.737395
3314 0.799323
3315 0.800242
3316 0.799222
3317 0.863332
3318 0.800957
3319 0.800795
3320 0.800333
3321 0.801052
3322 0.807127
3323 0.800092
3324 0.800045
3325 0.819172
3326 0.80064
3327 0.80111
3328 0.800225
3329 0.800782
3330 0.800512
3331 0.796562
3332 0.799565
3333 0.799345
3334 0.863125
3335 0.798632
3336 0.797157
3337 0.79713
3338 0.79687
3339 0.79657
3340 0.826017
3341 0.796065
3342 0.796118
3343 0.833642
3344 0.862815
3345 0.795045
3346 0.794403
3347 0.793998
3348 0.793655
3349 0.79208
3350 0.793003
3351 0.81672
3352 0.791887
3353 0.791898
3354 0.664637
3355 0.740757
3356 0.791918
3357 0.792605
3358 0.792928
3359 0.385805
3360 0.821045
3361 0.795207
3362 0.51504
3363 0.79504
3364 0.795325
3365 0.795865
3366 0.794975
3367 0.628425
3368 0.794565
3369 0.794148
3370 0.794608
3371 0.794318
3372 0.794485
3373 0.794273
3374 0.793765
3375 0.793833
3376 0.79387
3377 0.793525
3378 0.793647
3379 0.793837
3380 0.794787
3381 0.48707
3382 0.794112
3383 0.794517
3384 0.793508
3385 0.65317
3386 0.79458
3387 0.787787
3388 0.794215
3389 0.794573
3390 0.79449
3391 0.794068
3392 0.79675
3393 0.79409
3394 0.793952
3395 0.79423
3396 0.823298
3397 0.793405
3398 0.793197
3399 0.867015
3400 0.792987
3401 0.79342
3402 0.793175
3403 0.793155
3404 0.793145
3405 0.79385
3406 0.793292
3407 0.793212
3408 0.793092
3409 0.793133
3410 0.793207
3411 0.791813
3412 0.791933
3413 0.79209
3414 0.791643
3415 0.791565
3416 0.413992
3417 0.791288
3418 0.79098
3419 0.860923
3420 0.791315
3421 0.79105
3422 0.791347
3423 0.791482
3424 0.791385
3425 0.791948
3426 0.79238
3427 0.792323
3428 0.792168
3429 0.798517
3430 0.79281
3431 0.792965
3432 0.79292
3433 0.794242
3434 0.796185
3435 0.801817
3436 0.81383
3437 0.81362
3438 0.849205
3439 0.813433
3440 0.81375
3441 0.813872
3442 0.814453
3443 0.81462
3444 0.815917
3445 0.809813
3446 0.811025
3447 0.811555
3448 0.8115
3449 0.811712
3450 0.416247
3451 0.415403
3452 0.265182
3453 0.813377
3454 0.813388
3455 0.813425
3456 0.813515
3457 0.813385
3458 0.813758
3459 0.81435
3460 0.81419
3461 0.195195
3462 0.81698
3463 0.819327
3464 0.81893
3465 0.819048
3466 0.819157
3467 0.819235
3468 0.819233
3469 0.706427
3470 0.728105
3471 0.577937
3472 0.86202
3473 0.819643
3474 0.819475
3475 0.81998
3476 0.82002
3477 0.81995
3478 0.819928
3479 0.564542
3480 0.700642
3481 0.341662
3482 0.36027
3483 0.820505
3484 0.76884
3485 0.820693
3486 0.820782
3487 0.82208
3488 0.821743
3489 0.820665
3490 0.820403
3491 0.82043
3492 0.821257
3493 0.821102
3494 0.82097
3495 0.821168
3496 0.820835
3497 0.821708
3498 0.822078
3499 0.821858
3500 0.860032
3501 0.822322
3502 0.822365
3503 0.822605
3504 0.821752
3505 0.821812
3506 0.29684
3507 0.82216
3508 0.82225
3509 0.822098
3510 0.822427
3511 0.822998
3512 0.793558
3513 0.82171
3514 0.217252
3515 0.701575
3516 0.821093
3517 0.820295
3518 0.820752
3519 0.127235
3520 0.820427
3521 0.40991
3522 0.627548
3523 0.835148
3524 0.820227
3525 0.820052
3526 0.820603
3527 0.594155
3528 0.820353
3529 0.820025
3530 0.82032
3531 0.82035
3532 0.820312
3533 0.829557
3534 0.81889
3535 0.820312
3536 0.819875
3537 0.819665
3538 0.820045
3539 0.81983
3540 0.819963
3541 0.819617
3542 0.816285
3543 0.812985
3544 0.170472
3545 0.81946
3546 0.819577
3547 0.81952
3548 0.819532
3549 0.819377
3550 0.81948
3551 0.819145
3552 0.819093
3553 0.854738
3554 0.820263
3555 0.82
3556 0.819952
3557 0.81998
3558 0.81982
3559 0.819645
3560 0.81972
3561 0.819185
3562 0.819072
3563 0.81907
3564 0.81892
3565 0.819295
3566 0.819345
3567 0.819307
3568 0.819617
3569 0.819728
3570 0.81161
3571 0.811353
3572 0.811362
3573 0.811335
3574 0.811163
3575 0.810865
3576 0.810627
3577 0.812558
3578 0.220108
3579 0.812693
3580 0.812673
3581 0.19096
3582 0.81446
3583 0.17859
3584 0.815183
3585 0.815325
3586 0.815168
3587 0.815113
3588 0.796758
3589 0.815608
3590 0.815482
3591 0.815745
3592 0.831662
3593 0.816913
3594 0.817025
3595 0.814567
3596 0.814335
3597 0.81469
3598 0.81448
3599 0.0905675
3600 0.81628
3601 0.816503
3602 0.816475
3603 0.816307
3604 0.078365
3605 0.816405
3606 0.81703
3607 0.817265
3608 0.817195
3609 0.817577
3610 0.81766
3611 0.817697
3612 0.817767
3613 0.81768
3614 0.81763
3615 0.817503
3616 0.817615
3617 0.817512
3618 0.81821
3619 0.818102
3620 0.813002
3621 0.811623
3622 0.81213
3623 0.811433
3624 0.81382
3625 0.813527
3626 0.813362
3627 0.813218
3628 0.813277
3629 0.813288
3630 0.81289
3631 0.81409
3632 0.813738
3633 0.81668
3634 0.126145
3635 0.814295
3636 0.81448
3637 0.81418
3638 0.504563
3639 0.813952
3640 0.814235
3641 0.814673
3642 0.81471
3643 0.81441
3644 0.074695
3645 0.074995
3646 0.812908
3647 0.828845
3648 0.812738
3649 0.812187
3650 0.811565
3651 0.811863
3652 0.81191
3653 0.812288
3654 0.81261
3655 0.813048
3656 0.812805
3657 0.812808
3658 0.812952
3659 0.812972
3660 0.813365
3661 0.81342
3662 0.814037
3663 0.81335
3664 0.813512
3665 0.813577
3666 0.813485
3667 0.813465
3668 0.813747
3669 0.813872
3670 0.807342
3671 0.807605
3672 0.807203
3673 0.850565
3674 0.810033
3675 0.669358
3676 0.849097
3677 0.805898
3678 0.849155
3679 0.850152
3680 0.148372
3681 0.81404
3682 0.815362
3683 0.8155
3684 0.204865
3685 0.815545
3686 0.814345
3687 0.830392
3688 0.425382
3689 0.815368
3690 0.81521
3691 0.353318
3692 0.815242
3693 0.775467
3694 0.815593
3695 0.073975
3696 0.81205
3697 0.812333
3698 0.074205
3699 0.575465
3700 0.811887
3701 0.811985
3702 0.721233
3703 0.812495
3704 0.812575
3705 0.8129
3706 0.81288
3707 0.105008
3708 0.81277
3709 0.812565
3710 0.812685
3711 0.813035
3712 0.81375
3713 0.813427
3714 0.813595
3715 0.813627
3716 0.814298
3717 0.814177
3718 0.814462
3719 0.81408
3720 0.815915
3721 0.816065
3722 0.815605
3723 0.815675
3724 0.815457
3725 0.22069
3726 0.815538
3727 0.22014
3728 0.815067
3729 0.815272
3730 0.81534
3731 0.81519
3732 0.34965
3733 0.815272
3734 0.815307
3735 0.815377
3736 0.363003
3737 0.815712
3738 0.815538
3739 0.81541
3740 0.815582
3741 0.816007
3742 0.424325
3743 0.81625
3744 0.816407
3745 0.804845
3746 0.810025
3747 0.809458
3748 0.810087
3749 0.813403
3750 0.691133
3751 0.812723
3752 0.474903
3753 0.812617
3754 0.81303
3755 0.8142
3756 0.815333
3757 0.807462
3758 0.81513
3759 0.815345
3760 0.815405
3761 0.880985
3762 0.879865
3763 0.814115
3764 0.814298
3765 0.81349
3766 0.813312
3767 0.432883
3768 0.812007
3769 0.811512
3770 0.805702
3771 0.80498
3772 0.80516
3773 0.805615
3774 0.806248
3775 0.806318
3776 0.80655
3777 0.80683
3778 0.80684
3779 0.806652
3780 0.80709
3781 0.807902
3782 0.80918
3783 0.808848
3784 0.270767
3785 0.80874
3786 0.809628
3787 0.774722
3788 0.80939
3789 0.44561
3790 0.809303
3791 0.809395
3792 0.826307
3793 0.809133
3794 0.809033
3795 0.813333
3796 0.812625
3797 0.81261
3798 0.812057
3799 0.811213
3800 0.809845
3801 0.856402
3802 0.487692
3803 0.807375
3804 0.80594
3805 0.805505
3806 0.804423
3807 0.804225
3808 0.538615
3809 0.378595
3810 0.812615
3811 0.813872
3812 0.81708
3813 0.818218
3814 0.81825
3815 0.81838
3816 0.821793
3817 0.82218
3818 0.825085
3819 0.825205
3820 0.834217
3821 0.805508
3822 0.833987
3823 0.834035
3824 0.834233
3825 0.834115
3826 0.833882
3827 0.833815
3828 0.833618
3829 0.834002
3830 0.829175
3831 0.83458
3832 0.834542
3833 0.834653
3834 0.650393
3835 0.835023
3836 0.750607
3837 0.835128
3838 0.834878
3839 0.834718
3840 0.834723
3841 0.834785
3842 0.647548
3843 0.83453
3844 0.83455
3845 0.624393
3846 0.834937
3847 0.834735
3848 0.834815
3849 0.834498
3850 0.834515
3851 0.834618
3852 0.834455
3853 0.834665
3854 0.834618
3855 0.834715
3856 0.764417
3857 0.831313
3858 0.834682
3859 0.83509
3860 0.83438
3861 0.83463
3862 0.834475
3863 0.834505
3864 0.834255
3865 0.834385
3866 0.834333
3867 0.834547
3868 0.834217
3869 0.83487
3870 0.835457
3871 0.835202
3872 0.554743
3873 0.835278
3874 0.83517
3875 0.835457
3876 0.81518
3877 0.835893
3878 0.835812
3879 0.835958
3880 0.836015
3881 0.14069
3882 0.83574
3883 0.83526
3884 0.84376
3885 0.835242
3886 0.83555
3887 0.138692
3888 0.834817
3889 0.867505
3890 0.834775
3891 0.836215
3892 0.834278
3893 0.834095
3894 0.833965
3895 0.835978
3896 0.835712
3897 0.836063
3898 0.836395
3899 0.141945
3900 0.639258
3901 0.876103
3902 0.836207
3903 0.836377
3904 0.132082
3905 0.07327
3906 0.497578
3907 0.835845
3908 0.835955
3909 0.835568
3910 0.83541
3911 0.83557
3912 0.83531
3913 0.835407
3914 0.850235
3915 0.834665
3916 0.8345
3917 0.622947
3918 0.834575
3919 0.835048
3920 0.833445
3921 0.856705
3922 0.83349
3923 0.833665
3924 0.833805
3925 0.833825
3926 0.833718
3927 0.81266
3928 0.834058
3929 0.83394
3930 0.713738
3931 0.833852
3932 0.83418
3933 0.835032
3934 0.835202
3935 0.834803
3936 0.8351
3937 0.6116
3938 0.835032
3939 0.834973
3940 0.834893
3941 0.834997
3942 0.80571
3943 0.834967
3944 0.834758
3945 0.837132
3946 0.837063
3947 0.837775
3948 0.837573
3949 0.837522
3950 0.690205
3951 0.149283
3952 0.83648
3953 0.836658
3954 0.83655
3955 0.832915
3956 0.836505
3957 0.83658
3958 0.836498
3959 0.38729
3960 0.15597
3961 0.83706
3962 0.836145
3963 0.832952
3964 0.836028
3965 0.83606
3966 0.836415
3967 0.635915
3968 0.837178
3969 0.69128
3970 0.342272
3971 0.83766
3972 0.83722
3973 0.838472
3974 0.152877
3975 0.152138
3976 0.83686
3977 0.836465
3978 0.836398
3979 0.77747
3980 0.531438
3981 0.77474
3982 0.836398
3983 0.19092
3984 0.835348
3985 0.29383
3986 0.834955
3987 0.835585
3988 0.683153
3989 0.835932
3990 0.835692
3991 0.836313
3992 0.836485
3993 0.293287
3994 0.83607
3995 0.836187
3996 0.83744
3997 0.7074
3998 0.83647
3999 0.80609
4000 0.75903
4001 0.837415
4002 0.838803
4003 0.837635
4004 0.83756
4005 0.837477
4006 0.837568
4007 0.837287
4008 0.562412
4009 0.699895
4010 0.837252
4011 0.0746475
4012 0.837392
4013 0.837753
4014 0.83768
4015 0.83762
4016 0.517968
4017 0.422635
4018 0.837035
4019 0.837045
4020 0.835425
4021 0.835682
4022 0.835515
4023 0.83553
4024 0.835633
4025 0.136855
4026 0.8362
4027 0.836348
4028 0.836233
4029 0.836067
4030 0.719222
4031 0.836272
4032 0.835917
4033 0.835915
4034 0.83515
4035 0.776
4036 0.680473
4037 0.834377
4038 0.83398
4039 0.268603
4040 0.833555
4041 0.833627
4042 0.833085
4043 0.833287
4044 0.32561
4045 0.833875
4046 0.832412
4047 0.408895
4048 0.313375
4049 0.831727
4050 0.832488
4051 0.83241
4052 0.83297
4053 0.83284
4054 0.832492
4055 0.831985
4056 0.833357
4057 0.83286
4058 0.83374
4059 0.833843
4060 0.833845
4061 0.834333
4062 0.834313
4063 0.834568
4064 0.83549
4065 0.835812
4066 0.836577
4067 0.323157
4068 0.837325
4069 0.83812
4070 0.83833
4071 0.838195
4072 0.83778
4073 0.838047
4074 0.837905
4075 0.837867
4076 0.837785
4077 0.837805
4078 0.8367
4079 0.836803
4080 0.834557
4081 0.791615
4082 0.804967
4083 0.696327
4084 0.83711
4085 0.83688
4086 0.836827
4087 0.843747
4088 0.837105
4089 0.417442
4090 0.702145
4091 0.837453
4092 0.837222
4093 0.837573
4094 0.83701
4095 0.839415
4096 0.838817
4097 0.838797
4098 0.517722
4099 0.838655
4100 0.838363
4101 0.838345
4102 0.838425
4103 0.838592
4104 0.785665
4105 0.838897
4106 0.651045
4107 0.838718
4108 0.83863
4109 0.838823
4110 0.839117
4111 0.83885
4112 0.83806
4113 0.837943
4114 0.838065
4115 0.837882
4116 0.837878
4117 0.837795
4118 0.463373
4119 0.838052
4120 0.363248
4121 0.84018
4122 0.83977
4123 0.83981
4124 0.852815
4125 0.810335
4126 0.83977
4127 0.839747
4128 0.839727
4129 0.839905
4130 0.84002
4131 0.81462
4132 0.840318
4133 0.840395
4134 0.839947
4135 0.828485
4136 0.340888
4137 0.82667
4138 0.83957
4139 0.839775
4140 0.839295
4141 0.814052
4142 0.839365
4143 0.7951
4144 0.839117
4145 0.496047
4146 0.840978
4147 0.84107
4148 0.844985
4149 0.84028
4150 0.839573
4151 0.83914
4152 0.838668
4153 0.838355
4154 0.837555
4155 0.837335
4156 0.836952
4157 0.837067
4158 0.874108
4159 0.836372
4160 0.68398
4161 0.835808
4162 0.83508
4163 0.835145
4164 0.83504
4165 0.455305
4166 0.834777
4167 0.83474
4168 0.829553
4169 0.834225
4170 0.75904
4171 0.863413
4172 0.834207
4173 0.834292
4174 0.833893
4175 0.83426
4176 0.834615
4177 0.83504
4178 0.849775
4179 0.835573
4180 0.84909
4181 0.775735
4182 0.835797
4183 0.30845
4184 0.835888
4185 0.836048
4186 0.83671
4187 0.838718
4188 0.83867
4189 0.714483
4190 0.841775
4191 0.842712
4192 0.842823
4193 0.842915
4194 0.842738
4195 0.842352
4196 0.840217
4197 0.84249
4198 0.862428
4199 0.87559
4200 0.842215
4201 0.842727
4202 0.84279
4203 0.843595
4204 0.843982
4205 0.630683
4206 0.84434
4207 0.846002
4208 0.846838
4209 0.848592
4210 0.850695
4211 0.851765
4212 0.852378
4213 0.854515
4214 0.855645
4215 0.857167
4216 0.68231
4217 0.864155
4218 0.86526
4219 0.86794
4220 0.871225
4221 0.869765
4222 0.872225
4223 0.802305
4224 0.87505
4225 0.70741
4226 0.874692
4227 0.875145
4228 0.7181
4229 0.875483
4230 0.876703
4231 0.876365
4232 0.876147
4233 0.875108
4234 0.878733
4235 0.87987
4236 0.88072
4237 0.453387
4238 0.88233
4239 0.881555
4240 0.881068
4241 0.866308
4242 0.256145
4243 0.875015
4244 0.864932
4245 0.868483
4246 0.865613
4247 0.864995
4248 0.865785
4249 0.863383
4250 0.863492
4251 0.860507
4252 0.858028
4253 0.856735
4254 0.854775
4255 0.847705
4256 0.845795
4257 0.852205
4258 0.846513
4259 0.848975
4260 0.85025
4261 0.834782
4262 0.845917
4263 0.847653
4264 0.850607
4265 0.853232
4266 0.853415
4267 0.858295
4268 0.858502
4269 0.858832
4270 0.855553
4271 0.859527
4272 0.862557
4273 0.864587
4274 0.834363
4275 0.87018
4276 0.87259
4277 0.876788
4278 0.877015
4279 0.879238
4280 0.883898
4281 0.88532
4282 0.887628
4283 0.88977
4284 0.891933
4285 0.892633
4286 0.89169
4287 0.890872
4288 0.890475
4289 0.783817
4290 0.885563
4291 0.88077
4292 0.878923
4293 0.746003
4294 0.843792
4295 0.825863
4296 0.827645
4297 0.82785
4298 0.836878
4299 0.82401
4300 0.819958
4301 0.861132
4302 0.81694
4303 0.813055
4304 0.808915
4305 0.808002
4306 0.78522
4307 0.803245
4308 0.80182
4309 0.802813
4310 0.800825
4311 0.799588
4312 0.798907
4313 0.799122
4314 0.81751
4315 0.800045
4316 0.79886
4317 0.797928
4318 0.774038
4319 0.768142
4320 0.769217
4321 0.770675
4322 0.795083
4323 0.74998
4324 0.73876
4325 0.733847
4326 0.733803
4327 0.729407
4328 0.707993
4329 0.705937
4330 0.703825
4331 0.73629
4332 0.70155
4333 0.701867
4334 0.702113
4335 0.701662
4336 0.700917
4337 0.697615
4338 0.859282
4339 0.70051
4340 0.701028
4341 0.70154
4342 0.702658
4343 0.796432
4344 0.08248
4345 0.682125
4346 0.416712
4347 0.687745
4348 0.690377
4349 0.860275
4350 0.694542
4351 0.69788
4352 0.696305
4353 0.693623
4354 0.68954
4355 0.686242
4356 0.684675
4357 0.67924
4358 0.674408
4359 0.67181
4360 0.670682
4361 0.659382
4362 0.656295
4363 0.652707
4364 0.809357
4365 0.65022
4366 0.150652
4367 0.650922
4368 0.65076
4369 0.647787
4370 0.642675
4371 0.641972
4372 0.64344
4373 0.641007
4374 0.825268
4375 0.638435
4376 0.641683
4377 0.641935
4378 0.839102
4379 0.629012
4380 0.632925
4381 0.644883
4382 0.637255
4383 0.637907
4384 0.63887
4385 0.63699
4386 0.812898
4387 0.632637
4388 0.625565
4389 0.624803
4390 0.61954
4391 0.679325
4392 0.607625
4393 0.599108
4394 0.57363
4395 0.569608
4396 0.560845
4397 0.550333
4398 0.543362
4399 0.53163
4400 0.52217
4401 0.518007
4402 0.509655
4403 0.505158
4404 0.500825
4405 0.856823
4406 0.48783
4407 0.482658
4408 0.477982
4409 0.860422
4410 0.475847
4411 0.47566
4412 0.476475
4413 0.47735
4414 0.49197
4415 0.49641
4416 0.499182
4417 0.517525
4418 0.52481
4419 0.52682
4420 0.527857
4421 0.538798
4422 0.540297
4423 0.537512
4424 0.54337
4425 0.54631
4426 0.54752
4427 0.54096
4428 0.540872
4429 0.538795
4430 0.53438
4431 0.52925
4432 0.52105
4433 0.862213
4434 0.51572
4435 0.50969
4436 0.59258
4437 0.507812
4438 0.511275
4439 0.513493
4440 0.514957
4441 0.52174
4442 0.139173
4443 0.532537
4444 0.538215
4445 0.539795
4446 0.79918
4447 0.554987
4448 0.562028
4449 0.567195
4450 0.572
4451 0.572662
4452 0.57258
4453 0.572248
4454 0.575805
4455 0.574333
4456 0.57813
4457 0.580225
4458 0.582595
4459 0.580608
4460 0.581512
4461 0.581963
4462 0.585785
4463 0.587738
4464 0.588213
4465 0.590995
4466 0.589113
4467 0.602595
4468 0.59879
4469 0.606557
4470 0.605023
4471 0.617452
4472 0.628162
4473 0.635827
4474 0.648068
4475 0.656292
4476 0.64501
4477 0.64794
4478 0.653585
4479 0.17532
4480 0.62597
4481 0.626305
4482 0.62367
4483 0.59278
4484 0.592082
4485 0.590507
4486 0.587888
4487 0.563373
4488 0.562288
4489 0.560848
4490 0.557705
4491 0.555225
4492 0.554975
4493 0.554843
4494 0.554808
4495 0.556342
4496 0.562567
4497 0.566002
4498 0.57032
4499 0.574963
4500 0.577315
4501 0.582255
4502 0.586087
4503 0.588978
4504 0.611275
4505 0.62042
4506 0.620213
4507 0.638053
4508 0.637683
4509 0.63836
4510 0.660015
4511 0.666025
4512 0.66696
4513 0.684825
4514 0.689823
4515 0.696195
4516 0.723045
4517 0.73802
4518 0.742735
4519 0.75333
4520 0.761127
4521 0.764628
4522 0.76331
4523 0.759702
4524 0.75989
4525 0.788508
4526 0.796867
4527 0.801063
4528 0.80917
4529 0.831515
4530 0.83848
4531 0.848395
4532 0.855472
4533 0.858518
4534 0.863487
4535 0.86738
4536 0.867977
4537 0.8692
4538 0.868152
4539 0.867568
4540 0.866855
4541 0.866548
4542 0.86631
4543 0.863622
4544 0.862313
4545 0.856865
4546 0.854792
4547 0.85569
4548 0.85399
4549 0.856165
4550 0.854925
4551 0.853422
4552 0.85162
4553 0.856655
4554 0.855542
4555 0.85449
4556 0.85064
4557 0.848695
4558 0.795562
4559 0.782055
4560 0.77831
4561 0.768752
4562 0.765583
4563 0.763385
4564 0.763015
4565 0.695438
4566 0.69842
4567 0.696205
4568 0.695013
4569 0.692902
4570 0.684758
4571 0.635328
4572 0.636023
4573 0.636848
4574 0.63344
4575 0.631872
4576 0.628602
4577 0.621665
4578 0.614575
4579 0.60682
4580 0.599005
4581 0.595275
4582 0.587893
4583 0.585295
4584 0.584295
4585 0.579002
4586 0.576762
4587 0.579987
4588 0.582585
4589 0.583072
4590 0.584008
4591 0.584485
4592 0.604908
4593 0.740627
4594 0.10136
4595 0.757472
4596 0.406317
4597 0.761105
4598 0.759707
4599 0.761525
4600 0.13055
4601 0.610847
4602 0.756252
4603 0.75633
4604 0.474307
4605 0.754757
4606 0.75414
4607 0.752953
4608 0.752162
4609 0.75194
4610 0.749753
4611 0.754012
4612 0.75299
4613 0.752783
4614 0.74986
4615 0.748465
4616 0.7454
4617 0.872613
4618 0.741757
4619 0.7103
4620 0.707198
4621 0.059865
4622 0.777042
4623 0.597967
4624 0.60119
4625 0.595755
4626 0.587453
4627 0.70156
4628 0.88745
4629 0.573327
4630 0.578425
4631 0.581852
4632 0.581472
4633 0.590862
4634 0.348838
4635 0.59416
4636 0.596368
4637 0.60023
4638 0.637877
4639 0.65458
4640 0.66358
4641 0.01784
4642 0.692993
4643 0.698695
4644 0.710875
4645 0.719455
4646 0.722615
4647 0.725823
4648 0.726485
4649 0.726782
4650 0.72703
4651 0.729225
4652 0.783945
4653 0.7355
4654 0.73512
4655 0.73722
4656 0.73396
4657 0.73428
4658 0.732475
4659 0.69395
4660 0.688532
4661 0.681723
4662 0.674335
4663 0.67238
4664 0.19941
4665 0.660292
4666 0.65769
4667 0.480818
4668 0.655317
4669 0.625965
4670 0.74314
4671 0.635475
4672 0.634637
4673 0.632757
4674 0.63158
4675 0.567268
4676 0.848295
4677 0.55935
4678 0.556732
4679 0.502645
4680 0.482315
4681 0.469635
4682 0.461508
4683 0.450327
4684 0.400153
4685 0.395435
4686 0.888073
4687 0.377965
4688 0.37601
4689 0.373148
4690 0.37218
4691 0.37414
4692 0.374333
4693 0.371453
4694 0.371337
4695 0.370575
4696 0.549805
4697 0.372152
4698 0.37441
4699 0.581805
4700 0.304745
4701 0.381972
4702 0.386188
4703 0.386037
4704 0.848023
4705 0.394455
4706 0.395905
4707 0.393998
4708 0.39544
4709 0.847788
4710 0.41366
4711 0.288687
4712 0.437252
4713 0.474508
4714 0.35431
4715 0.492785
4716 0.510695
4717 0.539353
4718 0.420835
4719 0.575703
4720 0.579365
4721 0.583793
4722 0.581762
4723 0.583465
4724 0.58955
4725 0.686403
4726 0.58789
4727 0.591342
4728 0.74736
4729 0.555488
4730 0.55158
4731 0.4398
4732 0.54335
4733 0.540652
4734 0.83248
4735 0.52754
4736 0.52013
4737 0.512238
4738 0.49753
4739 0.495928
4740 0.483708
4741 0.472797
4742 0.469587
4743 0.46324
4744 0.446572
4745 0.41495
4746 0.40594
4747 0.397118
4748 0.392348
4749 0.36003
4750 0.348735
4751 0.344288
4752 0.331087
4753 0.306785
4754 0.302378
4755 0.88819
4756 0.731345
4757 0.278543
4758 0.26727
4759 0.25264
4760 0.246487
4761 0.23639
4762 0.227148
4763 0.22239
4764 0.017575
4765 0.1973
4766 0.64097
4767 0.178622
4768 0.1718
4769 0.167415
4770 0.15642
4771 0.147567
4772 0.14355
4773 0.13551
4774 0.126807
4775 0.121703
4776 0.109725
4777 0.885633
4778 0.095645
4779 0.888695
4780 0.0791025
4781 0.0767775
4782 0.071815
4783 0.0656925
4784 0.691235
4785 0.05378
4786 0.0475575
4787 0.0445625
4788 0.198505
4789 0.0302775
4790 0.0270925
4791 0.0210325
4792 0.81036
4793 0.0155475
4794 0.0121375
4795 0.0086275
4796 0.007225
4797 0.004505
4798 0.00205
4799 0.000965
4800 0.00072
4801 0.000625
4802 0.0005775
4803 0.0005175
4804 0.000505
4805 0.0004975
4806 0.0004875
4807 0.0004775
4808 0.000415
4809 0.24192
4810 0.0002975
4811 0.000295
4812 0.076275
4813 0.0809525
4814 0.000305
4815 0.0003425
4816 0.000365
4817 0.0003575
4818 0.05792
4819 0.000395
4820 0.0004025
4821 0.000355
4822 0.0003025
4823 0.00028
4824 0.0002675
4825 0.00028
4826 0.00024
4827 0.0002175
4828 0.0001925
4829 0.000195
4830 0.00019
4831 0.0002025
4832 0.0001825
4833 0.00224
4834 0.0022775
4835 0.002035
4836 0.0020475
4837 0.138605
4838 0.00221
4839 0.0025125
4840 0.0025075
4841 0.0024975
4842 0.0025775
4843 0.0833125
4844 0.219252
4845 0.00294
4846 0.0029025
4847 0.0028725
4848 0.0030225
4849 0.00298
4850 0.0030525
4851 0.03319
4852 0.00315
4853 0.218713
4854 0.003475
4855 0.0960025
4856 0.003445
4857 0.0269175
4858 0.0035175
4859 0.0034025
4860 0.0033775
4861 0.00343
4862 0.00333
4863 0.0030125
4864 0.003
4865 0.00265
4866 0.002625
4867 0.0961025
4868 0.00252
4869 0.002675
4870 0.002435
4871 0.0023725
4872 0.0021625
4873 0.002135
4874 0.0540775
4875 0.001905
4876 0.0019475
4877 0.0018125
4878 0.290645
4879 0.001745
4880 0.0015525
4881 0.00165
4882 0.001655
4883 0.0017625
4884 0.001965
4885 0.00184
4886 0.0020225
4887 0.00199
4888 0.001825
4889 0.0017475
4890 0.0018175
4891 0.0017275
4892 0.001745
4893 0.0016475
4894 0.0014475
4895 0.0013325
4896 0.001105
4897 0.00088
4898 0.133263
4899 0.0004975
4900 0.00049
4901 0.00041
4902 0.00034
4903 0.0002775
4904 0.0002875
4905 0.0002275
4906 0.00023
4907 0.0001825
4908 0.00014
4909 0.000135
4910 0.0001325
4911 0.0001325
4912 0.000125
4913 0.000535
4914 0.888862
4915 0.0014475
4916 0.0125425
4917 0.025005
4918 0.0307825
4919 0.0398575
4920 0.044585
4921 0.046015
4922 0.04803
4923 0.050855
4924 0.0517125
4925 0.0600975
4926 0.072845
4927 0.0800975
4928 0.0924825
4929 0.103855
4930 0.847988
4931 0.115125
4932 0.117633
4933 0.118825
4934 0.12004
4935 0.12373
4936 0.1246
4937 0.12455
4938 0.132895
4939 0.13314
4940 0.133313
4941 0.13222
4942 0.132335
4943 0.132937
4944 0.150753
4945 0.223375
4946 0.132623
4947 0.134315
4948 0.132642
4949 0.1276
4950 0.121805
4951 0.177287
4952 0.114475
4953 0.109232
4954 0.10733
4955 0.0986975
4956 0.119642
4957 0.093
4958 0.233673
4959 0.894217
4960 0.446978
4961 0.083205
4962 0.0783475
4963 0.0748225
4964 0.0671575
4965 0.05967
4966 0.066795
4967 0.0710975
4968 0.85491
4969 0.080905
4970 0.0867375
4971 0.0913675
4972 0.0953225
4973 0.102837
4974 0.109882
4975 0.11337
4976 0.43473
4977 0.118385
4978 0.118072
4979 0.11584
4980 0.11325
4981 0.113287
4982 0.11227
4983 0.11171
4984 0.113165
4985 0.113895
4986 0.112535
4987 0.11307
4988 0.111077
4989 0.110805
4990 0.110312
4991 0.110567
4992 0.109158
4993 0.109405
4994 0.108065
4995 0.107578
4996 0.10655
4997 0.108505
4998 0.90293
4999 0.108065
5000 0.104728
5001 0.09968
5002 0.097675
5003 0.0940775
5004 0.091095
5005 0.0892925
5006 0.08773
5007 0.086885
5008 0.08553
5009 0.081035
5010 0.0771025
5011 0.073725
5012 0.0703225
5013 0.0594725
5014 0.0563425
5015 0.06019
5016 0.0445
5017 0.0408625
5018 0.03316
5019 0.0315775
5020 0.0311675
5021 0.032345
5022 0.844753
5023 0.118015
5024 0.042165
5025 0.024395
5026 0.023355
5027 0.020455
5028 0.018215
5029 0.016945
5030 0.0642075
5031 0.0163075
5032 0.0164325
5033 0.0168975
5034 0.0171525
5035 0.0176075
5036 0.017665
5037 0.017935
5038 0.168398
5039 0.01843
5040 0.11265
5041 0.018385
5042 0.0185025
5043 0.0187525
5044 0.0184875
5045 0.01884
5046 0.02053
5047 0.0218825
5048 0.0253925
5049 0.0285775
5050 0.031465
5051 0.032745
5052 0.044725
5053 0.048395
5054 0.05519
5055 0.0627825
5056 0.84965
5057 0.25297
5058 0.0895775
5059 0.0777
5060 0.103445
5061 0.361177
5062 0.116282
5063 0.135352
5064 0.149345
5065 0.154718
5066 0.166025
5067 0.18258
5068 0.188405
5069 0.20549
5070 0.219527
5071 0.22556
5072 0.779748
5073 0.24923
5074 0.243627
5075 0.299357
5076 0.267578
5077 0.893495
5078 0.268515
5079 0.26908
5080 0.268535
5081 0.265238
5082 0.143072
5083 0.848155
5084 0.890655
5085 0.23733
5086 0.237632
5087 0.23194
5088 0.271153
5089 0.21086
5090 0.20467
5091 0.187505
5092 0.184152
5093 0.280395
5094 0.17498
5095 0.174402
5096 0.472475
5097 0.167667
5098 0.78529
5099 0.158985
5100 0.15089
5101 0.14639
5102 0.139065
5103 0.12908
5104 0.125638
5105 0.117515
5106 0.848938
5107 0.107783
5108 0.10068
5109 0.096795
5110 0.0960575
5111 0.0930325
5112 0.0911425
5113 0.0912425
5114 0.08453
5115 0.082285
5116 0.528072
5117 0.0737275
5118 0.383777
5119 0.0608225
5120 0.05059
5121 0.04079
5122 0.0354075
5123 0.0264025
5124 0.0336225
5125 0.246333
5126 0.0084625
5127 0.14341
5128 0.001655
5129 0.00051
5130 0.0004175
5131 0.0003925
5132 0.0003575
5133 0.0005225
5134 0.00046
5135 0.000375
5136 0.202478
5137 0.000365
5138 0.0003325
5139 0.0003275
5140 0.500263
5141 0.00034
5142 0.0003125
5143 0.00032
5144 0.0003025
5145 0.0003025
5146 0.0002575
5147 0.114983
5148 0.0002525
5149 0.0002375
5150 0.235575
5151 0.00022
5152 0.0539625
5153 0.0002325
5154 0.000235
5155 0.00024
5156 0.0002425
5157 0.208185
5158 0.000515
5159 0.000475
5160 0.0004175
5161 0.000295
5162 0.0432975
5163 0.000285
5164 0.00021
5165 0.000205
5166 0.0002025
5167 0.56081
5168 0.000185
5169 0.0001825
5170 0.000185
5171 0.0002
5172 0.000195
5173 0.000185
5174 0.000185
5175 0.0001725
5176 0.0002
5177 0.0001925
5178 0.000195
5179 0.0001725
5180 0.0001675
5181 0.000165
5182 0.000165
5183 4.5e-05
5184 4e-05
5185 4e-05
5186 4e-05
5187 3.25e-05
5188 0.159865
5189 2e-05
5190 2e-05
5191 0.313088
5192 0
5193 0.0769775
5194 0.0003025
5195 0.000275
5196 0.0002625
5197 0.0002525
5198 0.000225
5199 0.0002075
5200 0.126443
5201 0.0002175
5202 0.00019
5203 0.0001825
5204 0.0001525
5205 0.00014
5206 0.00014
5207 0.561222
5208 0.10703
5209 0.000155
5210 0.0001575
5211 0.0001525
5212 0.73199
5213 0.000165
5214 0.000165
5215 0.0001675
5216 0.000165
5217 0.020005
5218 0.0001675
5219 0.05772
5220 0.00029
5221 0.0002825
5222 0.000255
5223 0.00024
5224 0.00024
5225 0.0002375
5226 0.0002225
5227 0.00022
5228 0.00021
5229 0.0002025
5230 0.0001725
5231 0.0001775
5232 0.0001775
5233 0.0002
5234 0.0001775
5235 0.0001775
5236 0.0001775
5237 0.0001675
5238 0.00017
5239 0.0001725
5240 0.166475
5241 0.0001525
5242 0.0001375
5243 0.139665
5244 0.00033
5245 0.000265
5246 0.0002575
5247 0.000255
5248 0.000255
5249 0.0002575
5250 0.000285
5251 0.03783
5252 0.0002875
5253 0.0002675
5254 0.0002475
5255 0.000195
5256 0.488535
5257 0.02381
5258 0.0201625
5259 0.040675
5260 0.0413025
5261 0.045855
5262 0.053535
5263 0.0606825
5264 0.0618
5265 0.0639975
5266 0.066945
5267 0.51358
5268 0.07151
5269 0.073155
5270 0.0737025
5271 0.074965
5272 0.104385
5273 0.208077
5274 0.075395
5275 0.0759625
5276 0.23376
5277 0.07613
5278 0.0763125
5279 0.322802
5280 0.07632
5281 0.0767875
5282 0.0771225
5283 0.07705
5284 0.076855
5285 0.0768425
5286 0.311503
5287 0.0780275
5288 0.082495
5289 0.0910775
5290 0.102422
5291 0.109507
5292 0.12188
5293 0.117913
5294 0.122152
5295 0.143975
5296 0.364915
5297 0.172775
5298 0.161795
5299 0.165013
5300 0.16694
5301 0.402465
5302 0.184325
5303 0.186257
5304 0.849782
5305 0.19343
5306 0.193708
5307 0.194623
5308 0.204962
5309 0.196898
5310 0.346765
5311 0.195557
5312 0.195475
5313 0.194493
5314 0.815213
5315 0.192598
5316 0.82209
5317 0.191502
5318 0.189535
5319 0.298262
5320 0.192208
5321 0.19246
5322 0.188777
5323 0.186855
5324 0.184715
5325 0.182365
5326 0.180558
5327 0.182395
5328 0.187677
5329 0.19582
5330 0.906277
5331 0.206333
5332 0.212787
5333 0.216197
5334 0.822695
5335 0.22764
5336 0.22766
5337 0.477017
5338 0.35243
5339 0.227282
5340 0.22772
5341 0.228242
5342 0.432383
5343 0.228297
5344 0.227733
5345 0.228077
5346 0.227165
5347 0.258752
5348 0.226302
5349 0.248427
5350 0.250843
5351 0.234703
5352 0.245253
5353 0.25805
5354 0.263472
5355 0.27573
5356 0.287158
5357 0.324595
5358 0.304542
5359 0.311352
5360 0.852588
5361 0.31712
5362 0.307855
5363 0.30707
5364 0.304105
5365 0.287832
5366 0.304875
5367 0.298445
5368 0.66921
5369 0.723437
5370 0.29425
5371 0.29408
5372 0.294245
5373 0.29454
5374 0.295422
5375 0.295965
5376 0.295208
5377 0.296397
5378 0.295992
5379 0.296385
5380 0.2952
5381 0.295035
5382 0.29525
5383 0.385185
5384 0.294193
5385 0.462462
5386 0.303142
5387 0.50189
5388 0.30863
5389 0.312383
5390 0.313543
5391 0.317555
5392 0.32165
5393 0.323647
5394 0.327285
5395 0.330302
5396 0.634312
5397 0.332423
5398 0.332778
5399 0.332585
5400 0.332485
5401 0.332993
5402 0.349382
5403 0.332535
5404 0.33389
5405 0.33456
5406 0.336282
5407 0.337817
5408 0.338402
5409 0.859442
5410 0.338687
5411 0.337703
5412 0.4016
5413 0.338475
5414 0.3375
5415 0.34119
5416 0.348895
5417 0.353112
5418 0.360588
5419 0.370138
5420 0.37307
5421 0.376945
5422 0.383227
5423 0.386228
5424 0.390002
5425 0.39328
5426 0.393675
5427 0.394902
5428 0.4399
5429 0.395108
5430 0.39687
5431 0.398622
5432 0.399445
5433 0.400467
5434 0.404065
5435 0.404775
5436 0.40641
5437 0.408548
5438 0.409685
5439 0.414322
5440 0.417363
5441 0.41938
5442 0.42418
5443 0.411098
5444 0.425787
5445 0.430953
5446 0.435358
5447 0.437302
5448 0.44224
5449 0.449958
5450 0.447477
5451 0.728977
5452 0.453213
5453 0.533902
5454 0.71858
5455 0.457298
5456 0.457863
5457 0.467125
5458 0.725755
5459 0.504363
5460 0.454732
5461 0.459137
5462 0.459585
5463 0.459693
5464 0.63041
5465 0.470122
5466 0.460242
5467 0.550188
5468 0.45975
5469 0.459467
5470 0.45836
5471 0.006635
5472 0.45531
5473 0.45335
5474 0.45301
5475 0.77258
5476 0.45024
5477 0.450915
5478 0.451302
5479 0.482092
5480 0.454035
5481 0.456558
5482 0.720638
5483 0.450537
5484 0.511443
5485 0.737847
5486 0.46969
5487 0.889408
5488 0.4769
5489 0.478693
5490 0.48226
5491 0.484897
5492 0.488355
5493 0.49203
5494 0.558315
5495 0.50559
5496 0.508862
5497 0.511663
5498 0.517558
5499 0.52294
5500 0.86694
5501 0.539623
5502 0.5495
5503 0.55292
5504 0.783793
5505 0.73791
5506 0.578913
5507 0.754042
5508 0.890338
5509 0.602348
5510 0.608115
5511 0.614953
5512 0.705357
5513 0.622428
5514 0.626415
5515 0.699333
5516 0.631173
5517 0.6328
5518 0.63913
5519 0.680597
5520 0.684712
5521 0.690808
5522 0.689468
5523 0.693545
5524 0.698597
5525 0.700812
5526 0.778675
5527 0.714113
5528 0.769522
5529 0.741947
5530 0.75994
5531 0.768132
5532 0.775497
5533 0.785332
5534 0.888033
5535 0.778555
5536 0.802275
5537 0.807235
5538 0.81088
5539 0.81088
5540 0.812128
5541 0.812107
5542 0.813588
5543 0.782188
5544 0.842335
5545 0.846357
5546 0.84897
5547 0.84682
5548 0.846782
5549 0.84659
5550 0.84505
5551 0.8464
5552 0.84498
5553 0.842997
5554 0.841085
5555 0.841085
5556 0.84273
5557 0.843877
5558 0.842932
5559 0.84207
5560 0.840858
5561 0.84079
5562 0.838688
5563 0.833553
5564 0.837193
5565 0.750995
5566 0.83765
5567 0.835777
5568 0.834438
5569 0.835638
5570 0.836102
5571 0.834997
5572 0.835472
5573 0.833862
5574 0.83639
5575 0.837403
5576 0.835917
5577 0.833512
5578 0.832202
5579 0.832412
5580 0.83004
5581 0.831568
5582 0.8311
5583 0.831692
5584 0.831855
5585 0.833483
5586 0.839172
5587 0.86001
5588 0.852175
5589 0.860102
5590 0.862348
5591 0.86572
5592 0.867138
5593 0.867417
5594 0.878927
5595 0.850113
5596 0.878445
5597 0.87859
5598 0.866067
5599 0.878068
5600 0.878575
5601 0.842847
5602 0.878238
5603 0.878443
5604 0.878285
5605 0.87777
5606 0.87742
5607 0.877437
5608 0.876995
5609 0.87656
5610 0.868035
5611 0.862827
5612 0.87513
5613 0.874733
5614 0.87404
5615 0.867745
5616 0.873705
5617 0.873337
5618 0.87308
5619 0.87505
5620 0.874988
5621 0.87504
5622 0.87451
5623 0.874533
5624 0.700313
5625 0.875463
5626 0.875287
5627 0.875015
5628 0.69238
5629 0.875645
5630 0.875783
5631 0.875212
5632 0.875275
5633 0.8754
5634 0.722505
5635 0.876003
5636 0.87589
5637 0.87576
5638 0.869077
5639 0.876055
5640 0.876528
5641 0.791397
5642 0.87803
5643 0.878095
5644 0.87741
5645 0.87693
5646 0.848313
5647 0.876753
5648 0.87761
5649 0.877502
5650 0.877775
5651 0.877178
5652 0.47114
5653 0.87586
5654 0.875692
5655 0.875382
5656 0.875055
5657 0.874572
5658 0.874707
5659 0.844407
5660 0.874905
5661 0.875003
5662 0.87474
5663 0.854993
5664 0.853232
5665 0.87513
5666 0.831978
5667 0.873485
5668 0.871408
5669 0.874812
5670 0.82589
5671 0.87498
5672 0.474052
5673 0.876123
5674 0.876038
5675 0.876267
5676 0.87649
5677 0.876478
5678 0.876842
5679 0.876763
5680 0.877125
5681 0.51919
5682 0.876988
5683 0.876345
5684 0.876258
5685 0.876008
5686 0.876038
5687 0.6085
5688 0.875585
5689 0.875772
5690 0.876125
5691 0.876182
5692 0.876543
5693 0.87662
5694 0.627005
5695 0.152677
5696 0.872305
5697 0.87654
5698 0.876957
5699 0.87666
5700 0.876117
5701 0.875992
5702 0.875715
5703 0.875212
5704 0.875103
5705 0.874602
5706 0.888125
5707 0.87497
5708 0.875175
5709 0.87492
5710 0.892225
5711 0.871812
5712 0.870382
5713 0.869912
5714 0.868748
5715 0.86846
5716 0.737818
5717 0.852185
5718 0.867912
5719 0.34992
5720 0.863785
5721 0.86375
5722 0.626515
5723 0.86332
5724 0.863343
5725 0.863513
5726 0.863383
5727 0.858705
5728 0.863402
5729 0.86351
5730 0.863245
5731 0.862855
5732 0.839335
5733 0.862672
5734 0.862625
5735 0.862642
5736 0.862665
