1 0.0750816
2 0.0730816
3 0.0751429
4 0.0786327
5 0.0838571
6 0.0877551
7 0.0921224
8 0.0999796
9 0.101878
10 0.105367
11 0.106
12 0.107204
13 0.107898
14 0.111102
15 0.110837
16 0.11249
17 0.113776
18 0.112673
19 0.114061
20 0.11498
21 0.116245
22 0.115143
23 0.116265
24 0.116633
25 0.119673
26 0.122347
27 0.123306
28 0.127102
29 0.130102
30 0.128735
31 0.13051
32 0.13098
33 0.130959
34 0.130857
35 0.129776
36 0.130796
37 0.130061
38 0.13051
39 0.130531
40 0.13149
41 0.132163
42 0.132
43 0.132837
44 0.133204
45 0.136673
46 0.135531
47 0.135551
48 0.135265
49 0.135469
50 0.135408
51 0.135694
52 0.135184
53 0.134163
54 0.13402
55 0.133245
56 0.133082
57 0.132633
58 0.132367
59 0.131898
60 0.131694
61 0.132163
62 0.131224
63 0.131531
64 0.132694
65 0.132653
66 0.133306
67 0.133633
68 0.133837
69 0.134265
70 0.134327
71 0.13498
72 0.135306
73 0.136531
74 0.138898
75 0.139633
76 0.140694
77 0.140286
78 0.141184
79 0.141939
80 0.144224
81 0.145714
82 0.14902
83 0.153959
84 0.158
85 0.165735
86 0.172776
87 0.175837
88 0.182959
89 0.189796
90 0.191837
91 0.199367
92 0.201918
93 0.201755
94 0.202408
95 0.204306
96 0.204592
97 0.204857
98 0.204531
99 0.206531
100 0.207061
101 0.207653
102 0.207857
103 0.208306
104 0.208041
105 0.206918
106 0.205306
107 0.209163
108 0.209755
109 0.212939
110 0.218755
111 0.220265
112 0.225163
113 0.228612
114 0.230286
115 0.234694
116 0.238408
117 0.240755
118 0.241184
119 0.240918
120 0.239673
121 0.238449
122 0.237449
123 0.237204
124 0.237959
125 0.237531
126 0.236816
127 0.238082
128 0.239653
129 0.240184
130 0.241306
131 0.24298
132 0.243796
133 0.247837
134 0.249694
135 0.250592
136 0.252204
137 0.253653
138 0.254531
139 0.254388
140 0.256163
141 0.255245
142 0.253245
143 0.25198
144 0.252327
145 0.251122
146 0.25098
147 0.250551
148 0.247939
149 0.245939
150 0.244755
151 0.243388
152 0.242939
153 0.242531
154 0.241184
155 0.239898
156 0.239184
157 0.236735
158 0.235143
159 0.234061
160 0.233327
161 0.232347
162 0.232163
163 0.23002
164 0.228163
165 0.228633
166 0.227878
167 0.228204
168 0.227857
169 0.226367
170 0.229306
171 0.227857
172 0.227592
173 0.225755
174 0.225122
175 0.22598
176 0.225918
177 0.225816
178 0.224449
179 0.224306
180 0.224122
181 0.224429
182 0.224102
183 0.224143
184 0.224061
185 0.222918
186 0.222694
187 0.221041
188 0.220367
189 0.220633
190 0.222245
191 0.221143
192 0.221184
193 0.220959
194 0.221204
195 0.22249
196 0.221796
197 0.221959
198 0.222041
199 0.221531
200 0.221673
201 0.222041
202 0.22198
203 0.221939
204 0.222245
205 0.222633
206 0.222327
207 0.221796
208 0.221653
209 0.221653
210 0.221571
211 0.22198
212 0.221939
213 0.221776
214 0.221429
215 0.221286
216 0.221082
217 0.220673
218 0.220878
219 0.220816
220 0.219918
221 0.219898
222 0.219347
223 0.219408
224 0.219571
225 0.21951
226 0.219551
227 0.219551
228 0.22
229 0.219694
230 0.219673
231 0.219755
232 0.219653
233 0.219918
234 0.220204
235 0.220224
236 0.220061
237 0.219918
238 0.219857
239 0.219184
240 0.218776
241 0.219245
242 0.219755
243 0.219449
244 0.220592
245 0.220306
246 0.219918
247 0.220469
248 0.220449
249 0.219796
250 0.21951
251 0.219571
252 0.219571
253 0.218898
254 0.218469
255 0.218531
256 0.218163
257 0.218204
258 0.218347
259 0.218633
260 0.218061
261 0.217918
262 0.217837
263 0.218204
264 0.21802
265 0.217653
266 0.217776
267 0.217796
268 0.217653
269 0.217286
270 0.217694
271 0.217592
272 0.217082
273 0.217388
274 0.217449
275 0.21802
276 0.217735
277 0.216816
278 0.216551
279 0.216082
280 0.216224
281 0.216347
282 0.21651
283 0.216367
284 0.21702
285 0.216531
286 0.217449
287 0.216816
288 0.216204
289 0.215633
290 0.214571
291 0.214367
292 0.213837
293 0.213531
294 0.213224
295 0.214531
296 0.214469
297 0.214429
298 0.214082
299 0.214367
300 0.214224
301 0.214122
302 0.214041
303 0.213918
304 0.214
305 0.213878
306 0.214265
307 0.213878
308 0.214082
309 0.214184
310 0.214469
311 0.214878
312 0.215163
313 0.215327
314 0.216714
315 0.216653
316 0.217224
317 0.216612
318 0.216449
319 0.216265
320 0.218265
321 0.218122
322 0.217776
323 0.217776
324 0.218
325 0.218224
326 0.218633
327 0.218531
328 0.218673
329 0.218571
330 0.218571
331 0.218633
332 0.218184
333 0.218306
334 0.218918
335 0.218694
336 0.218551
337 0.218714
338 0.218592
339 0.218755
340 0.219347
341 0.221694
342 0.223041
343 0.224959
344 0.22749
345 0.228327
346 0.231184
347 0.231673
348 0.232184
349 0.232388
350 0.232735
351 0.231755
352 0.231612
353 0.231571
354 0.231327
355 0.230898
356 0.23049
357 0.230755
358 0.230939
359 0.231061
360 0.230714
361 0.230531
362 0.230571
363 0.230429
364 0.229673
365 0.229816
366 0.229469
367 0.229367
368 0.228918
369 0.228816
370 0.227755
371 0.227694
372 0.227388
373 0.226878
374 0.22698
375 0.226776
376 0.226041
377 0.225837
378 0.22598
379 0.225571
380 0.225959
381 0.225184
382 0.225327
383 0.225102
384 0.225531
385 0.226939
386 0.228449
387 0.229571
388 0.231857
389 0.234878
390 0.235898
391 0.236816
392 0.23798
393 0.23849
394 0.238551
395 0.241327
396 0.242163
397 0.242592
398 0.24298
399 0.243755
400 0.244367
401 0.245551
402 0.245673
403 0.246469
404 0.247857
405 0.248143
406 0.249592
407 0.251429
408 0.252347
409 0.254918
410 0.256714
411 0.25849
412 0.261347
413 0.266531
414 0.268265
415 0.273531
416 0.277408
417 0.279388
418 0.282878
419 0.287082
420 0.289694
421 0.292429
422 0.297184
423 0.298735
424 0.304122
425 0.309592
426 0.311735
427 0.316857
428 0.321857
429 0.323673
430 0.329633
431 0.334286
432 0.336735
433 0.342429
434 0.347959
435 0.351306
436 0.355347
437 0.359429
438 0.360245
439 0.363878
440 0.366531
441 0.367776
442 0.370735
443 0.372714
444 0.373816
445 0.38249
446 0.383837
447 0.383959
448 0.387061
449 0.389673
450 0.390143
451 0.392592
452 0.394469
453 0.395755
454 0.398306
455 0.401082
456 0.400673
457 0.40249
458 0.404633
459 0.405429
460 0.406041
461 0.407633
462 0.407939
463 0.408857
464 0.410939
465 0.410878
466 0.411408
467 0.411837
468 0.411735
469 0.41202
470 0.417327
471 0.418143
472 0.417469
473 0.417245
474 0.417
475 0.416816
476 0.415837
477 0.415286
478 0.415408
479 0.415102
480 0.414286
481 0.415367
482 0.415082
483 0.414408
484 0.415204
485 0.415204
486 0.414776
487 0.415367
488 0.414898
489 0.415
490 0.414265
491 0.414633
492 0.414265
493 0.415245
494 0.414878
495 0.414898
496 0.414327
497 0.414755
498 0.414061
499 0.417592
500 0.422571
501 0.425184
502 0.431041
503 0.438388
504 0.442918
505 0.450306
506 0.456286
507 0.458796
508 0.464286
509 0.468388
510 0.471143
511 0.472592
512 0.473531
513 0.473939
514 0.476816
515 0.479224
516 0.479449
517 0.484102
518 0.489408
519 0.492
520 0.505551
521 0.50998
522 0.511469
523 0.51649
524 0.519959
525 0.521612
526 0.525714
527 0.528347
528 0.530306
529 0.53
530 0.531571
531 0.530796
532 0.530878
533 0.53102
534 0.53151
535 0.533102
536 0.533673
537 0.533714
538 0.534
539 0.53451
540 0.534061
541 0.531796
542 0.532959
543 0.531959
544 0.532
545 0.532204
546 0.531776
547 0.529878
548 0.529408
549 0.528878
550 0.527102
551 0.526265
552 0.526061
553 0.52598
554 0.524184
555 0.525
556 0.524163
557 0.522653
558 0.521245
559 0.521388
560 0.520959
561 0.520959
562 0.51998
563 0.519694
564 0.518061
565 0.51751
566 0.516673
567 0.515612
568 0.515327
569 0.518592
570 0.516429
571 0.517653
572 0.519735
573 0.520898
574 0.525224
575 0.529
576 0.530776
577 0.533796
578 0.538041
579 0.540204
580 0.544347
581 0.549184
582 0.550837
583 0.55651
584 0.561898
585 0.565816
586 0.570224
587 0.575449
588 0.578245
589 0.582755
590 0.587653
591 0.589959
592 0.593735
593 0.602796
594 0.604816
595 0.622347
596 0.629653
597 0.633306
598 0.638347
599 0.643531
600 0.646327
601 0.649388
602 0.653898
603 0.654449
604 0.656673
605 0.66049
606 0.661959
607 0.669959
608 0.677306
609 0.67949
610 0.683959
611 0.688592
612 0.689612
613 0.690898
614 0.693878
615 0.694653
616 0.694776
617 0.695408
618 0.695327
619 0.695551
620 0.705245
621 0.705694
622 0.706102
623 0.706
624 0.70502
625 0.705531
626 0.704367
627 0.704388
628 0.704082
629 0.705041
630 0.706939
631 0.708347
632 0.712041
633 0.711755
634 0.712735
635 0.713143
636 0.715694
637 0.715755
638 0.717082
639 0.717571
640 0.718653
641 0.71898
642 0.719694
643 0.718939
644 0.72051
645 0.738837
646 0.740306
647 0.741286
648 0.741816
649 0.742776
650 0.74398
651 0.744735
652 0.745041
653 0.746306
654 0.747265
655 0.747918
656 0.74751
657 0.74702
658 0.747224
659 0.747102
660 0.747245
661 0.746816
662 0.748041
663 0.747347
664 0.747816
665 0.74802
666 0.748551
667 0.747367
668 0.746163
669 0.747531
670 0.746694
671 0.746918
672 0.746571
673 0.745633
674 0.744633
675 0.744449
676 0.745204
677 0.744469
678 0.744735
679 0.744878
680 0.744735
681 0.745327
682 0.745367
683 0.745061
684 0.744857
685 0.744306
686 0.744612
687 0.743735
688 0.743816
689 0.74502
690 0.744347
691 0.743551
692 0.743286
693 0.743286
694 0.743571
695 0.749959
696 0.749286
697 0.749469
698 0.748633
699 0.749265
700 0.748469
701 0.747959
702 0.747327
703 0.747388
704 0.747531
705 0.747959
706 0.750163
707 0.751122
708 0.752245
709 0.753245
710 0.755857
711 0.756939
712 0.757755
713 0.757592
714 0.757388
715 0.759041
716 0.761184
717 0.764571
718 0.769755
719 0.775469
720 0.81502
721 0.815694
722 0.815204
723 0.814878
724 0.815694
725 0.816449
726 0.817388
727 0.816163
728 0.816204
729 0.81702
730 0.816878
731 0.818163
732 0.818816
733 0.818408
734 0.82098
735 0.822571
736 0.825245
737 0.829367
738 0.831551
739 0.832041
740 0.835551
741 0.835184
742 0.837347
743 0.837796
744 0.838041
745 0.853184
746 0.855592
747 0.855347
748 0.855694
749 0.856082
750 0.856939
751 0.861204
752 0.861857
753 0.861735
754 0.861531
755 0.861367
756 0.861939
757 0.862571
758 0.864122
759 0.862939
760 0.863061
761 0.862918
762 0.864429
763 0.868122
764 0.869041
765 0.86951
766 0.87002
767 0.870959
768 0.871367
769 0.872571
770 0.885918
771 0.886041
772 0.885959
773 0.885735
774 0.88598
775 0.886
776 0.885612
777 0.885449
778 0.885102
779 0.885122
780 0.885449
781 0.885592
782 0.885469
783 0.885755
784 0.88502
785 0.884959
786 0.88502
787 0.885122
788 0.884469
789 0.88398
790 0.884
791 0.883306
792 0.883204
793 0.882531
794 0.882163
795 0.877898
796 0.878122
797 0.877735
798 0.877102
799 0.876571
800 0.87551
801 0.873837
802 0.872245
803 0.86998
804 0.869714
805 0.869163
806 0.86849
807 0.868796
808 0.866735
809 0.868143
810 0.868102
811 0.870306
812 0.871102
813 0.873163
814 0.878224
815 0.878735
816 0.880061
817 0.881592
818 0.882531
819 0.882857
820 0.884143
821 0.883347
822 0.883571
823 0.884469
824 0.88402
825 0.884776
826 0.885694
827 0.886449
828 0.886592
829 0.886551
830 0.886694
831 0.887122
832 0.887388
833 0.887755
834 0.887633
835 0.887245
836 0.887878
837 0.887857
838 0.887551
839 0.888041
840 0.888551
841 0.888653
842 0.889143
843 0.889469
844 0.889694
845 0.889857
846 0.889735
847 0.890082
848 0.889367
849 0.889551
850 0.889735
851 0.889857
852 0.890082
853 0.889653
854 0.889633
855 0.889306
856 0.888755
857 0.889265
858 0.889102
859 0.888898
860 0.888592
861 0.888408
862 0.888429
863 0.888449
864 0.888245
865 0.888959
866 0.888469
867 0.888224
868 0.888469
869 0.88849
870 0.888245
871 0.887918
872 0.888041
873 0.888408
874 0.888082
875 0.888469
876 0.888551
877 0.888857
878 0.888878
879 0.889082
880 0.888796
881 0.888082
882 0.88802
883 0.887714
884 0.887347
885 0.888163
886 0.888163
887 0.888224
888 0.888959
889 0.889122
890 0.888653
891 0.888755
892 0.888286
893 0.887857
894 0.887837
895 0.887531
896 0.887673
897 0.887592
898 0.887878
899 0.887898
900 0.88798
901 0.888102
902 0.887959
903 0.888061
904 0.888143
905 0.88802
906 0.888184
907 0.888204
908 0.888653
909 0.888673
910 0.889122
911 0.889367
912 0.889531
913 0.889714
914 0.889755
915 0.889878
916 0.889939
917 0.890082
918 0.890163
919 0.889857
920 0.88998
921 0.890286
922 0.890531
923 0.890367
924 0.890061
925 0.89002
926 0.89
927 0.890163
928 0.890388
929 0.890388
930 0.888531
931 0.888469
932 0.888224
933 0.888265
934 0.88849
935 0.888143
936 0.888531
937 0.888469
938 0.888735
939 0.888857
940 0.889041
941 0.888531
942 0.888469
943 0.888143
944 0.888143
945 0.888082
946 0.887714
947 0.887429
948 0.88749
949 0.887755
950 0.887796
951 0.88798
952 0.88749
953 0.887551
954 0.887408
955 0.889224
956 0.888939
957 0.888776
958 0.889061
959 0.889347
960 0.889755
961 0.889204
962 0.889367
963 0.889143
964 0.889061
965 0.889041
966 0.889204
967 0.889122
968 0.889327
969 0.889551
970 0.889469
971 0.889469
972 0.889327
973 0.889102
974 0.888939
975 0.888694
976 0.888102
977 0.887776
978 0.887408
979 0.887388
980 0.886306
981 0.886102
982 0.886347
983 0.886469
984 0.886857
985 0.886592
986 0.886551
987 0.886857
988 0.887
989 0.887429
990 0.887408
991 0.887388
992 0.887286
993 0.887531
994 0.887878
995 0.887918
996 0.887918
997 0.887796
998 0.888163
999 0.887898
1000 0.888469
1001 0.888551
1002 0.888449
1003 0.888612
1004 0.888367
1005 0.889408
1006 0.889061
1007 0.88898
1008 0.889143
1009 0.889735
1010 0.889959
1011 0.885735
1012 0.886327
1013 0.886388
1014 0.88602
1015 0.886061
1016 0.886347
1017 0.886429
1018 0.886347
1019 0.886878
1020 0.88651
1021 0.887102
1022 0.886878
1023 0.886388
1024 0.886265
1025 0.886102
1026 0.886122
1027 0.886265
1028 0.886408
1029 0.886163
1030 0.886694
1031 0.886816
1032 0.886469
1033 0.886367
1034 0.886408
1035 0.886449
1036 0.88702
1037 0.886918
1038 0.886939
1039 0.886633
1040 0.886857
1041 0.887184
1042 0.887286
1043 0.886714
1044 0.886837
1045 0.887245
1046 0.88702
1047 0.887082
1048 0.887061
1049 0.886837
1050 0.886939
1051 0.886959
1052 0.886857
1053 0.88702
1054 0.887449
1055 0.887857
1056 0.887408
1057 0.887245
1058 0.887204
1059 0.887816
1060 0.88798
1061 0.886918
1062 0.886449
1063 0.88598
1064 0.885714
1065 0.886041
1066 0.885755
1067 0.885816
1068 0.886
1069 0.886061
1070 0.886306
1071 0.88651
1072 0.886163
1073 0.886224
1074 0.886204
1075 0.886429
1076 0.886612
1077 0.886571
1078 0.886571
1079 0.886449
1080 0.886286
1081 0.886204
1082 0.885959
1083 0.885898
1084 0.886041
1085 0.88598
1086 0.884653
1087 0.884592
1088 0.884367
1089 0.884776
1090 0.884694
1091 0.884673
1092 0.884571
1093 0.884
1094 0.884102
1095 0.884571
1096 0.884245
1097 0.884163
1098 0.884265
1099 0.884714
1100 0.884857
1101 0.884837
1102 0.884653
1103 0.884796
1104 0.884714
1105 0.884816
1106 0.884714
1107 0.885041
1108 0.885449
1109 0.885102
1110 0.88498
1111 0.884714
1112 0.884551
1113 0.884939
1114 0.884735
1115 0.884755
1116 0.885408
1117 0.885245
1118 0.885776
1119 0.885755
1120 0.88649
1121 0.886796
1122 0.886694
1123 0.886551
1124 0.88651
1125 0.885612
1126 0.885388
1127 0.885306
1128 0.885327
1129 0.885245
1130 0.88551
1131 0.885143
1132 0.885714
1133 0.885714
1134 0.88502
1135 0.885429
1136 0.885959
1137 0.885469
1138 0.886551
1139 0.886878
1140 0.886673
1141 0.886857
1142 0.887184
1143 0.886694
1144 0.886408
1145 0.886408
1146 0.886796
1147 0.885694
1148 0.88598
1149 0.887102
1150 0.887551
1151 0.887531
1152 0.888245
1153 0.888143
1154 0.888122
1155 0.888633
1156 0.888367
1157 0.888429
1158 0.888102
1159 0.887796
1160 0.887673
1161 0.885592
1162 0.885224
1163 0.885408
1164 0.885102
1165 0.885224
1166 0.886224
1167 0.885878
1168 0.886653
1169 0.88602
1170 0.886878
1171 0.886796
1172 0.887245
1173 0.887082
1174 0.886918
1175 0.887429
1176 0.887449
1177 0.887184
1178 0.887204
1179 0.886837
1180 0.887551
1181 0.887612
1182 0.88751
1183 0.887347
1184 0.887286
1185 0.887735
1186 0.885796
1187 0.885592
1188 0.885776
1189 0.886102
1190 0.88602
1191 0.886469
1192 0.886041
1193 0.886694
1194 0.886776
1195 0.887082
1196 0.887082
1197 0.887245
1198 0.887347
1199 0.887102
1200 0.887388
1201 0.887673
1202 0.887531
1203 0.887082
1204 0.887204
1205 0.887082
1206 0.887122
1207 0.887327
1208 0.887184
1209 0.886735
1210 0.887
1211 0.888143
1212 0.887857
1213 0.887551
1214 0.887551
1215 0.887857
1216 0.887388
1217 0.887327
1218 0.887673
1219 0.887673
1220 0.88749
1221 0.887612
1222 0.888041
1223 0.888122
1224 0.888041
1225 0.888184
1226 0.888306
1227 0.888796
1228 0.888776
1229 0.888612
1230 0.88902
1231 0.888469
1232 0.888265
1233 0.888286
1234 0.887898
1235 0.887735
1236 0.889122
1237 0.888816
1238 0.888122
1239 0.88802
1240 0.887837
1241 0.887816
1242 0.88749
1243 0.887714
1244 0.888204
1245 0.887755
1246 0.888327
1247 0.888714
1248 0.888694
1249 0.888612
1250 0.88851
1251 0.888612
1252 0.888
1253 0.888265
1254 0.888143
1255 0.887449
1256 0.887633
1257 0.887367
1258 0.887673
1259 0.887776
1260 0.887408
1261 0.88498
1262 0.884449
1263 0.884878
1264 0.885531
1265 0.885653
1266 0.88602
1267 0.886327
1268 0.886082
1269 0.88598
1270 0.885755
1271 0.885837
1272 0.886224
1273 0.885673
1274 0.886041
1275 0.886408
1276 0.886796
1277 0.887204
1278 0.887082
1279 0.887367
1280 0.887041
1281 0.886939
1282 0.887102
1283 0.88749
1284 0.887653
1285 0.887408
1286 0.887102
1287 0.88649
1288 0.886449
1289 0.886265
1290 0.886102
1291 0.886082
1292 0.886429
1293 0.88602
1294 0.886184
1295 0.886327
1296 0.886347
1297 0.886714
1298 0.886041
1299 0.886673
1300 0.887388
1301 0.887571
1302 0.887327
1303 0.887429
1304 0.887163
1305 0.886755
1306 0.886694
1307 0.887429
1308 0.887959
1309 0.888163
1310 0.887796
1311 0.886714
1312 0.886327
1313 0.886408
1314 0.886408
1315 0.886102
1316 0.886061
1317 0.886551
1318 0.886612
1319 0.886673
1320 0.886816
1321 0.88751
1322 0.887837
1323 0.887857
1324 0.887551
1325 0.888
1326 0.888184
1327 0.887796
1328 0.887796
1329 0.887796
1330 0.888102
1331 0.887857
1332 0.887714
1333 0.887694
1334 0.88751
1335 0.887918
1336 0.886429
1337 0.886816
1338 0.886735
1339 0.886755
1340 0.887204
1341 0.887102
1342 0.88751
1343 0.887367
1344 0.886694
1345 0.886939
1346 0.886939
1347 0.887102
1348 0.886959
1349 0.886898
1350 0.886408
1351 0.886143
1352 0.886816
1353 0.886796
1354 0.886286
1355 0.886245
1356 0.886082
1357 0.886571
1358 0.886898
1359 0.886347
1360 0.886776
1361 0.886796
1362 0.886592
1363 0.886714
1364 0.886061
1365 0.886694
1366 0.886551
1367 0.886735
1368 0.886796
1369 0.886531
1370 0.886633
1371 0.887327
1372 0.888286
1373 0.888469
1374 0.888
1375 0.888673
1376 0.888653
1377 0.887939
1378 0.888857
1379 0.888347
1380 0.88849
1381 0.888429
1382 0.888245
1383 0.888653
1384 0.88898
1385 0.889347
1386 0.889265
1387 0.888531
1388 0.888898
1389 0.888878
1390 0.889082
1391 0.889061
1392 0.889224
1393 0.889224
1394 0.889184
1395 0.889735
1396 0.889612
1397 0.889633
1398 0.889939
1399 0.889898
1400 0.890327
1401 0.890878
1402 0.89098
1403 0.890714
1404 0.890898
1405 0.891224
1406 0.891286
1407 0.890898
1408 0.891224
1409 0.891388
1410 0.891653
1411 0.891347
1412 0.891449
1413 0.891082
1414 0.890408
1415 0.890857
1416 0.891102
1417 0.890286
1418 0.890265
1419 0.890633
1420 0.890265
1421 0.890204
1422 0.89102
1423 0.890571
1424 0.890918
1425 0.890939
1426 0.890061
1427 0.890327
1428 0.890653
1429 0.890245
1430 0.890061
1431 0.889122
1432 0.888653
1433 0.888367
1434 0.889469
1435 0.889102
1436 0.890816
1437 0.889939
1438 0.889857
1439 0.889735
1440 0.888898
1441 0.888408
1442 0.887286
1443 0.887653
1444 0.887571
1445 0.887612
1446 0.888429
1447 0.887245
1448 0.887653
1449 0.887469
1450 0.886163
1451 0.88751
1452 0.888265
1453 0.888184
1454 0.889286
1455 0.888735
1456 0.889776
1457 0.888939
1458 0.890286
1459 0.88951
1460 0.889347
1461 0.890429
1462 0.891837
1463 0.891898
1464 0.892
1465 0.894918
1466 0.89451
1467 0.893694
1468 0.894959
1469 0.893755
1470 0.894918
1471 0.895367
1472 0.896163
1473 0.895694
1474 0.894755
1475 0.89549
1476 0.895531
1477 0.895347
1478 0.896367
1479 0.894143
1480 0.894653
1481 0.892857
1482 0.892347
1483 0.893204
1484 0.892959
1485 0.891653
1486 0.893796
1487 0.89302
1488 0.893592
1489 0.894449
1490 0.894245
1491 0.896204
1492 0.89702
1493 0.894061
1494 0.896
1495 0.895592
1496 0.895857
1497 0.896612
1498 0.896082
1499 0.895735
1500 0.896694
1501 0.896469
1502 0.898367
1503 0.897837
1504 0.897673
1505 0.897816
1506 0.896898
1507 0.898286
1508 0.897673
1509 0.901245
1510 0.90102
1511 0.903735
1512 0.905082
1513 0.904184
1514 0.904061
1515 0.904714
1516 0.904816
1517 0.905408
1518 0.904878
1519 0.905449
1520 0.905612
1521 0.90402
1522 0.901959
1523 0.901694
1524 0.902163
1525 0.901857
1526 0.902571
1527 0.904796
1528 0.905388
1529 0.905571
1530 0.903755
1531 0.906122
1532 0.905327
1533 0.903469
1534 0.901143
1535 0.903857
1536 0.899306
1537 0.90202
1538 0.900347
1539 0.900551
1540 0.901122
1541 0.898612
1542 0.899143
1543 0.896327
1544 0.897265
1545 0.895367
1546 0.899163
1547 0.898347
1548 0.899857
1549 0.897122
1550 0.895408
1551 0.892449
1552 0.887714
1553 0.887245
1554 0.884714
1555 0.883
1556 0.883531
1557 0.882429
1558 0.884735
1559 0.883857
1560 0.884878
1561 0.887388
1562 0.888061
1563 0.888735
1564 0.886673
1565 0.886163
1566 0.887653
1567 0.886939
1568 0.884735
1569 0.887612
1570 0.887286
1571 0.885122
1572 0.884429
1573 0.88602
1574 0.884306
1575 0.889714
1576 0.890306
1577 0.891245
1578 0.891735
1579 0.894959
1580 0.897673
1581 0.899918
1582 0.900633
1583 0.900857
1584 0.898592
1585 0.899041
1586 0.903776
1587 0.898286
1588 0.898551
1589 0.897571
1590 0.894184
1591 0.894204
1592 0.893776
1593 0.89198
1594 0.89102
1595 0.890204
1596 0.891306
1597 0.892388
1598 0.89202
1599 0.891898
1600 0.890918
1601 0.891531
1602 0.89151
1603 0.891837
1604 0.891918
1605 0.890531
1606 0.887347
1607 0.889857
1608 0.893673
1609 0.893367
1610 0.894531
1611 0.895735
1612 0.899163
1613 0.900449
1614 0.900694
1615 0.900776
1616 0.901306
1617 0.901347
1618 0.898367
1619 0.898857
1620 0.89651
1621 0.900143
1622 0.899612
1623 0.900857
1624 0.901306
1625 0.906429
1626 0.905143
1627 0.907327
1628 0.909224
1629 0.912776
1630 0.914837
1631 0.914429
1632 0.915449
1633 0.917755
1634 0.919
1635 0.918612
1636 0.919245
1637 0.918796
1638 0.917184
1639 0.917306
1640 0.917286
1641 0.91649
1642 0.91598
1643 0.917102
1644 0.914367
1645 0.913245
1646 0.911673
1647 0.914959
1648 0.912
1649 0.912469
1650 0.909429
1651 0.911306
1652 0.910388
1653 0.909673
1654 0.910143
1655 0.907592
1656 0.907082
1657 0.904163
1658 0.902592
1659 0.902429
1660 0.902306
1661 0.903327
1662 0.905082
1663 0.900082
1664 0.898918
1665 0.898959
1666 0.9
1667 0.898592
1668 0.900796
1669 0.902184
1670 0.905102
1671 0.907633
1672 0.906816
1673 0.90951
1674 0.910633
1675 0.90749
1676 0.909918
1677 0.904551
1678 0.903
1679 0.903041
1680 0.897286
1681 0.895265
1682 0.893204
1683 0.888673
1684 0.884694
1685 0.884694
1686 0.876714
1687 0.873367
1688 0.872571
1689 0.871265
1690 0.866816
1691 0.863531
1692 0.868898
1693 0.870367
1694 0.870224
1695 0.87002
1696 0.869939
1697 0.871204
1698 0.870245
1699 0.869061
1700 0.868367
1701 0.869612
1702 0.868082
1703 0.865265
1704 0.86751
1705 0.866551
1706 0.867776
1707 0.86351
1708 0.860388
1709 0.855735
1710 0.849388
1711 0.839102
1712 0.83849
1713 0.832939
1714 0.827816
1715 0.826
1716 0.824673
1717 0.823061
1718 0.82351
1719 0.818939
1720 0.819571
1721 0.820592
1722 0.820122
1723 0.819286
1724 0.818918
1725 0.816204
1726 0.814939
1727 0.814735
1728 0.811408
1729 0.809143
1730 0.809327
1731 0.801061
1732 0.793408
1733 0.783571
1734 0.744673
1735 0.730939
1736 0.684939
1737 0.675612
1738 0.650388
1739 0.644245
1740 0.63751
1741 0.603347
1742 0.599633
1743 0.590837
1744 0.563857
1745 0.560061
1746 0.555122
1747 0.553857
1748 0.514449
1749 0.506408
1750 0.505347
1751 0.502837
1752 0.502143
1753 0.486
1754 0.485061
1755 0.481531
1756 0.479673
1757 0.474796
1758 0.476367
1759 0.470408
1760 0.468898
1761 0.463837
1762 0.46302
1763 0.461551
1764 0.455347
1765 0.455531
1766 0.455429
1767 0.470122
1768 0.474939
1769 0.475776
1770 0.476224
1771 0.475367
1772 0.487122
1773 0.48898
1774 0.488694
1775 0.485939
1776 0.493755
1777 0.489837
1778 0.487878
1779 0.481347
1780 0.473653
1781 0.471531
1782 0.464878
1783 0.455878
1784 0.45551
1785 0.446776
1786 0.444592
1787 0.443224
1788 0.433286
1789 0.423388
1790 0.420878
1791 0.412776
1792 0.40798
1793 0.406102
1794 0.399061
1795 0.391224
1796 0.389204
1797 0.382061
1798 0.381449
1799 0.383388
1800 0.381286
1801 0.387592
1802 0.385714
1803 0.388837
1804 0.389816
1805 0.390898
1806 0.393286
1807 0.392082
1808 0.392571
1809 0.389878
1810 0.396551
1811 0.386612
1812 0.388592
1813 0.385612
1814 0.383653
1815 0.379673
1816 0.372776
1817 0.371245
1818 0.36851
1819 0.370306
1820 0.369612
1821 0.371878
1822 0.373041
1823 0.375204
1824 0.373082
1825 0.369122
1826 0.366714
1827 0.36151
1828 0.355837
1829 0.358041
1830 0.349551
1831 0.343122
1832 0.340245
1833 0.336041
1834 0.332122
1835 0.327163
1836 0.318816
1837 0.316673
1838 0.31349
1839 0.306265
1840 0.303122
1841 0.302102
1842 0.290755
1843 0.280959
1844 0.277612
1845 0.270857
1846 0.264959
1847 0.262286
1848 0.25451
1849 0.247327
1850 0.244204
1851 0.235204
1852 0.224265
1853 0.221755
1854 0.21498
1855 0.215673
1856 0.216163
1857 0.216082
1858 0.219224
1859 0.216776
1860 0.216367
1861 0.213286
1862 0.211755
1863 0.205531
1864 0.197633
1865 0.194735
1866 0.189102
1867 0.190224
1868 0.193204
1869 0.201633
1870 0.208796
1871 0.210939
1872 0.218531
1873 0.222143
1874 0.222367
1875 0.223898
1876 0.227061
1877 0.227367
1878 0.230714
1879 0.235776
1880 0.239265
1881 0.245082
1882 0.25498
1883 0.253082
1884 0.262878
1885 0.270143
1886 0.277184
1887 0.284469
1888 0.294755
1889 0.299408
1890 0.308224
1891 0.319163
1892 0.320857
1893 0.330959
1894 0.337122
1895 0.338306
1896 0.336408
1897 0.337571
1898 0.340388
1899 0.347633
1900 0.360714
1901 0.366265
1902 0.392796
1903 0.41902
1904 0.427755
1905 0.445102
1906 0.470367
1907 0.47402
1908 0.482592
1909 0.48702
1910 0.485286
1911 0.470531
1912 0.466796
1913 0.463878
1914 0.459041
1915 0.450306
1916 0.446041
1917 0.443184
1918 0.434776
1919 0.432878
1920 0.426959
1921 0.422306
1922 0.417265
1923 0.414755
1924 0.411714
1925 0.385694
1926 0.381163
1927 0.377469
1928 0.368816
1929 0.359429
1930 0.352857
1931 0.34951
1932 0.340918
1933 0.314347
1934 0.311327
1935 0.301735
1936 0.295184
1937 0.292041
1938 0.290408
1939 0.282878
1940 0.28251
1941 0.27898
1942 0.270878
1943 0.277776
1944 0.272612
1945 0.264653
1946 0.261939
1947 0.249388
1948 0.239796
1949 0.234592
1950 0.225306
1951 0.217245
1952 0.208673
1953 0.193449
1954 0.187143
1955 0.183204
1956 0.172469
1957 0.163918
1958 0.159592
1959 0.150633
1960 0.140796
1961 0.128551
1962 0.123306
1963 0.116327
1964 0.11351
1965 0.100102
1966 0.0913265
1967 0.0856122
1968 0.0733673
1969 0.0643673
1970 0.0595918
1971 0.0484082
1972 0.0345306
1973 0.0306939
1974 0.0233673
1975 0.0186531
1976 0.017
1977 0.0123061
1978 0.00928571
1979 0.00855102
1980 0.0084898
1981 0.008
1982 0.00777551
1983 0.0075102
1984 0.00693878
1985 0.00667347
1986 0.00614286
1987 0.00569388
1988 0.00532653
1989 0.00481633
1990 0.00477551
1991 0.00479592
1992 0.00510204
1993 0.00485714
1994 0.00473469
1995 0.00493878
1996 0.0044898
1997 0.00453061
1998 0.00444898
1999 0.00420408
2000 0.00457143
2001 0.00865306
2002 0.0183673
2003 0.0240408
2004 0.037449
2005 0.0514286
2006 0.0593878
2007 0.0749592
2008 0.0924286
2009 0.101388
2010 0.119306
2011 0.137061
2012 0.143755
2013 0.163143
2014 0.180898
2015 0.194878
2016 0.216082
2017 0.237571
2018 0.254306
2019 0.276673
2020 0.291224
2021 0.297551
2022 0.30851
2023 0.318061
2024 0.327612
2025 0.34449
2026 0.359898
2027 0.368408
2028 0.383633
2029 0.398571
2030 0.40449
2031 0.403122
2032 0.404449
2033 0.406735
2034 0.39949
2035 0.391429
2036 0.39149
2037 0.386694
2038 0.355327
2039 0.352673
2040 0.341041
2041 0.333837
2042 0.314898
2043 0.306837
2044 0.283102
2045 0.279327
2046 0.268898
2047 0.259653
2048 0.258918
2049 0.246918
2050 0.238857
2051 0.236429
2052 0.230551
2053 0.217286
2054 0.216286
2055 0.208469
2056 0.197367
2057 0.193816
2058 0.180061
2059 0.173531
2060 0.169327
2061 0.149469
2062 0.133837
2063 0.131102
2064 0.122449
2065 0.109122
2066 0.104918
2067 0.0960612
2068 0.0872245
2069 0.0872857
2070 0.0815102
2071 0.0778163
2072 0.0747347
2073 0.065449
2074 0.0596735
2075 0.0581837
2076 0.0511837
2077 0.0427551
2078 0.0398163
2079 0.0322449
2080 0.0271633
2081 0.0248776
2082 0.0195918
2083 0.0157143
2084 0.0147959
2085 0.0150816
2086 0.015102
2087 0.0144286
2088 0.014102
2089 0.013898
2090 0.0139592
2091 0.0134898
2092 0.0134898
2093 0.0132857
2094 0.0132449
2095 0.0132449
2096 0.0137347
2097 0.0142041
2098 0.0138571
2099 0.0138367
2100 0.0153265
2101 0.0182041
2102 0.0201224
2103 0.0250612
2104 0.0299388
2105 0.0330612
2106 0.0388163
2107 0.0463878
2108 0.0506735
2109 0.0587755
2110 0.0703469
2111 0.0757755
2112 0.0873265
2113 0.0984082
2114 0.104388
2115 0.117776
2116 0.130673
2117 0.139592
2118 0.154122
2119 0.172061
2120 0.181388
2121 0.198898
2122 0.216367
2123 0.233061
2124 0.258184
2125 0.278633
2126 0.285837
2127 0.324061
2128 0.362959
2129 0.377694
2130 0.404796
2131 0.434673
2132 0.447918
2133 0.466857
2134 0.478163
2135 0.480714
2136 0.507041
2137 0.511143
2138 0.51202
2139 0.511531
2140 0.511367
2141 0.510735
2142 0.509327
2143 0.502796
2144 0.499796
2145 0.492204
2146 0.490122
2147 0.487061
2148 0.479673
2149 0.473327
2150 0.468245
2151 0.46351
2152 0.389714
2153 0.383755
2154 0.339204
2155 0.338796
2156 0.342408
2157 0.323347
2158 0.327286
2159 0.326837
2160 0.32451
2161 0.316061
2162 0.315143
2163 0.313184
2164 0.310449
2165 0.309694
2166 0.304367
2167 0.296735
2168 0.297531
2169 0.287735
2170 0.283653
2171 0.281
2172 0.269898
2173 0.267857
2174 0.268082
2175 0.257224
2176 0.234939
2177 0.229612
2178 0.217061
2179 0.207184
2180 0.19502
2181 0.181204
2182 0.167633
2183 0.16251
2184 0.150918
2185 0.134918
2186 0.124
2187 0.113898
2188 0.105694
2189 0.100673
2190 0.0876327
2191 0.0779592
2192 0.0748163
2193 0.064
2194 0.0567959
2195 0.0542857
2196 0.0470612
2197 0.0405306
2198 0.0388163
2199 0.0323878
2200 0.0273265
2201 0.0243469
2202 0.0217143
2203 0.0180612
2204 0.0171224
2205 0.0159592
2206 0.014551
2207 0.0140408
2208 0.012449
2209 0.0108367
2210 0.00991837
2211 0.00861224
2212 0.00587755
2213 0.00457143
2214 0.00306122
2215 0.00244898
2216 0.00216327
2217 0.00259184
2218 0.00236735
2219 0.00220408
2220 0.00230612
2221 0.00218367
2222 0.00255102
2223 0.00287755
2224 0.00246939
2225 0.0032449
2226 0.00271429
2227 0.00295918
2228 0.00297959
2229 0.00353061
2230 0.00312245
2231 0.00289796
2232 0.00357143
2233 0.0034898
2234 0.00336735
2235 0.00346939
2236 0.00436735
2237 0.00408163
2238 0.00420408
2239 0.00377551
2240 0.00410204
2241 0.00434694
2242 0.00367347
2243 0.00397959
2244 0.00314286
2245 0.00381633
2246 0.00391837
2247 0.0042449
2248 0.00418367
2249 0.00410204
2250 0.00446939
2251 0.00467347
2252 0.00493878
2253 0.00555102
2254 0.00620408
2255 0.00632653
2256 0.00634694
2257 0.00587755
2258 0.00634694
2259 0.00685714
2260 0.0072449
2261 0.00779592
2262 0.00753061
2263 0.00844898
2264 0.00814286
2265 0.00914286
2266 0.011898
2267 0.0144082
2268 0.019551
2269 0.0277959
2270 0.0312245
2271 0.0403265
2272 0.0486939
2273 0.0539796
2274 0.0636327
2275 0.0712041
2276 0.0739796
2277 0.0798571
2278 0.0832857
2279 0.0857551
2280 0.0878571
2281 0.0917959
2282 0.0935306
2283 0.0976531
2284 0.100347
2285 0.100857
2286 0.103367
2287 0.104143
2288 0.104347
2289 0.106184
2290 0.105898
2291 0.106102
2292 0.105388
2293 0.103878
2294 0.103041
2295 0.102388
2296 0.100694
2297 0.100429
2298 0.101122
2299 0.10449
2300 0.106796
2301 0.111531
2302 0.110367
2303 0.110653
2304 0.112265
2305 0.112612
2306 0.111245
2307 0.110367
2308 0.110837
2309 0.110327
2310 0.107816
2311 0.107918
2312 0.10851
2313 0.104714
2314 0.0973265
2315 0.0971224
2316 0.0915306
2317 0.0876735
2318 0.0861224
2319 0.0817347
2320 0.0781837
2321 0.0764898
2322 0.0720408
2323 0.0702041
2324 0.0695918
2325 0.0647755
2326 0.0620816
2327 0.0613673
2328 0.0601837
2329 0.0581633
2330 0.0563061
2331 0.0541224
2332 0.052102
2333 0.0506735
2334 0.0464286
2335 0.0419592
2336 0.0421429
2337 0.0369388
2338 0.0330612
2339 0.0320816
2340 0.0303878
2341 0.0293469
2342 0.028
2343 0.0262449
2344 0.0242857
2345 0.0241429
2346 0.0223265
2347 0.0201837
2348 0.0180408
2349 0.0171633
2350 0.017449
2351 0.0197959
2352 0.020898
2353 0.020898
2354 0.0206531
2355 0.0189796
2356 0.0188367
2357 0.0188776
2358 0.0183265
2359 0.0174694
2360 0.016449
2361 0.0164286
2362 0.0159796
2363 0.0163469
2364 0.0167959
2365 0.0165102
2366 0.0159592
2367 0.0165306
2368 0.0165306
2369 0.016449
2370 0.0169796
2371 0.0167143
2372 0.0170612
2373 0.0172653
2374 0.0174694
2375 0.0166327
2376 0.0168571
2377 0.0158163
2378 0.0160612
2379 0.0153878
2380 0.0148571
2381 0.014551
2382 0.0136939
2383 0.0182041
2384 0.0231429
2385 0.0361837
2386 0.051449
2387 0.0577143
2388 0.0699184
2389 0.0778163
2390 0.0786531
2391 0.0798163
2392 0.0827959
2393 0.0847347
2394 0.0844286
2395 0.089
2396 0.0887755
2397 0.0887959
2398 0.0896939
2399 0.0894082
2400 0.0880816
2401 0.0880612
2402 0.0878776
2403 0.0870612
2404 0.0880816
2405 0.0879592
2406 0.0875306
2407 0.0875714
2408 0.0863878
2409 0.0852245
2410 0.0826122
2411 0.0816327
2412 0.0841633
2413 0.0795306
2414 0.0733673
2415 0.0676531
2416 0.0603673
2417 0.0606531
2418 0.0568163
2419 0.0507347
2420 0.048
2421 0.0406531
2422 0.0352449
2423 0.0323878
2424 0.0267755
2425 0.0227755
2426 0.0201429
2427 0.0156735
2428 0.0107959
2429 0.0085102
2430 0.0044898
2431 0.00171429
2432 0.0012449
2433 0.0117347
2434 0.0246531
2435 0.0303673
2436 0.0396327
2437 0.0447959
2438 0.0469388
2439 0.0484286
2440 0.051449
2441 0.0523061
2442 0.0539184
2443 0.0554082
2444 0.0557755
2445 0.0559184
2446 0.0553265
2447 0.0563265
2448 0.0573061
2449 0.057449
2450 0.0577551
2451 0.0574694
2452 0.0561633
2453 0.0566122
2454 0.0566735
2455 0.0562245
2456 0.0553469
2457 0.0547347
2458 0.0551837
2459 0.0566735
2460 0.0551837
2461 0.0569184
2462 0.0566939
2463 0.0529796
2464 0.0477755
2465 0.0460408
2466 0.040898
2467 0.0353061
2468 0.0324286
2469 0.0291633
2470 0.0256327
2471 0.0239592
2472 0.0209388
2473 0.017449
2474 0.0163673
2475 0.014449
2476 0.0156327
2477 0.0174082
2478 0.018898
2479 0.0170408
2480 0.016
2481 0.0160816
2482 0.0172653
2483 0.0173469
2484 0.0184286
2485 0.0179796
2486 0.0187959
2487 0.0193265
2488 0.0192041
2489 0.0192449
2490 0.0196531
2491 0.0201633
2492 0.0201429
2493 0.0200816
2494 0.0201633
2495 0.0196531
2496 0.0200612
2497 0.0206735
2498 0.0202653
2499 0.0206122
2500 0.0202245
2501 0.0201633
2502 0.0203469
2503 0.0204286
2504 0.0208571
2505 0.0207551
2506 0.0210408
2507 0.0204082
2508 0.0265714
2509 0.0353061
2510 0.0404694
2511 0.0497959
2512 0.058551
2513 0.0630204
2514 0.0727551
2515 0.0757347
2516 0.0744898
2517 0.0759592
2518 0.0755306
2519 0.0760612
2520 0.080102
2521 0.08
2522 0.0813061
2523 0.0839592
2524 0.0848571
2525 0.0853878
2526 0.0867551
2527 0.0882041
2528 0.0905918
2529 0.0919184
2530 0.0916735
2531 0.0910408
2532 0.0919184
2533 0.0910408
2534 0.0912653
2535 0.0914898
2536 0.0914898
2537 0.0907959
2538 0.0912245
2539 0.0919592
2540 0.0924082
2541 0.0911224
2542 0.0887551
2543 0.0874286
2544 0.0858571
2545 0.0876939
2546 0.0856939
2547 0.0834694
2548 0.084102
2549 0.0838571
2550 0.0782653
2551 0.0732653
2552 0.0720816
2553 0.0682449
2554 0.0652449
2555 0.0628571
2556 0.0580612
2557 0.0508571
2558 0.0484898
2559 0.042102
2560 0.0365306
2561 0.0343469
2562 0.0294082
2563 0.0242857
2564 0.0216735
2565 0.0171429
2566 0.0126327
2567 0.0102449
2568 0.00683673
2569 0.0044898
2570 0.00389796
2571 0.00281633
2572 0.00206122
2573 0.00195918
2574 0.00208163
2575 0.00206122
2576 0.00212245
2577 0.00216327
2578 0.00206122
2579 0.00202041
2580 0.00197959
2581 0.00193878
2582 0.00195918
2583 0.00191837
2584 0.00191837
2585 0.00185714
2586 0.00218367
2587 0.00208163
2588 0.00214286
2589 0.00216327
2590 0.00222449
2591 0.00220408
2592 0.00222449
2593 0.00220408
2594 0.00214286
2595 0.00222449
2596 0.00214286
2597 0.00208163
2598 0.00206122
2599 0.00197959
2600 0.00193878
2601 0.00187755
2602 0.00195918
2603 0.00193878
2604 0.00195918
2605 0.00202041
2606 0.002
2607 0.00216327
2608 0.00218367
2609 0.00222449
2610 0.0022449
2611 0.0024898
2612 0.00238776
2613 0.00216327
2614 0.00208163
2615 0.00208163
2616 0.00214286
2617 0.00208163
2618 0.00208163
2619 0.00185714
2620 0.00197959
2621 0.00202041
2622 0.00204082
2623 0.00206122
2624 0.00318367
2625 0.0102857
2626 0.0200204
2627 0.0254694
2628 0.0333469
2629 0.0402449
2630 0.0436531
2631 0.0467143
2632 0.0487347
2633 0.0496735
2634 0.0523673
2635 0.0532857
2636 0.0531837
2637 0.0592857
2638 0.0705306
2639 0.0752041
2640 0.0856531
2641 0.0962857
2642 0.102082
2643 0.117735
2644 0.131163
2645 0.137551
2646 0.154633
2647 0.163163
2648 0.16851
2649 0.182837
2650 0.190449
2651 0.194388
2652 0.208122
2653 0.209408
2654 0.210531
2655 0.213163
2656 0.212592
2657 0.212612
2658 0.217265
2659 0.218939
2660 0.218306
2661 0.221898
2662 0.218714
2663 0.217143
2664 0.212265
2665 0.20849
2666 0.204184
2667 0.198306
2668 0.197959
2669 0.199347
2670 0.197653
2671 0.199041
2672 0.198184
2673 0.197061
2674 0.202837
2675 0.211918
2676 0.206102
2677 0.206449
2678 0.204796
2679 0.200286
2680 0.193469
2681 0.184469
2682 0.177204
2683 0.171898
2684 0.169102
2685 0.163612
2686 0.155816
2687 0.153878
2688 0.151796
2689 0.145408
2690 0.145551
2691 0.138735
2692 0.134061
2693 0.132306
2694 0.128
2695 0.122694
2696 0.118796
2697 0.112551
2698 0.106306
2699 0.103959
2700 0.100122
2701 0.0951429
2702 0.0912653
2703 0.0856531
2704 0.0800816
2705 0.0773878
2706 0.0729388
2707 0.0691429
2708 0.067
2709 0.0652041
2710 0.0646327
2711 0.0652245
2712 0.0656531
2713 0.0657959
2714 0.0661224
2715 0.0667347
2716 0.0672245
2717 0.0672653
2718 0.0671224
2719 0.0667347
2720 0.0630204
2721 0.0634898
2722 0.0637755
2723 0.0637755
2724 0.0637551
2725 0.0646327
2726 0.064449
2727 0.0669592
2728 0.073102
2729 0.0768163
2730 0.0846327
2731 0.0914694
2732 0.0945714
2733 0.100408
2734 0.104612
2735 0.104673
2736 0.108571
2737 0.110041
2738 0.111469
2739 0.111265
2740 0.112653
2741 0.114184
2742 0.113469
2743 0.113673
2744 0.115408
2745 0.115408
2746 0.11598
2747 0.11798
2748 0.120143
2749 0.122796
2750 0.123122
2751 0.123408
2752 0.123449
2753 0.123163
2754 0.125347
2755 0.125633
2756 0.126653
2757 0.127163
2758 0.127204
2759 0.127694
2760 0.128449
2761 0.129286
2762 0.129122
2763 0.130122
2764 0.130041
2765 0.131408
2766 0.131367
2767 0.132061
2768 0.132837
2769 0.133694
2770 0.133245
2771 0.133408
2772 0.133469
2773 0.134204
2774 0.134367
2775 0.134939
2776 0.135306
2777 0.13502
2778 0.136633
2779 0.137184
2780 0.138143
2781 0.139939
2782 0.141347
2783 0.141816
2784 0.141163
2785 0.140939
2786 0.141571
2787 0.141143
2788 0.139551
2789 0.141286
2790 0.141694
2791 0.14202
2792 0.142204
2793 0.142449
2794 0.142673
2795 0.142878
2796 0.142776
2797 0.14149
2798 0.142714
2799 0.142653
2800 0.14249
2801 0.141082
2802 0.141714
2803 0.141612
2804 0.141224
2805 0.141449
2806 0.142286
2807 0.141633
2808 0.142816
2809 0.142245
2810 0.142224
2811 0.142265
2812 0.142041
2813 0.142367
2814 0.143102
2815 0.142408
2816 0.142204
2817 0.142857
2818 0.142959
2819 0.143163
2820 0.143796
2821 0.143347
2822 0.143429
2823 0.143755
2824 0.143224
2825 0.143306
2826 0.143082
2827 0.142796
2828 0.142612
2829 0.142551
2830 0.142714
2831 0.142653
2832 0.142918
2833 0.143122
2834 0.143143
2835 0.143592
2836 0.146571
2837 0.146857
2838 0.147204
2839 0.146939
2840 0.146939
2841 0.146816
2842 0.146245
2843 0.146469
2844 0.144939
2845 0.144878
2846 0.144327
2847 0.144306
2848 0.144388
2849 0.144571
2850 0.144857
2851 0.145673
2852 0.145245
2853 0.14498
2854 0.145449
2855 0.145837
2856 0.145612
2857 0.145857
2858 0.146245
2859 0.146224
2860 0.146388
2861 0.144918
2862 0.145388
2863 0.145408
2864 0.145959
2865 0.146776
2866 0.146857
2867 0.147286
2868 0.147653
2869 0.148449
2870 0.149327
2871 0.149653
2872 0.149816
2873 0.150306
2874 0.149571
2875 0.148612
2876 0.149163
2877 0.148
2878 0.14902
2879 0.150388
2880 0.153
2881 0.155286
2882 0.156286
2883 0.157898
2884 0.159102
2885 0.159367
2886 0.161286
2887 0.161551
2888 0.162184
2889 0.162816
2890 0.163755
2891 0.163469
2892 0.16249
2893 0.160286
2894 0.160755
2895 0.159245
2896 0.158776
2897 0.158286
2898 0.158102
2899 0.157837
2900 0.158633
2901 0.157306
2902 0.157878
2903 0.157143
2904 0.156776
2905 0.156612
2906 0.156306
2907 0.156245
2908 0.156449
2909 0.156612
2910 0.156367
2911 0.155898
2912 0.155449
2913 0.15551
2914 0.15549
2915 0.155837
2916 0.155837
2917 0.155265
2918 0.154918
2919 0.154184
2920 0.154082
2921 0.154245
2922 0.154143
2923 0.154429
2924 0.154367
2925 0.154837
2926 0.154224
2927 0.153857
2928 0.154592
2929 0.155714
2930 0.156388
2931 0.15851
2932 0.159531
2933 0.159694
2934 0.161286
2935 0.161367
2936 0.162878
2937 0.162816
2938 0.16398
2939 0.163531
2940 0.165122
2941 0.165776
2942 0.165531
2943 0.166469
2944 0.167184
2945 0.167694
2946 0.170143
2947 0.173776
2948 0.175184
2949 0.178122
2950 0.18198
2951 0.18349
2952 0.188
2953 0.191082
2954 0.191571
2955 0.19551
2956 0.199776
2957 0.202082
2958 0.208878
2959 0.21451
2960 0.220122
2961 0.233857
2962 0.238408
2963 0.240571
2964 0.248653
2965 0.255102
2966 0.257592
2967 0.264347
2968 0.274204
2969 0.280816
2970 0.290061
2971 0.297286
2972 0.300694
2973 0.311673
2974 0.323531
2975 0.330306
2976 0.335714
2977 0.34398
2978 0.34698
2979 0.353061
2980 0.357837
2981 0.361184
2982 0.376143
2983 0.386735
2984 0.396429
2985 0.403184
2986 0.446714
2987 0.447755
2988 0.449245
2989 0.453061
2990 0.462939
2991 0.488633
2992 0.510408
2993 0.524776
2994 0.544959
2995 0.561286
2996 0.568776
2997 0.582347
2998 0.639184
2999 0.673612
3000 0.722735
3001 0.754429
3002 0.774571
3003 0.796163
3004 0.810531
3005 0.82151
3006 0.833531
3007 0.838796
3008 0.841306
3009 0.842531
3010 0.842612
3011 0.893673
3012 0.889163
3013 0.887918
3014 0.885694
3015 0.886306
3016 0.890714
3017 0.895755
3018 0.896429
3019 0.900571
3020 0.904061
3021 0.906041
3022 0.904714
3023 0.905571
3024 0.906163
3025 0.907735
3026 0.905878
3027 0.906612
3028 0.907755
3029 0.909265
3030 0.909673
3031 0.911612
3032 0.910735
3033 0.910429
3034 0.910898
3035 0.911265
3036 0.914633
3037 0.914388
3038 0.913673
3039 0.914122
3040 0.913796
3041 0.913245
3042 0.91298
3043 0.911551
3044 0.911184
3045 0.91151
3046 0.909857
3047 0.911224
3048 0.911163
3049 0.909449
3050 0.909204
3051 0.909306
3052 0.909531
3053 0.909449
3054 0.909367
3055 0.909673
3056 0.909449
3057 0.908
3058 0.907776
3059 0.907959
3060 0.90651
3061 0.905082
3062 0.904163
3063 0.903449
3064 0.900796
3065 0.901551
3066 0.900959
3067 0.899306
3068 0.898837
3069 0.899571
3070 0.898143
3071 0.898551
3072 0.897061
3073 0.896694
3074 0.897061
3075 0.895041
3076 0.895367
3077 0.894878
3078 0.893347
3079 0.89351
3080 0.89251
3081 0.893041
3082 0.892204
3083 0.893061
3084 0.891306
3085 0.891163
3086 0.89102
3087 0.888143
3088 0.889306
3089 0.887306
3090 0.885469
3091 0.885878
3092 0.885061
3093 0.884796
3094 0.882082
3095 0.881327
3096 0.881102
3097 0.879959
3098 0.87998
3099 0.880449
3100 0.879735
3101 0.880327
3102 0.879959
3103 0.880469
3104 0.880755
3105 0.881224
3106 0.881837
3107 0.881612
3108 0.882429
3109 0.882449
3110 0.882612
3111 0.884082
3112 0.882531
3113 0.883408
3114 0.882122
3115 0.881571
3116 0.88102
3117 0.879061
3118 0.878245
3119 0.878592
3120 0.878429
3121 0.878245
3122 0.878347
3123 0.878857
3124 0.878776
3125 0.877082
3126 0.877286
3127 0.877408
3128 0.877143
3129 0.876469
3130 0.875673
3131 0.874735
3132 0.873122
3133 0.870898
3134 0.870796
3135 0.868816
3136 0.867082
3137 0.867776
3138 0.867469
3139 0.866327
3140 0.86551
3141 0.865388
3142 0.864204
3143 0.86298
3144 0.861694
3145 0.860694
3146 0.860286
3147 0.860327
3148 0.859816
3149 0.859408
3150 0.859714
3151 0.859204
3152 0.859061
3153 0.859122
3154 0.859061
3155 0.859367
3156 0.85802
3157 0.859
3158 0.858388
3159 0.859
3160 0.85851
3161 0.858612
3162 0.857857
3163 0.857898
3164 0.858184
3165 0.858102
3166 0.858776
3167 0.858224
3168 0.858898
3169 0.858286
3170 0.858224
3171 0.858755
3172 0.858347
3173 0.858265
3174 0.858245
3175 0.85851
3176 0.858673
3177 0.857184
3178 0.85749
3179 0.856592
3180 0.855939
3181 0.853755
3182 0.853898
3183 0.852449
3184 0.853551
3185 0.852286
3186 0.852653
3187 0.851224
3188 0.850449
3189 0.84949
3190 0.848694
3191 0.847388
3192 0.846898
3193 0.846653
3194 0.845959
3195 0.845694
3196 0.845796
3197 0.845857
3198 0.845571
3199 0.84502
3200 0.845449
3201 0.844388
3202 0.845408
3203 0.844592
3204 0.844265
3205 0.844163
3206 0.844633
3207 0.844102
3208 0.844796
3209 0.844429
3210 0.845102
3211 0.844469
3212 0.844551
3213 0.844245
3214 0.843898
3215 0.843531
3216 0.843245
3217 0.842816
3218 0.842776
3219 0.842245
3220 0.842796
3221 0.842694
3222 0.842633
3223 0.842388
3224 0.842551
3225 0.842347
3226 0.841898
3227 0.841796
3228 0.841551
3229 0.841286
3230 0.841327
3231 0.84102
3232 0.840653
3233 0.84098
3234 0.840571
3235 0.84049
3236 0.840735
3237 0.841918
3238 0.842531
3239 0.842653
3240 0.841898
3241 0.841878
3242 0.841857
3243 0.841612
3244 0.841898
3245 0.841449
3246 0.841551
3247 0.84098
3248 0.84149
3249 0.841531
3250 0.841816
3251 0.841612
3252 0.842122
3253 0.842633
3254 0.842429
3255 0.842041
3256 0.842041
3257 0.842204
3258 0.842469
3259 0.842102
3260 0.842102
3261 0.843265
3262 0.842918
3263 0.84251
3264 0.84302
3265 0.842796
3266 0.843184
3267 0.843367
3268 0.84351
3269 0.843408
3270 0.843531
3271 0.843286
3272 0.843102
3273 0.843388
3274 0.843633
3275 0.843571
3276 0.843367
3277 0.843776
3278 0.843551
3279 0.843184
3280 0.842694
3281 0.843061
3282 0.843306
3283 0.843245
3284 0.843102
3285 0.843122
3286 0.843673
3287 0.843939
3288 0.843918
3289 0.844367
3290 0.844163
3291 0.843796
3292 0.843918
3293 0.843571
3294 0.843245
3295 0.842959
3296 0.842388
3297 0.842959
3298 0.842408
3299 0.842633
3300 0.842347
3301 0.84249
3302 0.842694
3303 0.843
3304 0.842796
3305 0.842449
3306 0.842408
3307 0.842429
3308 0.842245
3309 0.842531
3310 0.842367
3311 0.843735
3312 0.843327
3313 0.842816
3314 0.842408
3315 0.842388
3316 0.841755
3317 0.841673
3318 0.841265
3319 0.84198
3320 0.841347
3321 0.842531
3322 0.84249
3323 0.84298
3324 0.842408
3325 0.842612
3326 0.842755
3327 0.842449
3328 0.84298
3329 0.842857
3330 0.842755
3331 0.843
3332 0.842612
3333 0.843245
3334 0.842714
3335 0.842755
3336 0.841939
3337 0.841449
3338 0.841551
3339 0.842286
3340 0.842102
3341 0.841673
3342 0.841816
3343 0.84102
3344 0.840408
3345 0.840571
3346 0.839776
3347 0.839388
3348 0.839245
3349 0.838837
3350 0.839184
3351 0.838265
3352 0.838531
3353 0.839
3354 0.839653
3355 0.840163
3356 0.83998
3357 0.840735
3358 0.840796
3359 0.840735
3360 0.841061
3361 0.84402
3362 0.843306
3363 0.843857
3364 0.843776
3365 0.843327
3366 0.844041
3367 0.844061
3368 0.844388
3369 0.84498
3370 0.845204
3371 0.845388
3372 0.845857
3373 0.845918
3374 0.845592
3375 0.845714
3376 0.845735
3377 0.845898
3378 0.845939
3379 0.846061
3380 0.846041
3381 0.846082
3382 0.845918
3383 0.845776
3384 0.845776
3385 0.845429
3386 0.844939
3387 0.844755
3388 0.844816
3389 0.844592
3390 0.844755
3391 0.844265
3392 0.844265
3393 0.844204
3394 0.843918
3395 0.843816
3396 0.843531
3397 0.843816
3398 0.844122
3399 0.843755
3400 0.844286
3401 0.844918
3402 0.844653
3403 0.844735
3404 0.844367
3405 0.84451
3406 0.844694
3407 0.844592
3408 0.84449
3409 0.844469
3410 0.844449
3411 0.845082
3412 0.844939
3413 0.844878
3414 0.843857
3415 0.844143
3416 0.844102
3417 0.843755
3418 0.843837
3419 0.843714
3420 0.843857
3421 0.84402
3422 0.84451
3423 0.844408
3424 0.844327
3425 0.844163
3426 0.843939
3427 0.844388
3428 0.844286
3429 0.844367
3430 0.844286
3431 0.844551
3432 0.844245
3433 0.844143
3434 0.844061
3435 0.844122
3436 0.847449
3437 0.847367
3438 0.84702
3439 0.846816
3440 0.847224
3441 0.847224
3442 0.847286
3443 0.847286
3444 0.847204
3445 0.846918
3446 0.846714
3447 0.846878
3448 0.846878
3449 0.846776
3450 0.846837
3451 0.847102
3452 0.846918
3453 0.847367
3454 0.847286
3455 0.847184
3456 0.847184
3457 0.847041
3458 0.847163
3459 0.84751
3460 0.847796
3461 0.848633
3462 0.849
3463 0.848469
3464 0.848204
3465 0.848061
3466 0.848184
3467 0.848143
3468 0.848429
3469 0.848306
3470 0.848204
3471 0.848408
3472 0.848327
3473 0.848367
3474 0.848327
3475 0.848531
3476 0.849061
3477 0.848857
3478 0.848694
3479 0.848571
3480 0.848551
3481 0.848449
3482 0.847918
3483 0.848449
3484 0.848163
3485 0.848265
3486 0.849143
3487 0.849061
3488 0.848673
3489 0.848143
3490 0.848286
3491 0.848388
3492 0.848918
3493 0.848959
3494 0.848857
3495 0.849041
3496 0.84898
3497 0.849122
3498 0.849143
3499 0.849041
3500 0.849327
3501 0.848898
3502 0.848755
3503 0.848878
3504 0.848429
3505 0.848449
3506 0.84851
3507 0.848653
3508 0.848592
3509 0.848143
3510 0.848327
3511 0.84751
3512 0.847531
3513 0.847673
3514 0.847735
3515 0.847673
3516 0.847776
3517 0.847837
3518 0.847592
3519 0.847673
3520 0.847735
3521 0.847898
3522 0.84749
3523 0.847898
3524 0.84802
3525 0.848122
3526 0.847857
3527 0.847755
3528 0.847673
3529 0.847306
3530 0.84749
3531 0.84751
3532 0.847571
3533 0.847449
3534 0.847816
3535 0.847837
3536 0.849755
3537 0.84951
3538 0.85002
3539 0.849857
3540 0.849653
3541 0.849633
3542 0.84951
3543 0.849122
3544 0.849122
3545 0.849061
3546 0.849082
3547 0.849163
3548 0.849061
3549 0.849
3550 0.848878
3551 0.848653
3552 0.848857
3553 0.848571
3554 0.848531
3555 0.848469
3556 0.848816
3557 0.848918
3558 0.848939
3559 0.848694
3560 0.84902
3561 0.848837
3562 0.848796
3563 0.848327
3564 0.848735
3565 0.848939
3566 0.848939
3567 0.848898
3568 0.848857
3569 0.848837
3570 0.847102
3571 0.847143
3572 0.847469
3573 0.847612
3574 0.847449
3575 0.847286
3576 0.846837
3577 0.847163
3578 0.847041
3579 0.847082
3580 0.847184
3581 0.84749
3582 0.847286
3583 0.847102
3584 0.84698
3585 0.847265
3586 0.847429
3587 0.847347
3588 0.847816
3589 0.847816
3590 0.847776
3591 0.847796
3592 0.847796
3593 0.847959
3594 0.848041
3595 0.847347
3596 0.847694
3597 0.847878
3598 0.847816
3599 0.847571
3600 0.847612
3601 0.848163
3602 0.848
3603 0.848286
3604 0.848204
3605 0.848204
3606 0.848429
3607 0.848531
3608 0.848347
3609 0.84849
3610 0.848469
3611 0.848143
3612 0.848429
3613 0.848367
3614 0.848143
3615 0.847735
3616 0.847714
3617 0.847755
3618 0.847551
3619 0.847347
3620 0.847694
3621 0.847449
3622 0.847673
3623 0.847796
3624 0.847245
3625 0.847143
3626 0.847082
3627 0.847347
3628 0.847857
3629 0.847143
3630 0.846755
3631 0.84698
3632 0.846755
3633 0.846449
3634 0.846776
3635 0.84702
3636 0.846857
3637 0.847
3638 0.846959
3639 0.846551
3640 0.846
3641 0.845939
3642 0.846449
3643 0.846408
3644 0.846429
3645 0.847469
3646 0.847122
3647 0.847224
3648 0.846959
3649 0.846204
3650 0.845898
3651 0.845714
3652 0.84551
3653 0.845837
3654 0.846061
3655 0.845653
3656 0.846061
3657 0.846286
3658 0.846102
3659 0.846286
3660 0.846143
3661 0.845898
3662 0.846143
3663 0.846449
3664 0.846286
3665 0.845857
3666 0.846143
3667 0.846102
3668 0.846306
3669 0.846265
3670 0.847082
3671 0.847551
3672 0.847531
3673 0.847429
3674 0.847143
3675 0.847592
3676 0.847898
3677 0.847551
3678 0.847939
3679 0.847735
3680 0.848061
3681 0.848755
3682 0.84849
3683 0.848878
3684 0.848816
3685 0.848612
3686 0.848633
3687 0.848735
3688 0.848714
3689 0.848878
3690 0.84898
3691 0.848898
3692 0.848878
3693 0.848612
3694 0.848837
3695 0.848388
3696 0.847898
3697 0.848082
3698 0.84802
3699 0.847878
3700 0.848082
3701 0.847469
3702 0.84802
3703 0.847918
3704 0.848531
3705 0.848857
3706 0.848041
3707 0.848
3708 0.847694
3709 0.848735
3710 0.84798
3711 0.848531
3712 0.848245
3713 0.848367
3714 0.848367
3715 0.847816
3716 0.848612
3717 0.848531
3718 0.848122
3719 0.848306
3720 0.848
3721 0.849
3722 0.848306
3723 0.848531
3724 0.848735
3725 0.849367
3726 0.849061
3727 0.848449
3728 0.848163
3729 0.848673
3730 0.848204
3731 0.848367
3732 0.848102
3733 0.848531
3734 0.848735
3735 0.848551
3736 0.847898
3737 0.848755
3738 0.849082
3739 0.848653
3740 0.849306
3741 0.849061
3742 0.849633
3743 0.84949
3744 0.848857
3745 0.851
3746 0.850469
3747 0.850735
3748 0.85049
3749 0.850408
3750 0.850143
3751 0.850796
3752 0.850633
3753 0.851367
3754 0.851714
3755 0.850755
3756 0.850673
3757 0.851469
3758 0.851204
3759 0.850837
3760 0.850959
3761 0.850571
3762 0.850408
3763 0.850061
3764 0.850082
3765 0.849694
3766 0.849735
3767 0.849204
3768 0.848755
3769 0.848184
3770 0.848224
3771 0.848551
3772 0.848327
3773 0.848796
3774 0.84951
3775 0.849612
3776 0.84949
3777 0.850469
3778 0.850694
3779 0.85
3780 0.850776
3781 0.850469
3782 0.850673
3783 0.850531
3784 0.850735
3785 0.851184
3786 0.851408
3787 0.851306
3788 0.851204
3789 0.851571
3790 0.851347
3791 0.851082
3792 0.85102
3793 0.851245
3794 0.850755
3795 0.84898
3796 0.848796
3797 0.850061
3798 0.850122
3799 0.848653
3800 0.848
3801 0.847286
3802 0.847776
3803 0.846531
3804 0.845408
3805 0.844816
3806 0.844347
3807 0.843286
3808 0.843347
3809 0.843551
3810 0.843959
3811 0.844429
3812 0.844
3813 0.844286
3814 0.844959
3815 0.845388
3816 0.845163
3817 0.845286
3818 0.845735
3819 0.845939
3820 0.850122
3821 0.850122
3822 0.850082
3823 0.849673
3824 0.850327
3825 0.850082
3826 0.849857
3827 0.850327
3828 0.850735
3829 0.850551
3830 0.850449
3831 0.850653
3832 0.850388
3833 0.850837
3834 0.850551
3835 0.850265
3836 0.850551
3837 0.850449
3838 0.850755
3839 0.850531
3840 0.850469
3841 0.850429
3842 0.850245
3843 0.850204
3844 0.850245
3845 0.848265
3846 0.848531
3847 0.848653
3848 0.848612
3849 0.848102
3850 0.84849
3851 0.848694
3852 0.848878
3853 0.848857
3854 0.849224
3855 0.849347
3856 0.849082
3857 0.849041
3858 0.84849
3859 0.84851
3860 0.848653
3861 0.849061
3862 0.84898
3863 0.848857
3864 0.848959
3865 0.848184
3866 0.848551
3867 0.84849
3868 0.848837
3869 0.848673
3870 0.84902
3871 0.848857
3872 0.849102
3873 0.849143
3874 0.849163
3875 0.84998
3876 0.850061
3877 0.849796
3878 0.849898
3879 0.850163
3880 0.85049
3881 0.850408
3882 0.850449
3883 0.849531
3884 0.84902
3885 0.849327
3886 0.849388
3887 0.848918
3888 0.849102
3889 0.849286
3890 0.849306
3891 0.848918
3892 0.849265
3893 0.849551
3894 0.849592
3895 0.850388
3896 0.850796
3897 0.85102
3898 0.851122
3899 0.851204
3900 0.851694
3901 0.851592
3902 0.851102
3903 0.850878
3904 0.85049
3905 0.850898
3906 0.851061
3907 0.850469
3908 0.850408
3909 0.850041
3910 0.849939
3911 0.85
3912 0.849755
3913 0.85002
3914 0.850061
3915 0.849939
3916 0.850143
3917 0.84998
3918 0.85
3919 0.849857
3920 0.849673
3921 0.850163
3922 0.850204
3923 0.850347
3924 0.850551
3925 0.850816
3926 0.850163
3927 0.850653
3928 0.850367
3929 0.850429
3930 0.850184
3931 0.850184
3932 0.850041
3933 0.850388
3934 0.850245
3935 0.850204
3936 0.850429
3937 0.850245
3938 0.850429
3939 0.850327
3940 0.850204
3941 0.850204
3942 0.849714
3943 0.849714
3944 0.849367
3945 0.851469
3946 0.851612
3947 0.851816
3948 0.85149
3949 0.851592
3950 0.851122
3951 0.851224
3952 0.851184
3953 0.851327
3954 0.851245
3955 0.851
3956 0.850939
3957 0.850857
3958 0.850939
3959 0.851469
3960 0.851735
3961 0.851755
3962 0.851735
3963 0.851449
3964 0.851061
3965 0.850959
3966 0.851102
3967 0.851
3968 0.850735
3969 0.850837
3970 0.852347
3971 0.852327
3972 0.852122
3973 0.852122
3974 0.851531
3975 0.851571
3976 0.851245
3977 0.851449
3978 0.851735
3979 0.851939
3980 0.851612
3981 0.851306
3982 0.850531
3983 0.849306
3984 0.849837
3985 0.849694
3986 0.849653
3987 0.84998
3988 0.84949
3989 0.850327
3990 0.850286
3991 0.850776
3992 0.851082
3993 0.851204
3994 0.85098
3995 0.852
3996 0.851878
3997 0.851469
3998 0.850857
3999 0.850959
4000 0.851224
4001 0.851531
4002 0.851245
4003 0.851061
4004 0.850939
4005 0.850714
4006 0.851041
4007 0.851
4008 0.850959
4009 0.850776
4010 0.850429
4011 0.850184
4012 0.850429
4013 0.850633
4014 0.850612
4015 0.850694
4016 0.850694
4017 0.850388
4018 0.850367
4019 0.850327
4020 0.851
4021 0.850837
4022 0.85098
4023 0.850918
4024 0.851327
4025 0.851245
4026 0.851694
4027 0.851653
4028 0.851551
4029 0.851061
4030 0.850735
4031 0.850694
4032 0.85098
4033 0.850714
4034 0.850776
4035 0.850898
4036 0.850939
4037 0.850551
4038 0.850592
4039 0.85049
4040 0.85098
4041 0.851184
4042 0.851122
4043 0.851163
4044 0.851347
4045 0.851694
4046 0.851551
4047 0.851735
4048 0.851735
4049 0.851755
4050 0.851592
4051 0.851755
4052 0.852082
4053 0.852082
4054 0.851959
4055 0.851837
4056 0.85151
4057 0.851469
4058 0.851245
4059 0.851224
4060 0.851265
4061 0.851429
4062 0.851224
4063 0.851122
4064 0.851224
4065 0.851612
4066 0.851531
4067 0.851735
4068 0.852286
4069 0.85251
4070 0.851122
4071 0.851143
4072 0.851245
4073 0.85102
4074 0.850837
4075 0.851122
4076 0.850918
4077 0.851041
4078 0.850918
4079 0.850898
4080 0.851082
4081 0.851
4082 0.851102
4083 0.851367
4084 0.851265
4085 0.85149
4086 0.85151
4087 0.851449
4088 0.851612
4089 0.851327
4090 0.85151
4091 0.851673
4092 0.851633
4093 0.851796
4094 0.851878
4095 0.852633
4096 0.852796
4097 0.852327
4098 0.852102
4099 0.851857
4100 0.852429
4101 0.85251
4102 0.852429
4103 0.852184
4104 0.85249
4105 0.852184
4106 0.851735
4107 0.85151
4108 0.851163
4109 0.851265
4110 0.851735
4111 0.852204
4112 0.852367
4113 0.852041
4114 0.851918
4115 0.851612
4116 0.851735
4117 0.852061
4118 0.852102
4119 0.852735
4120 0.853327
4121 0.852837
4122 0.852327
4123 0.852531
4124 0.852857
4125 0.853
4126 0.852408
4127 0.852531
4128 0.852286
4129 0.852857
4130 0.852245
4131 0.852633
4132 0.853184
4133 0.852673
4134 0.852469
4135 0.853041
4136 0.853
4137 0.852306
4138 0.851898
4139 0.852041
4140 0.851918
4141 0.852102
4142 0.851653
4143 0.851878
4144 0.851898
4145 0.853408
4146 0.852878
4147 0.852612
4148 0.852367
4149 0.851735
4150 0.851286
4151 0.849469
4152 0.849449
4153 0.849592
4154 0.84902
4155 0.849082
4156 0.849837
4157 0.84902
4158 0.849163
4159 0.848347
4160 0.848449
4161 0.848898
4162 0.848714
4163 0.849286
4164 0.84902
4165 0.848306
4166 0.849143
4167 0.848653
4168 0.850592
4169 0.849633
4170 0.850796
4171 0.850796
4172 0.850531
4173 0.851082
4174 0.851694
4175 0.851857
4176 0.852327
4177 0.851673
4178 0.853
4179 0.853551
4180 0.853408
4181 0.854122
4182 0.854673
4183 0.854408
4184 0.855571
4185 0.855694
4186 0.857204
4187 0.859673
4188 0.85951
4189 0.861571
4190 0.861755
4191 0.863592
4192 0.864163
4193 0.865531
4194 0.865367
4195 0.866714
4196 0.865653
4197 0.867469
4198 0.867061
4199 0.866592
4200 0.866735
4201 0.865816
4202 0.865143
4203 0.864531
4204 0.86451
4205 0.865224
4206 0.864959
4207 0.865959
4208 0.865694
4209 0.868102
4210 0.868102
4211 0.867306
4212 0.868367
4213 0.86798
4214 0.868551
4215 0.870367
4216 0.872878
4217 0.873061
4218 0.874878
4219 0.87498
4220 0.874878
4221 0.875776
4222 0.876143
4223 0.87949
4224 0.879041
4225 0.879673
4226 0.880694
4227 0.881041
4228 0.883245
4229 0.88449
4230 0.885612
4231 0.890327
4232 0.891306
4233 0.89202
4234 0.895
4235 0.896673
4236 0.897939
4237 0.901449
4238 0.901082
4239 0.903796
4240 0.90251
4241 0.899408
4242 0.898816
4243 0.897429
4244 0.894571
4245 0.891286
4246 0.890857
4247 0.889041
4248 0.890143
4249 0.887388
4250 0.883755
4251 0.881939
4252 0.880857
4253 0.880327
4254 0.881531
4255 0.883245
4256 0.880449
4257 0.880653
4258 0.882878
4259 0.884327
4260 0.883755
4261 0.882388
4262 0.883184
4263 0.883429
4264 0.888122
4265 0.890408
4266 0.891367
4267 0.894776
4268 0.898388
4269 0.899898
4270 0.901653
4271 0.903551
4272 0.906204
4273 0.907633
4274 0.907673
4275 0.908735
4276 0.909163
4277 0.910163
4278 0.910959
4279 0.910878
4280 0.912633
4281 0.913469
4282 0.91351
4283 0.912755
4284 0.913163
4285 0.914776
4286 0.917388
4287 0.918449
4288 0.919245
4289 0.919265
4290 0.920061
4291 0.918143
4292 0.918347
4293 0.914347
4294 0.91098
4295 0.900796
4296 0.901388
4297 0.896163
4298 0.896388
4299 0.896735
4300 0.893735
4301 0.895714
4302 0.894612
4303 0.895592
4304 0.896816
4305 0.894959
4306 0.894102
4307 0.892816
4308 0.892122
4309 0.889
4310 0.889347
4311 0.887816
4312 0.886898
4313 0.883449
4314 0.883429
4315 0.883449
4316 0.880122
4317 0.880714
4318 0.870898
4319 0.866633
4320 0.86349
4321 0.863347
4322 0.863878
4323 0.857347
4324 0.844816
4325 0.835755
4326 0.834857
4327 0.828653
4328 0.805265
4329 0.797184
4330 0.785816
4331 0.782612
4332 0.782571
4333 0.77749
4334 0.772082
4335 0.769735
4336 0.768041
4337 0.766714
4338 0.768122
4339 0.765163
4340 0.765082
4341 0.765653
4342 0.767143
4343 0.770122
4344 0.769959
4345 0.742592
4346 0.743204
4347 0.745796
4348 0.747612
4349 0.747408
4350 0.749857
4351 0.750633
4352 0.749143
4353 0.747143
4354 0.747633
4355 0.743959
4356 0.743653
4357 0.740449
4358 0.736388
4359 0.73549
4360 0.732776
4361 0.730571
4362 0.727776
4363 0.727429
4364 0.725347
4365 0.726163
4366 0.728367
4367 0.725592
4368 0.724612
4369 0.722714
4370 0.716939
4371 0.71702
4372 0.722102
4373 0.720837
4374 0.721102
4375 0.718878
4376 0.720204
4377 0.723408
4378 0.722939
4379 0.693816
4380 0.692
4381 0.699184
4382 0.7
4383 0.698531
4384 0.693633
4385 0.688755
4386 0.688898
4387 0.683449
4388 0.674408
4389 0.672776
4390 0.668939
4391 0.662122
4392 0.663306
4393 0.655857
4394 0.626367
4395 0.623551
4396 0.617612
4397 0.612796
4398 0.610061
4399 0.601939
4400 0.59502
4401 0.592531
4402 0.584408
4403 0.579306
4404 0.574327
4405 0.565265
4406 0.558918
4407 0.555755
4408 0.54751
4409 0.532408
4410 0.530347
4411 0.528224
4412 0.522551
4413 0.519224
4414 0.533959
4415 0.536816
4416 0.535796
4417 0.555918
4418 0.563673
4419 0.565429
4420 0.565367
4421 0.592959
4422 0.593714
4423 0.594388
4424 0.608
4425 0.612714
4426 0.61751
4427 0.615735
4428 0.617776
4429 0.618714
4430 0.617347
4431 0.613571
4432 0.613592
4433 0.617102
4434 0.613939
4435 0.611816
4436 0.605857
4437 0.60451
4438 0.600898
4439 0.596633
4440 0.595857
4441 0.596102
4442 0.604102
4443 0.604653
4444 0.60402
4445 0.599347
4446 0.607735
4447 0.61751
4448 0.619776
4449 0.62549
4450 0.628204
4451 0.627714
4452 0.626776
4453 0.622694
4454 0.621714
4455 0.620245
4456 0.620041
4457 0.616041
4458 0.619878
4459 0.620102
4460 0.620224
4461 0.623612
4462 0.625184
4463 0.629449
4464 0.627694
4465 0.632449
4466 0.632612
4467 0.638184
4468 0.645714
4469 0.651163
4470 0.648837
4471 0.661102
4472 0.666429
4473 0.672449
4474 0.68802
4475 0.694735
4476 0.682347
4477 0.683327
4478 0.685857
4479 0.660224
4480 0.658429
4481 0.663898
4482 0.663408
4483 0.625327
4484 0.626837
4485 0.624367
4486 0.622959
4487 0.594184
4488 0.592327
4489 0.592082
4490 0.593735
4491 0.593041
4492 0.597551
4493 0.596531
4494 0.595735
4495 0.593612
4496 0.599122
4497 0.603653
4498 0.608755
4499 0.613673
4500 0.618755
4501 0.626592
4502 0.633224
4503 0.636184
4504 0.662837
4505 0.678367
4506 0.678673
4507 0.703327
4508 0.709286
4509 0.713143
4510 0.741633
4511 0.751796
4512 0.756061
4513 0.777082
4514 0.788327
4515 0.796531
4516 0.822061
4517 0.835265
4518 0.840796
4519 0.846286
4520 0.85902
4521 0.862122
4522 0.866653
4523 0.869102
4524 0.869102
4525 0.882612
4526 0.887061
4527 0.889816
4528 0.896143
4529 0.905429
4530 0.909776
4531 0.913245
4532 0.913694
4533 0.916122
4534 0.918959
4535 0.920878
4536 0.922286
4537 0.925592
4538 0.92598
4539 0.927061
4540 0.925857
4541 0.926469
4542 0.92498
4543 0.926837
4544 0.925673
4545 0.928592
4546 0.928041
4547 0.922776
4548 0.919857
4549 0.917061
4550 0.91702
4551 0.913388
4552 0.907837
4553 0.907612
4554 0.904061
4555 0.901388
4556 0.898592
4557 0.897714
4558 0.883857
4559 0.873755
4560 0.872082
4561 0.863673
4562 0.857796
4563 0.854388
4564 0.852612
4565 0.811633
4566 0.809449
4567 0.80502
4568 0.807959
4569 0.807612
4570 0.804306
4571 0.746898
4572 0.745878
4573 0.744571
4574 0.735286
4575 0.73151
4576 0.723653
4577 0.717776
4578 0.712061
4579 0.706429
4580 0.702143
4581 0.699816
4582 0.692796
4583 0.693714
4584 0.691918
4585 0.692918
4586 0.688531
4587 0.69198
4588 0.696306
4589 0.695673
4590 0.699245
4591 0.703327
4592 0.726367
4593 0.734714
4594 0.747592
4595 0.750816
4596 0.755449
4597 0.760061
4598 0.760429
4599 0.757367
4600 0.760449
4601 0.762306
4602 0.759776
4603 0.755388
4604 0.754469
4605 0.752755
4606 0.752327
4607 0.753306
4608 0.751061
4609 0.751694
4610 0.751347
4611 0.74902
4612 0.751122
4613 0.752143
4614 0.752082
4615 0.747959
4616 0.747857
4617 0.745694
4618 0.742633
4619 0.742143
4620 0.708694
4621 0.707306
4622 0.703714
4623 0.703571
4624 0.609653
4625 0.600041
4626 0.594306
4627 0.585898
4628 0.579429
4629 0.571041
4630 0.572878
4631 0.578449
4632 0.583388
4633 0.581265
4634 0.590755
4635 0.595633
4636 0.594633
4637 0.59598
4638 0.599408
4639 0.629224
4640 0.65449
4641 0.661592
4642 0.676469
4643 0.692204
4644 0.698571
4645 0.711735
4646 0.719776
4647 0.722265
4648 0.724245
4649 0.725061
4650 0.727429
4651 0.725878
4652 0.729388
4653 0.729837
4654 0.734653
4655 0.733408
4656 0.737
4657 0.735429
4658 0.735327
4659 0.732592
4660 0.692796
4661 0.68749
4662 0.679286
4663 0.672878
4664 0.671163
4665 0.665918
4666 0.660306
4667 0.657347
4668 0.656898
4669 0.654082
4670 0.624959
4671 0.63
4672 0.634571
4673 0.633755
4674 0.630347
4675 0.629857
4676 0.568755
4677 0.562816
4678 0.559
4679 0.555796
4680 0.502245
4681 0.481653
4682 0.469429
4683 0.462633
4684 0.451796
4685 0.399918
4686 0.394286
4687 0.381184
4688 0.377306
4689 0.374959
4690 0.370163
4691 0.371388
4692 0.373
4693 0.373041
4694 0.368571
4695 0.369796
4696 0.36949
4697 0.36602
4698 0.372327
4699 0.373592
4700 0.379
4701 0.378816
4702 0.37998
4703 0.384694
4704 0.384204
4705 0.390245
4706 0.393408
4707 0.394265
4708 0.392898
4709 0.39451
4710 0.393265
4711 0.412633
4712 0.430102
4713 0.436041
4714 0.474327
4715 0.487408
4716 0.491429
4717 0.508102
4718 0.538204
4719 0.550531
4720 0.574878
4721 0.57898
4722 0.582857
4723 0.57898
4724 0.580347
4725 0.586714
4726 0.583061
4727 0.587204
4728 0.59102
4729 0.583653
4730 0.553245
4731 0.549612
4732 0.542143
4733 0.541776
4734 0.540184
4735 0.531735
4736 0.526347
4737 0.519429
4738 0.510592
4739 0.496163
4740 0.494286
4741 0.484163
4742 0.470041
4743 0.467735
4744 0.463429
4745 0.445306
4746 0.414673
4747 0.405449
4748 0.397204
4749 0.392469
4750 0.360245
4751 0.347122
4752 0.343327
4753 0.331082
4754 0.304531
4755 0.300755
4756 0.289367
4757 0.279735
4758 0.277796
4759 0.265939
4760 0.253082
4761 0.245857
4762 0.235959
4763 0.225163
4764 0.221857
4765 0.210551
4766 0.195816
4767 0.189694
4768 0.177755
4769 0.170633
4770 0.167265
4771 0.155837
4772 0.147531
4773 0.142204
4774 0.134592
4775 0.126429
4776 0.120592
4777 0.109122
4778 0.0986122
4779 0.0953878
4780 0.0871224
4781 0.0783673
4782 0.0766327
4783 0.072102
4784 0.0662449
4785 0.0621837
4786 0.0539184
4787 0.0477959
4788 0.0445306
4789 0.0382449
4790 0.0305102
4791 0.0273265
4792 0.0211633
4793 0.0168163
4794 0.0155306
4795 0.0121633
4796 0.00871429
4797 0.0072449
4798 0.00457143
4799 0.00206122
4800 0.000918367
4801 0.000571429
4802 0.000469388
4803 0.000408163
4804 0.000367347
4805 0.000346939
4806 0.000408163
4807 0.000367347
4808 0.000346939
4809 0.000265306
4810 0.000285714
4811 0.00022449
4812 0.000204082
4813 0.000183673
4814 0.00022449
4815 0.000244898
4816 0.000306122
4817 0.000346939
4818 0.000346939
4819 0.000306122
4820 0.000285714
4821 0.000285714
4822 0.000244898
4823 0.000142857
4824 0.000142857
4825 0.000122449
4826 0.00022449
4827 0.00022449
4828 0.000204082
4829 0.000142857
4830 0.000142857
4831 0.000122449
4832 0.000183673
4833 0.000142857
4834 0.00244898
4835 0.0025102
4836 0.00228571
4837 0.00236735
4838 0.0024898
4839 0.00253061
4840 0.00287755
4841 0.00287755
4842 0.00277551
4843 0.00283673
4844 0.00297959
4845 0.00340816
4846 0.00334694
4847 0.00318367
4848 0.00314286
4849 0.00334694
4850 0.0032449
4851 0.00330612
4852 0.00336735
4853 0.0034898
4854 0.00340816
4855 0.00377551
4856 0.00383673
4857 0.00367347
4858 0.00371429
4859 0.00377551
4860 0.00367347
4861 0.00361224
4862 0.00379592
4863 0.00355102
4864 0.00328571
4865 0.0032449
4866 0.00283673
4867 0.0027551
4868 0.00279592
4869 0.0027551
4870 0.00302041
4871 0.00279592
4872 0.00257143
4873 0.0025102
4874 0.0024898
4875 0.0024898
4876 0.00232653
4877 0.00226531
4878 0.00212245
4879 0.00202041
4880 0.00210204
4881 0.00179592
4882 0.00195918
4883 0.00187755
4884 0.00206122
4885 0.00230612
4886 0.0022449
4887 0.00234694
4888 0.0022449
4889 0.00212245
4890 0.00206122
4891 0.00208163
4892 0.00210204
4893 0.00212245
4894 0.00189796
4895 0.00161224
4896 0.00153061
4897 0.0012449
4898 0.00108163
4899 0.000734694
4900 0.000612245
4901 0.000612245
4902 0.00044898
4903 0.00044898
4904 0.000306122
4905 0.000265306
4906 0.000285714
4907 0.000306122
4908 0.00022449
4909 0.000102041
4910 0.000102041
4911 0.000102041
4912 0.000102041
4913 0.000102041
4914 0.000102041
4915 0.000102041
4916 0.00161224
4917 0.0126531
4918 0.0249796
4919 0.0306939
4920 0.0395306
4921 0.0444082
4922 0.0458163
4923 0.0473673
4924 0.0501429
4925 0.0510816
4926 0.0591633
4927 0.0723878
4928 0.0797551
4929 0.0921837
4930 0.102796
4931 0.108347
4932 0.114592
4933 0.117286
4934 0.117796
4935 0.11951
4936 0.122612
4937 0.123878
4938 0.124653
4939 0.131286
4940 0.132204
4941 0.133204
4942 0.131694
4943 0.131449
4944 0.131612
4945 0.132306
4946 0.130776
4947 0.132306
4948 0.133837
4949 0.132531
4950 0.126776
4951 0.122041
4952 0.119265
4953 0.114
4954 0.108878
4955 0.105612
4956 0.0982857
4957 0.0951429
4958 0.0933061
4959 0.0890408
4960 0.0861224
4961 0.0846939
4962 0.0822857
4963 0.0774898
4964 0.0745714
4965 0.0668163
4966 0.0653878
4967 0.0671224
4968 0.0713878
4969 0.0781429
4970 0.0814898
4971 0.0869592
4972 0.0907347
4973 0.0950612
4974 0.10251
4975 0.108837
4976 0.113408
4977 0.117367
4978 0.118245
4979 0.117265
4980 0.115449
4981 0.112816
4982 0.113408
4983 0.111673
4984 0.110367
4985 0.112776
4986 0.11302
4987 0.111796
4988 0.11149
4989 0.110857
4990 0.110837
4991 0.11049
4992 0.109816
4993 0.10851
4994 0.10849
4995 0.107204
4996 0.107388
4997 0.106816
4998 0.108102
4999 0.108551
5000 0.107755
5001 0.103653
5002 0.0994694
5003 0.0962449
5004 0.0937755
5005 0.090551
5006 0.0891224
5007 0.0874694
5008 0.0868163
5009 0.0849184
5010 0.0806327
5011 0.0760816
5012 0.0734286
5013 0.0657347
5014 0.0591429
5015 0.0565102
5016 0.0498776
5017 0.0444286
5018 0.0410204
5019 0.034102
5020 0.0307143
5021 0.0313061
5022 0.0323265
5023 0.029449
5024 0.0289184
5025 0.0271633
5026 0.0241429
5027 0.0232041
5028 0.0204898
5029 0.0184286
5030 0.0168163
5031 0.016
5032 0.0160612
5033 0.016
5034 0.0167551
5035 0.0169184
5036 0.0173469
5037 0.0174286
5038 0.0178571
5039 0.0182041
5040 0.0183469
5041 0.0177959
5042 0.0180612
5043 0.0185306
5044 0.018102
5045 0.0186735
5046 0.018898
5047 0.0201429
5048 0.0217959
5049 0.0253673
5050 0.028449
5051 0.031551
5052 0.038
5053 0.0447755
5054 0.0491633
5055 0.0553061
5056 0.0631633
5057 0.0667347
5058 0.0752041
5059 0.0903878
5060 0.0952245
5061 0.104163
5062 0.113653
5063 0.123265
5064 0.136449
5065 0.149653
5066 0.155184
5067 0.166041
5068 0.182878
5069 0.18898
5070 0.203633
5071 0.219714
5072 0.225429
5073 0.237653
5074 0.249429
5075 0.253531
5076 0.262327
5077 0.267531
5078 0.267796
5079 0.267735
5080 0.268571
5081 0.268143
5082 0.265061
5083 0.261265
5084 0.258714
5085 0.253286
5086 0.236449
5087 0.237061
5088 0.231327
5089 0.21298
5090 0.209612
5091 0.20449
5092 0.187571
5093 0.18398
5094 0.178163
5095 0.174878
5096 0.173714
5097 0.17498
5098 0.167
5099 0.164571
5100 0.158306
5101 0.150041
5102 0.14598
5103 0.139224
5104 0.129735
5105 0.125735
5106 0.117796
5107 0.112796
5108 0.108286
5109 0.100327
5110 0.0969184
5111 0.096
5112 0.0924898
5113 0.091
5114 0.0918163
5115 0.0843878
5116 0.0819184
5117 0.0803469
5118 0.0737143
5119 0.062449
5120 0.0611224
5121 0.0504286
5122 0.041
5123 0.0356531
5124 0.0269184
5125 0.0180816
5126 0.0151837
5127 0.00883673
5128 0.00391837
5129 0.00195918
5130 0.000571429
5131 0.000530612
5132 0.00044898
5133 0.000408163
5134 0.000387755
5135 0.000306122
5136 0.000204082
5137 0.000244898
5138 0.00022449
5139 0.00022449
5140 0.000265306
5141 0.00022449
5142 0.000244898
5143 0.000244898
5144 0.000244898
5145 0.000244898
5146 0.000265306
5147 0.00022449
5148 0.00022449
5149 0.000204082
5150 0.000183673
5151 0.000183673
5152 0.000183673
5153 0.000183673
5154 0.000183673
5155 0.000183673
5156 0.000183673
5157 0.000183673
5158 0.000183673
5159 0.000469388
5160 0.000469388
5161 0.000408163
5162 0.000306122
5163 0.000346939
5164 0.000346939
5165 0.000244898
5166 0.000285714
5167 0.000244898
5168 0.000285714
5169 0.000265306
5170 0.000265306
5171 0.000265306
5172 0.000265306
5173 0.00022449
5174 0.000204082
5175 0.000163265
5176 0.000142857
5177 0.000183673
5178 0.000183673
5179 0.000204082
5180 0.000183673
5181 0.000183673
5182 0.000163265
5183 0.000163265
5184 6.12245e-05
5185 6.12245e-05
5186 6.12245e-05
5187 6.12245e-05
5188 4.08163e-05
5189 2.04082e-05
5190 2.04082e-05
5191 2.04082e-05
5192 0
5193 0
5194 0
5195 0.000244898
5196 0.000244898
5197 0.00022449
5198 0.000244898
5199 0.000204082
5200 0.000183673
5201 0.000204082
5202 0.00022449
5203 0.000204082
5204 0.000204082
5205 0.000183673
5206 0.000183673
5207 0.000183673
5208 0.000163265
5209 0.000163265
5210 0.000163265
5211 0.000142857
5212 0.000122449
5213 0.000122449
5214 0.000183673
5215 0.000102041
5216 0.000122449
5217 0.000122449
5218 0.000102041
5219 0.000102041
5220 0.000306122
5221 0.000244898
5222 0.00022449
5223 0.000183673
5224 0.000163265
5225 0.000163265
5226 0.000163265
5227 0.000163265
5228 0.000163265
5229 0.000163265
5230 0.000183673
5231 0.000163265
5232 0.000183673
5233 0.000183673
5234 0.000183673
5235 0.000183673
5236 0.000183673
5237 0.000183673
5238 0.000183673
5239 0.000183673
5240 0.000163265
5241 0.000163265
5242 0.000142857
5243 0.000122449
5244 0.000122449
5245 0.000244898
5246 0.000183673
5247 0.000163265
5248 0.000163265
5249 0.000163265
5250 0.000163265
5251 0.000163265
5252 0.000142857
5253 0.000142857
5254 0.000142857
5255 0.000122449
5256 0.000102041
5257 0.00459184
5258 0.0149796
5259 0.0203061
5260 0.0309592
5261 0.041102
5262 0.0458776
5263 0.0537959
5264 0.0602041
5265 0.0610612
5266 0.0641429
5267 0.0665102
5268 0.0670204
5269 0.0715714
5270 0.0727347
5271 0.0730408
5272 0.0739796
5273 0.0740612
5274 0.0746327
5275 0.0752245
5276 0.0752653
5277 0.0750816
5278 0.0755306
5279 0.076102
5280 0.0753878
5281 0.0753878
5282 0.0765102
5283 0.0766327
5284 0.0765918
5285 0.0770408
5286 0.0770612
5287 0.0762245
5288 0.077551
5289 0.0819388
5290 0.0909592
5291 0.101939
5292 0.109592
5293 0.121102
5294 0.13049
5295 0.135143
5296 0.142776
5297 0.153939
5298 0.155898
5299 0.160449
5300 0.164265
5301 0.166286
5302 0.168551
5303 0.183694
5304 0.185367
5305 0.191796
5306 0.19351
5307 0.193735
5308 0.193592
5309 0.196163
5310 0.196796
5311 0.196224
5312 0.194898
5313 0.194082
5314 0.193735
5315 0.192531
5316 0.192469
5317 0.19149
5318 0.191041
5319 0.188429
5320 0.195735
5321 0.19249
5322 0.193612
5323 0.189082
5324 0.187286
5325 0.185224
5326 0.183408
5327 0.180653
5328 0.182265
5329 0.186673
5330 0.19602
5331 0.200102
5332 0.206061
5333 0.213612
5334 0.216551
5335 0.223367
5336 0.227857
5337 0.227918
5338 0.229265
5339 0.227102
5340 0.22698
5341 0.227245
5342 0.228347
5343 0.227286
5344 0.228653
5345 0.228184
5346 0.228469
5347 0.227449
5348 0.226837
5349 0.226265
5350 0.227143
5351 0.232061
5352 0.235449
5353 0.245245
5354 0.258306
5355 0.263061
5356 0.274837
5357 0.286612
5358 0.294122
5359 0.304551
5360 0.310082
5361 0.313449
5362 0.317306
5363 0.307776
5364 0.307041
5365 0.303694
5366 0.304286
5367 0.304143
5368 0.298612
5369 0.296306
5370 0.292306
5371 0.293612
5372 0.293531
5373 0.293857
5374 0.29351
5375 0.29451
5376 0.295469
5377 0.294122
5378 0.295204
5379 0.295592
5380 0.297306
5381 0.294918
5382 0.294755
5383 0.294918
5384 0.293837
5385 0.294143
5386 0.297857
5387 0.301878
5388 0.304286
5389 0.308061
5390 0.311286
5391 0.312306
5392 0.316837
5393 0.320347
5394 0.321286
5395 0.32649
5396 0.329061
5397 0.332082
5398 0.331408
5399 0.331898
5400 0.332327
5401 0.332224
5402 0.334245
5403 0.333286
5404 0.332204
5405 0.333224
5406 0.334633
5407 0.335408
5408 0.338224
5409 0.337551
5410 0.338592
5411 0.339388
5412 0.337857
5413 0.337612
5414 0.338367
5415 0.337898
5416 0.34051
5417 0.348449
5418 0.352816
5419 0.360531
5420 0.370122
5421 0.37298
5422 0.377143
5423 0.382347
5424 0.385041
5425 0.388857
5426 0.391878
5427 0.393265
5428 0.393776
5429 0.396408
5430 0.393735
5431 0.395122
5432 0.397735
5433 0.398959
5434 0.400327
5435 0.403939
5436 0.405531
5437 0.405571
5438 0.407714
5439 0.408816
5440 0.413898
5441 0.417224
5442 0.418816
5443 0.423408
5444 0.427918
5445 0.427449
5446 0.431388
5447 0.434245
5448 0.437531
5449 0.440184
5450 0.445857
5451 0.447204
5452 0.450388
5453 0.451878
5454 0.453633
5455 0.454796
5456 0.455571
5457 0.456571
5458 0.454878
5459 0.454102
5460 0.454163
5461 0.453633
5462 0.45798
5463 0.459388
5464 0.459531
5465 0.459531
5466 0.459408
5467 0.458816
5468 0.457694
5469 0.457633
5470 0.458837
5471 0.45849
5472 0.457102
5473 0.454347
5474 0.45349
5475 0.453367
5476 0.451571
5477 0.450041
5478 0.450429
5479 0.450959
5480 0.452816
5481 0.453633
5482 0.456429
5483 0.460367
5484 0.461306
5485 0.463551
5486 0.467735
5487 0.469816
5488 0.473796
5489 0.477306
5490 0.479265
5491 0.482735
5492 0.484714
5493 0.488388
5494 0.491776
5495 0.50498
5496 0.506082
5497 0.508184
5498 0.510429
5499 0.517041
5500 0.522204
5501 0.528939
5502 0.538939
5503 0.549082
5504 0.552959
5505 0.556673
5506 0.561204
5507 0.578959
5508 0.582449
5509 0.590429
5510 0.601245
5511 0.607878
5512 0.613857
5513 0.618367
5514 0.620429
5515 0.624592
5516 0.628204
5517 0.628735
5518 0.630776
5519 0.637408
5520 0.679143
5521 0.684102
5522 0.688102
5523 0.689327
5524 0.693204
5525 0.698041
5526 0.701
5527 0.705469
5528 0.71449
5529 0.723571
5530 0.741878
5531 0.75949
5532 0.767673
5533 0.775592
5534 0.786204
5535 0.793122
5536 0.799041
5537 0.802388
5538 0.808592
5539 0.808633
5540 0.812306
5541 0.813531
5542 0.813388
5543 0.814755
5544 0.814612
5545 0.844735
5546 0.845592
5547 0.848776
5548 0.846449
5549 0.846388
5550 0.845673
5551 0.843224
5552 0.84551
5553 0.844347
5554 0.841551
5555 0.840898
5556 0.840306
5557 0.840918
5558 0.84249
5559 0.841633
5560 0.840857
5561 0.839224
5562 0.839102
5563 0.836714
5564 0.835857
5565 0.835204
5566 0.837796
5567 0.835531
5568 0.833959
5569 0.832102
5570 0.835939
5571 0.835816
5572 0.834082
5573 0.835204
5574 0.833796
5575 0.836531
5576 0.837878
5577 0.836449
5578 0.834061
5579 0.831673
5580 0.830714
5581 0.829449
5582 0.830918
5583 0.829612
5584 0.831388
5585 0.831673
5586 0.834429
5587 0.839204
5588 0.849
5589 0.851898
5590 0.861
5591 0.861061
5592 0.865388
5593 0.865673
5594 0.867408
5595 0.878041
5596 0.877347
5597 0.877265
5598 0.87698
5599 0.877143
5600 0.876755
5601 0.876286
5602 0.876449
5603 0.876306
5604 0.876082
5605 0.876531
5606 0.876265
5607 0.876755
5608 0.876367
5609 0.875918
5610 0.875531
5611 0.875
5612 0.874633
5613 0.873449
5614 0.87251
5615 0.87298
5616 0.872612
5617 0.872245
5618 0.872837
5619 0.87149
5620 0.875469
5621 0.875163
5622 0.87498
5623 0.874367
5624 0.874612
5625 0.874755
5626 0.874571
5627 0.874041
5628 0.874796
5629 0.874633
5630 0.874939
5631 0.87598
5632 0.876061
5633 0.875061
5634 0.875776
5635 0.876184
5636 0.876735
5637 0.876959
5638 0.876694
5639 0.877286
5640 0.877449
5641 0.877857
5642 0.877755
5643 0.878959
5644 0.878878
5645 0.877551
5646 0.877102
5647 0.876857
5648 0.876531
5649 0.876429
5650 0.877224
5651 0.878143
5652 0.876816
5653 0.876102
5654 0.874857
5655 0.874388
5656 0.874102
5657 0.873224
5658 0.873551
5659 0.873714
5660 0.874367
5661 0.87398
5662 0.87402
5663 0.874245
5664 0.873571
5665 0.87402
5666 0.873898
5667 0.875082
5668 0.875429
5669 0.875265
5670 0.874857
5671 0.875286
5672 0.875224
5673 0.876184
5674 0.875898
5675 0.876061
5676 0.875796
5677 0.875959
5678 0.875755
5679 0.875265
5680 0.875
5681 0.87598
5682 0.876122
5683 0.876673
5684 0.875388
5685 0.875694
5686 0.875082
5687 0.87551
5688 0.874612
5689 0.874959
5690 0.875163
5691 0.874857
5692 0.874735
5693 0.875837
5694 0.875694
5695 0.875367
5696 0.875408
5697 0.875408
5698 0.876347
5699 0.876796
5700 0.876367
5701 0.875959
5702 0.87602
5703 0.874898
5704 0.874837
5705 0.875388
5706 0.874633
5707 0.874286
5708 0.873694
5709 0.874163
5710 0.873755
5711 0.873551
5712 0.871959
5713 0.870041
5714 0.869837
5715 0.868245
5716 0.868388
5717 0.867531
5718 0.867714
5719 0.867857
5720 0.86449
5721 0.864347
5722 0.863857
5723 0.863388
5724 0.863551
5725 0.863204
5726 0.863184
5727 0.863286
5728 0.863224
5729 0.863306
5730 0.862918
5731 0.862816
5732 0.862367
5733 0.86251
5734 0.862449
5735 0.862306
5736 0.862653
5737 0.862429
