1 0.071
2 0.073
3 0.077
4 0.077
5 0.081
6 0.083
7 0.089
8 0.1
9 0.096
10 0.1
11 0.094
12 0.095
13 0.097
14 0.106
15 0.103
16 0.107
17 0.107
18 0.108
19 0.106
20 0.11
21 0.113
22 0.113
23 0.112
24 0.115
25 0.116
26 0.129
27 0.123
28 0.132
29 0.129
30 0.13
31 0.134
32 0.136
33 0.131
34 0.127
35 0.131
36 0.132
37 0.131
38 0.126
39 0.132
40 0.13
41 0.132
42 0.132
43 0.128
44 0.13
45 0.14
46 0.133
47 0.132
48 0.134
49 0.131
50 0.127
51 0.134
52 0.129
53 0.136
54 0.133
55 0.132
56 0.13
57 0.127
58 0.133
59 0.124
60 0.128
61 0.129
62 0.131
63 0.132
64 0.129
65 0.133
66 0.131
67 0.132
68 0.134
69 0.135
70 0.133
71 0.136
72 0.14
73 0.141
74 0.143
75 0.141
76 0.142
77 0.147
78 0.147
79 0.14
80 0.146
81 0.149
82 0.154
83 0.151
84 0.162
85 0.17
86 0.174
87 0.179
88 0.189
89 0.195
90 0.199
91 0.202
92 0.203
93 0.202
94 0.194
95 0.2
96 0.197
97 0.204
98 0.211
99 0.208
100 0.205
101 0.2
102 0.203
103 0.2
104 0.198
105 0.202
106 0.203
107 0.21
108 0.214
109 0.208
110 0.222
111 0.218
112 0.223
113 0.229
114 0.236
115 0.236
116 0.241
117 0.241
118 0.233
119 0.236
120 0.233
121 0.23
122 0.232
123 0.233
124 0.236
125 0.229
126 0.233
127 0.234
128 0.233
129 0.234
130 0.231
131 0.242
132 0.24
133 0.246
134 0.257
135 0.251
136 0.249
137 0.246
138 0.241
139 0.247
140 0.246
141 0.236
142 0.243
143 0.249
144 0.245
145 0.241
146 0.243
147 0.243
148 0.239
149 0.237
150 0.241
151 0.239
152 0.235
153 0.237
154 0.23
155 0.228
156 0.225
157 0.221
158 0.222
159 0.22
160 0.222
161 0.221
162 0.222
163 0.224
164 0.226
165 0.226
166 0.225
167 0.226
168 0.223
169 0.224
170 0.231
171 0.224
172 0.224
173 0.22
174 0.225
175 0.217
176 0.22
177 0.217
178 0.225
179 0.222
180 0.225
181 0.226
182 0.221
183 0.219
184 0.224
185 0.209
186 0.211
187 0.215
188 0.213
189 0.21
190 0.214
191 0.214
192 0.217
193 0.216
194 0.214
195 0.219
196 0.216
197 0.218
198 0.217
199 0.22
200 0.221
201 0.22
202 0.222
203 0.22
204 0.219
205 0.219
206 0.219
207 0.219
208 0.22
209 0.22
210 0.221
211 0.219
212 0.219
213 0.221
214 0.221
215 0.219
216 0.219
217 0.219
218 0.219
219 0.218
220 0.218
221 0.219
222 0.218
223 0.221
224 0.218
225 0.218
226 0.218
227 0.219
228 0.218
229 0.217
230 0.218
231 0.218
232 0.219
233 0.219
234 0.22
235 0.219
236 0.219
237 0.218
238 0.219
239 0.219
240 0.22
241 0.219
242 0.219
243 0.221
244 0.221
245 0.219
246 0.217
247 0.22
248 0.217
249 0.217
250 0.215
251 0.216
252 0.215
253 0.214
254 0.214
255 0.214
256 0.213
257 0.211
258 0.211
259 0.212
260 0.211
261 0.211
262 0.21
263 0.211
264 0.211
265 0.21
266 0.212
267 0.209
268 0.211
269 0.211
270 0.216
271 0.218
272 0.218
273 0.218
274 0.218
275 0.22
276 0.219
277 0.218
278 0.216
279 0.217
280 0.217
281 0.216
282 0.217
283 0.216
284 0.216
285 0.217
286 0.218
287 0.214
288 0.215
289 0.213
290 0.211
291 0.211
292 0.213
293 0.212
294 0.212
295 0.214
296 0.214
297 0.214
298 0.217
299 0.216
300 0.217
301 0.213
302 0.212
303 0.212
304 0.214
305 0.213
306 0.214
307 0.213
308 0.215
309 0.214
310 0.215
311 0.217
312 0.216
313 0.216
314 0.221
315 0.221
316 0.219
317 0.218
318 0.221
319 0.218
320 0.215
321 0.216
322 0.216
323 0.219
324 0.217
325 0.22
326 0.22
327 0.219
328 0.221
329 0.22
330 0.218
331 0.219
332 0.22
333 0.22
334 0.22
335 0.22
336 0.22
337 0.22
338 0.22
339 0.221
340 0.22
341 0.223
342 0.224
343 0.228
344 0.231
345 0.232
346 0.235
347 0.233
348 0.231
349 0.232
350 0.231
351 0.23
352 0.232
353 0.229
354 0.227
355 0.228
356 0.227
357 0.221
358 0.226
359 0.225
360 0.227
361 0.225
362 0.225
363 0.225
364 0.223
365 0.225
366 0.222
367 0.227
368 0.226
369 0.224
370 0.229
371 0.225
372 0.231
373 0.225
374 0.229
375 0.227
376 0.228
377 0.227
378 0.228
379 0.228
380 0.231
381 0.228
382 0.23
383 0.229
384 0.23
385 0.231
386 0.232
387 0.233
388 0.237
389 0.242
390 0.24
391 0.238
392 0.241
393 0.238
394 0.236
395 0.238
396 0.237
397 0.236
398 0.236
399 0.239
400 0.241
401 0.241
402 0.24
403 0.238
404 0.241
405 0.245
406 0.246
407 0.25
408 0.253
409 0.255
410 0.255
411 0.259
412 0.263
413 0.27
414 0.271
415 0.272
416 0.278
417 0.288
418 0.283
419 0.289
420 0.288
421 0.29
422 0.302
423 0.305
424 0.312
425 0.314
426 0.315
427 0.322
428 0.321
429 0.323
430 0.326
431 0.329
432 0.331
433 0.346
434 0.347
435 0.353
436 0.361
437 0.376
438 0.376
439 0.38
440 0.383
441 0.38
442 0.377
443 0.374
444 0.38
445 0.383
446 0.379
447 0.378
448 0.374
449 0.387
450 0.383
451 0.386
452 0.389
453 0.395
454 0.389
455 0.393
456 0.391
457 0.393
458 0.398
459 0.405
460 0.404
461 0.401
462 0.403
463 0.403
464 0.412
465 0.409
466 0.407
467 0.416
468 0.411
469 0.418
470 0.411
471 0.406
472 0.406
473 0.416
474 0.414
475 0.424
476 0.422
477 0.421
478 0.417
479 0.412
480 0.414
481 0.411
482 0.414
483 0.41
484 0.409
485 0.408
486 0.409
487 0.413
488 0.412
489 0.418
490 0.415
491 0.416
492 0.414
493 0.418
494 0.418
495 0.414
496 0.414
497 0.408
498 0.41
499 0.41
500 0.418
501 0.418
502 0.425
503 0.428
504 0.433
505 0.442
506 0.447
507 0.453
508 0.462
509 0.466
510 0.463
511 0.463
512 0.466
513 0.465
514 0.468
515 0.467
516 0.469
517 0.474
518 0.48
519 0.485
520 0.495
521 0.5
522 0.496
523 0.505
524 0.507
525 0.506
526 0.511
527 0.506
528 0.515
529 0.512
530 0.517
531 0.517
532 0.519
533 0.518
534 0.518
535 0.522
536 0.523
537 0.521
538 0.517
539 0.52
540 0.519
541 0.511
542 0.514
543 0.517
544 0.513
545 0.518
546 0.518
547 0.52
548 0.52
549 0.518
550 0.514
551 0.514
552 0.513
553 0.514
554 0.51
555 0.508
556 0.511
557 0.516
558 0.508
559 0.512
560 0.511
561 0.51
562 0.514
563 0.511
564 0.508
565 0.516
566 0.516
567 0.522
568 0.518
569 0.519
570 0.507
571 0.522
572 0.519
573 0.517
574 0.524
575 0.537
576 0.537
577 0.537
578 0.541
579 0.544
580 0.545
581 0.555
582 0.554
583 0.563
584 0.565
585 0.571
586 0.571
587 0.581
588 0.587
589 0.587
590 0.593
591 0.59
592 0.596
593 0.609
594 0.611
595 0.622
596 0.635
597 0.642
598 0.642
599 0.651
600 0.651
601 0.657
602 0.661
603 0.656
604 0.659
605 0.66
606 0.668
607 0.668
608 0.681
609 0.678
610 0.682
611 0.684
612 0.687
613 0.689
614 0.695
615 0.692
616 0.689
617 0.689
618 0.69
619 0.686
620 0.693
621 0.693
622 0.698
623 0.695
624 0.695
625 0.698
626 0.698
627 0.694
628 0.696
629 0.698
630 0.692
631 0.695
632 0.702
633 0.707
634 0.704
635 0.71
636 0.704
637 0.707
638 0.708
639 0.711
640 0.713
641 0.71
642 0.714
643 0.71
644 0.708
645 0.718
646 0.721
647 0.724
648 0.721
649 0.726
650 0.727
651 0.731
652 0.732
653 0.734
654 0.732
655 0.731
656 0.737
657 0.737
658 0.735
659 0.731
660 0.728
661 0.734
662 0.735
663 0.736
664 0.733
665 0.736
666 0.732
667 0.728
668 0.729
669 0.731
670 0.737
671 0.734
672 0.733
673 0.74
674 0.74
675 0.729
676 0.73
677 0.731
678 0.73
679 0.73
680 0.735
681 0.735
682 0.733
683 0.734
684 0.731
685 0.734
686 0.731
687 0.729
688 0.73
689 0.735
690 0.734
691 0.734
692 0.73
693 0.728
694 0.727
695 0.745
696 0.747
697 0.742
698 0.739
699 0.74
700 0.739
701 0.735
702 0.732
703 0.736
704 0.735
705 0.74
706 0.744
707 0.74
708 0.743
709 0.746
710 0.739
711 0.74
712 0.744
713 0.749
714 0.753
715 0.752
716 0.756
717 0.761
718 0.764
719 0.772
720 0.81
721 0.813
722 0.818
723 0.816
724 0.818
725 0.817
726 0.815
727 0.816
728 0.817
729 0.815
730 0.821
731 0.818
732 0.824
733 0.824
734 0.831
735 0.832
736 0.834
737 0.836
738 0.84
739 0.84
740 0.842
741 0.834
742 0.842
743 0.842
744 0.842
745 0.853
746 0.86
747 0.86
748 0.861
749 0.863
750 0.866
751 0.859
752 0.862
753 0.864
754 0.865
755 0.866
756 0.867
757 0.868
758 0.871
759 0.869
760 0.872
761 0.871
762 0.871
763 0.878
764 0.881
765 0.884
766 0.881
767 0.881
768 0.881
769 0.882
770 0.883
771 0.882
772 0.885
773 0.883
774 0.885
775 0.884
776 0.882
777 0.88
778 0.88
779 0.878
780 0.878
781 0.877
782 0.877
783 0.878
784 0.878
785 0.879
786 0.883
787 0.883
788 0.883
789 0.882
790 0.882
791 0.88
792 0.881
793 0.88
794 0.881
795 0.876
796 0.876
797 0.881
798 0.878
799 0.878
800 0.876
801 0.874
802 0.877
803 0.873
804 0.874
805 0.871
806 0.868
807 0.873
808 0.867
809 0.865
810 0.865
811 0.869
812 0.876
813 0.875
814 0.879
815 0.881
816 0.881
817 0.88
818 0.881
819 0.886
820 0.878
821 0.875
822 0.875
823 0.875
824 0.875
825 0.875
826 0.876
827 0.878
828 0.879
829 0.879
830 0.875
831 0.877
832 0.88
833 0.878
834 0.878
835 0.881
836 0.881
837 0.881
838 0.881
839 0.877
840 0.874
841 0.874
842 0.872
843 0.872
844 0.872
845 0.882
846 0.882
847 0.88
848 0.88
849 0.877
850 0.878
851 0.877
852 0.88
853 0.879
854 0.879
855 0.879
856 0.879
857 0.879
858 0.88
859 0.878
860 0.878
861 0.878
862 0.877
863 0.879
864 0.882
865 0.883
866 0.883
867 0.883
868 0.884
869 0.885
870 0.881
871 0.877
872 0.877
873 0.878
874 0.878
875 0.881
876 0.882
877 0.878
878 0.879
879 0.88
880 0.886
881 0.885
882 0.885
883 0.884
884 0.883
885 0.886
886 0.888
887 0.886
888 0.886
889 0.883
890 0.883
891 0.882
892 0.884
893 0.885
894 0.883
895 0.884
896 0.883
897 0.884
898 0.88
899 0.88
900 0.879
901 0.879
902 0.881
903 0.882
904 0.883
905 0.881
906 0.881
907 0.883
908 0.881
909 0.878
910 0.88
911 0.881
912 0.881
913 0.88
914 0.88
915 0.879
916 0.877
917 0.879
918 0.879
919 0.878
920 0.879
921 0.881
922 0.88
923 0.88
924 0.881
925 0.882
926 0.882
927 0.882
928 0.883
929 0.883
930 0.877
931 0.876
932 0.876
933 0.877
934 0.879
935 0.878
936 0.876
937 0.878
938 0.879
939 0.877
940 0.877
941 0.875
942 0.877
943 0.876
944 0.873
945 0.872
946 0.873
947 0.873
948 0.874
949 0.876
950 0.879
951 0.881
952 0.883
953 0.883
954 0.882
955 0.887
956 0.888
957 0.884
958 0.881
959 0.882
960 0.882
961 0.882
962 0.883
963 0.881
964 0.883
965 0.884
966 0.884
967 0.883
968 0.884
969 0.882
970 0.882
971 0.88
972 0.88
973 0.882
974 0.884
975 0.881
976 0.882
977 0.881
978 0.878
979 0.876
980 0.88
981 0.881
982 0.882
983 0.882
984 0.883
985 0.884
986 0.882
987 0.885
988 0.882
989 0.882
990 0.881
991 0.875
992 0.878
993 0.876
994 0.876
995 0.877
996 0.876
997 0.875
998 0.874
999 0.877
1000 0.882
1001 0.88
1002 0.881
1003 0.88
1004 0.88
1005 0.884
1006 0.883
1007 0.882
1008 0.88
1009 0.879
1010 0.88
1011 0.885
1012 0.884
1013 0.883
1014 0.883
1015 0.88
1016 0.877
1017 0.876
1018 0.878
1019 0.879
1020 0.877
1021 0.875
1022 0.878
1023 0.877
1024 0.876
1025 0.878
1026 0.877
1027 0.872
1028 0.874
1029 0.877
1030 0.88
1031 0.88
1032 0.879
1033 0.875
1034 0.875
1035 0.872
1036 0.877
1037 0.875
1038 0.878
1039 0.876
1040 0.877
1041 0.88
1042 0.881
1043 0.881
1044 0.879
1045 0.879
1046 0.876
1047 0.875
1048 0.871
1049 0.873
1050 0.871
1051 0.873
1052 0.872
1053 0.873
1054 0.876
1055 0.874
1056 0.876
1057 0.874
1058 0.876
1059 0.875
1060 0.873
1061 0.879
1062 0.878
1063 0.879
1064 0.88
1065 0.877
1066 0.879
1067 0.879
1068 0.878
1069 0.878
1070 0.877
1071 0.878
1072 0.881
1073 0.881
1074 0.88
1075 0.88
1076 0.879
1077 0.878
1078 0.879
1079 0.878
1080 0.879
1081 0.878
1082 0.878
1083 0.876
1084 0.875
1085 0.876
1086 0.876
1087 0.875
1088 0.876
1089 0.876
1090 0.878
1091 0.877
1092 0.877
1093 0.874
1094 0.877
1095 0.875
1096 0.873
1097 0.871
1098 0.87
1099 0.87
1100 0.87
1101 0.873
1102 0.872
1103 0.872
1104 0.871
1105 0.875
1106 0.874
1107 0.875
1108 0.871
1109 0.872
1110 0.873
1111 0.871
1112 0.871
1113 0.87
1114 0.87
1115 0.871
1116 0.876
1117 0.876
1118 0.873
1119 0.874
1120 0.875
1121 0.872
1122 0.87
1123 0.87
1124 0.871
1125 0.868
1126 0.869
1127 0.872
1128 0.872
1129 0.874
1130 0.875
1131 0.875
1132 0.87
1133 0.876
1134 0.877
1135 0.874
1136 0.876
1137 0.879
1138 0.874
1139 0.878
1140 0.875
1141 0.873
1142 0.872
1143 0.872
1144 0.873
1145 0.872
1146 0.871
1147 0.876
1148 0.874
1149 0.876
1150 0.87
1151 0.873
1152 0.872
1153 0.874
1154 0.874
1155 0.877
1156 0.875
1157 0.877
1158 0.876
1159 0.876
1160 0.876
1161 0.882
1162 0.883
1163 0.879
1164 0.876
1165 0.876
1166 0.879
1167 0.878
1168 0.877
1169 0.88
1170 0.88
1171 0.886
1172 0.883
1173 0.884
1174 0.88
1175 0.88
1176 0.876
1177 0.878
1178 0.875
1179 0.877
1180 0.877
1181 0.876
1182 0.877
1183 0.876
1184 0.879
1185 0.879
1186 0.878
1187 0.876
1188 0.876
1189 0.876
1190 0.879
1191 0.882
1192 0.88
1193 0.882
1194 0.882
1195 0.88
1196 0.88
1197 0.88
1198 0.882
1199 0.88
1200 0.877
1201 0.878
1202 0.877
1203 0.878
1204 0.876
1205 0.875
1206 0.875
1207 0.877
1208 0.876
1209 0.873
1210 0.874
1211 0.881
1212 0.882
1213 0.883
1214 0.882
1215 0.88
1216 0.876
1217 0.879
1218 0.878
1219 0.877
1220 0.873
1221 0.874
1222 0.874
1223 0.873
1224 0.874
1225 0.877
1226 0.877
1227 0.875
1228 0.877
1229 0.876
1230 0.876
1231 0.879
1232 0.876
1233 0.878
1234 0.879
1235 0.876
1236 0.874
1237 0.872
1238 0.872
1239 0.87
1240 0.871
1241 0.874
1242 0.875
1243 0.874
1244 0.875
1245 0.872
1246 0.871
1247 0.874
1248 0.875
1249 0.876
1250 0.877
1251 0.877
1252 0.878
1253 0.878
1254 0.876
1255 0.877
1256 0.874
1257 0.871
1258 0.872
1259 0.876
1260 0.876
1261 0.877
1262 0.88
1263 0.881
1264 0.873
1265 0.873
1266 0.875
1267 0.875
1268 0.874
1269 0.871
1270 0.872
1271 0.871
1272 0.871
1273 0.872
1274 0.874
1275 0.873
1276 0.871
1277 0.876
1278 0.875
1279 0.88
1280 0.879
1281 0.879
1282 0.878
1283 0.877
1284 0.877
1285 0.878
1286 0.876
1287 0.876
1288 0.88
1289 0.878
1290 0.879
1291 0.877
1292 0.88
1293 0.882
1294 0.883
1295 0.883
1296 0.883
1297 0.882
1298 0.885
1299 0.883
1300 0.881
1301 0.88
1302 0.878
1303 0.879
1304 0.879
1305 0.878
1306 0.876
1307 0.878
1308 0.878
1309 0.878
1310 0.878
1311 0.88
1312 0.884
1313 0.883
1314 0.881
1315 0.879
1316 0.877
1317 0.881
1318 0.883
1319 0.882
1320 0.881
1321 0.878
1322 0.878
1323 0.88
1324 0.882
1325 0.88
1326 0.881
1327 0.884
1328 0.883
1329 0.883
1330 0.884
1331 0.883
1332 0.88
1333 0.881
1334 0.882
1335 0.883
1336 0.888
1337 0.887
1338 0.884
1339 0.885
1340 0.882
1341 0.884
1342 0.885
1343 0.883
1344 0.883
1345 0.887
1346 0.885
1347 0.886
1348 0.886
1349 0.884
1350 0.88
1351 0.876
1352 0.88
1353 0.874
1354 0.878
1355 0.879
1356 0.876
1357 0.877
1358 0.878
1359 0.877
1360 0.879
1361 0.88
1362 0.883
1363 0.879
1364 0.88
1365 0.876
1366 0.876
1367 0.878
1368 0.878
1369 0.883
1370 0.882
1371 0.885
1372 0.881
1373 0.879
1374 0.88
1375 0.883
1376 0.88
1377 0.88
1378 0.877
1379 0.88
1380 0.881
1381 0.88
1382 0.877
1383 0.879
1384 0.878
1385 0.878
1386 0.883
1387 0.882
1388 0.88
1389 0.882
1390 0.881
1391 0.882
1392 0.883
1393 0.881
1394 0.882
1395 0.88
1396 0.882
1397 0.88
1398 0.881
1399 0.883
1400 0.886
1401 0.885
1402 0.888
1403 0.886
1404 0.885
1405 0.887
1406 0.884
1407 0.885
1408 0.883
1409 0.883
1410 0.884
1411 0.884
1412 0.884
1413 0.88
1414 0.88
1415 0.88
1416 0.879
1417 0.88
1418 0.878
1419 0.878
1420 0.873
1421 0.871
1422 0.874
1423 0.875
1424 0.876
1425 0.873
1426 0.879
1427 0.875
1428 0.873
1429 0.869
1430 0.873
1431 0.867
1432 0.861
1433 0.867
1434 0.866
1435 0.869
1436 0.877
1437 0.877
1438 0.872
1439 0.876
1440 0.875
1441 0.872
1442 0.875
1443 0.879
1444 0.876
1445 0.872
1446 0.872
1447 0.879
1448 0.877
1449 0.875
1450 0.877
1451 0.876
1452 0.873
1453 0.872
1454 0.868
1455 0.879
1456 0.879
1457 0.882
1458 0.875
1459 0.871
1460 0.865
1461 0.881
1462 0.882
1463 0.879
1464 0.874
1465 0.882
1466 0.888
1467 0.898
1468 0.888
1469 0.884
1470 0.886
1471 0.885
1472 0.888
1473 0.895
1474 0.893
1475 0.893
1476 0.894
1477 0.887
1478 0.877
1479 0.884
1480 0.887
1481 0.885
1482 0.897
1483 0.892
1484 0.898
1485 0.89
1486 0.884
1487 0.882
1488 0.903
1489 0.885
1490 0.895
1491 0.894
1492 0.872
1493 0.88
1494 0.887
1495 0.882
1496 0.896
1497 0.891
1498 0.895
1499 0.893
1500 0.901
1501 0.888
1502 0.889
1503 0.891
1504 0.891
1505 0.899
1506 0.889
1507 0.885
1508 0.886
1509 0.898
1510 0.89
1511 0.902
1512 0.889
1513 0.899
1514 0.901
1515 0.901
1516 0.902
1517 0.902
1518 0.899
1519 0.905
1520 0.91
1521 0.893
1522 0.895
1523 0.901
1524 0.91
1525 0.893
1526 0.899
1527 0.9
1528 0.892
1529 0.899
1530 0.892
1531 0.898
1532 0.909
1533 0.907
1534 0.892
1535 0.903
1536 0.893
1537 0.896
1538 0.892
1539 0.893
1540 0.902
1541 0.884
1542 0.891
1543 0.897
1544 0.891
1545 0.897
1546 0.895
1547 0.897
1548 0.886
1549 0.898
1550 0.902
1551 0.899
1552 0.88
1553 0.891
1554 0.888
1555 0.866
1556 0.874
1557 0.878
1558 0.878
1559 0.881
1560 0.887
1561 0.871
1562 0.88
1563 0.864
1564 0.884
1565 0.87
1566 0.865
1567 0.873
1568 0.87
1569 0.883
1570 0.876
1571 0.89
1572 0.882
1573 0.878
1574 0.887
1575 0.885
1576 0.891
1577 0.892
1578 0.895
1579 0.883
1580 0.896
1581 0.896
1582 0.898
1583 0.897
1584 0.906
1585 0.894
1586 0.914
1587 0.915
1588 0.906
1589 0.9
1590 0.877
1591 0.89
1592 0.884
1593 0.88
1594 0.893
1595 0.874
1596 0.888
1597 0.898
1598 0.889
1599 0.903
1600 0.896
1601 0.908
1602 0.892
1603 0.881
1604 0.881
1605 0.881
1606 0.887
1607 0.884
1608 0.888
1609 0.899
1610 0.891
1611 0.9
1612 0.897
1613 0.9
1614 0.905
1615 0.897
1616 0.905
1617 0.899
1618 0.886
1619 0.893
1620 0.884
1621 0.904
1622 0.901
1623 0.906
1624 0.906
1625 0.895
1626 0.888
1627 0.901
1628 0.908
1629 0.914
1630 0.911
1631 0.919
1632 0.902
1633 0.909
1634 0.905
1635 0.905
1636 0.916
1637 0.929
1638 0.917
1639 0.923
1640 0.913
1641 0.906
1642 0.911
1643 0.918
1644 0.915
1645 0.908
1646 0.928
1647 0.923
1648 0.912
1649 0.927
1650 0.918
1651 0.914
1652 0.907
1653 0.906
1654 0.909
1655 0.908
1656 0.914
1657 0.902
1658 0.913
1659 0.9
1660 0.905
1661 0.909
1662 0.9
1663 0.905
1664 0.892
1665 0.902
1666 0.899
1667 0.895
1668 0.901
1669 0.899
1670 0.907
1671 0.901
1672 0.901
1673 0.911
1674 0.896
1675 0.902
1676 0.899
1677 0.906
1678 0.905
1679 0.899
1680 0.889
1681 0.888
1682 0.885
1683 0.901
1684 0.886
1685 0.877
1686 0.882
1687 0.869
1688 0.868
1689 0.873
1690 0.864
1691 0.869
1692 0.872
1693 0.873
1694 0.86
1695 0.863
1696 0.869
1697 0.868
1698 0.872
1699 0.874
1700 0.888
1701 0.867
1702 0.885
1703 0.872
1704 0.879
1705 0.872
1706 0.867
1707 0.872
1708 0.844
1709 0.853
1710 0.845
1711 0.824
1712 0.828
1713 0.832
1714 0.826
1715 0.824
1716 0.821
1717 0.829
1718 0.821
1719 0.804
1720 0.827
1721 0.825
1722 0.811
1723 0.815
1724 0.807
1725 0.797
1726 0.791
1727 0.786
1728 0.793
1729 0.806
1730 0.804
1731 0.784
1732 0.778
1733 0.776
1734 0.719
1735 0.701
1736 0.671
1737 0.668
1738 0.636
1739 0.624
1740 0.627
1741 0.584
1742 0.59
1743 0.571
1744 0.549
1745 0.534
1746 0.532
1747 0.547
1748 0.504
1749 0.494
1750 0.488
1751 0.477
1752 0.48
1753 0.473
1754 0.464
1755 0.468
1756 0.458
1757 0.455
1758 0.447
1759 0.456
1760 0.47
1761 0.439
1762 0.453
1763 0.448
1764 0.447
1765 0.438
1766 0.454
1767 0.468
1768 0.457
1769 0.465
1770 0.457
1771 0.449
1772 0.474
1773 0.472
1774 0.465
1775 0.468
1776 0.471
1777 0.476
1778 0.474
1779 0.462
1780 0.457
1781 0.449
1782 0.444
1783 0.431
1784 0.449
1785 0.426
1786 0.433
1787 0.422
1788 0.41
1789 0.409
1790 0.396
1791 0.399
1792 0.392
1793 0.387
1794 0.386
1795 0.376
1796 0.372
1797 0.377
1798 0.367
1799 0.367
1800 0.382
1801 0.387
1802 0.386
1803 0.377
1804 0.391
1805 0.384
1806 0.38
1807 0.396
1808 0.372
1809 0.39
1810 0.383
1811 0.376
1812 0.379
1813 0.376
1814 0.375
1815 0.385
1816 0.371
1817 0.381
1818 0.376
1819 0.373
1820 0.37
1821 0.371
1822 0.362
1823 0.367
1824 0.375
1825 0.368
1826 0.367
1827 0.363
1828 0.35
1829 0.345
1830 0.347
1831 0.333
1832 0.335
1833 0.314
1834 0.31
1835 0.305
1836 0.3
1837 0.289
1838 0.289
1839 0.292
1840 0.298
1841 0.295
1842 0.286
1843 0.274
1844 0.279
1845 0.264
1846 0.254
1847 0.246
1848 0.249
1849 0.234
1850 0.242
1851 0.23
1852 0.225
1853 0.214
1854 0.201
1855 0.216
1856 0.21
1857 0.217
1858 0.21
1859 0.207
1860 0.212
1861 0.202
1862 0.201
1863 0.189
1864 0.19
1865 0.175
1866 0.188
1867 0.179
1868 0.181
1869 0.19
1870 0.188
1871 0.196
1872 0.196
1873 0.205
1874 0.207
1875 0.202
1876 0.213
1877 0.217
1878 0.217
1879 0.226
1880 0.226
1881 0.241
1882 0.242
1883 0.243
1884 0.248
1885 0.261
1886 0.264
1887 0.283
1888 0.284
1889 0.294
1890 0.313
1891 0.314
1892 0.315
1893 0.315
1894 0.331
1895 0.332
1896 0.313
1897 0.332
1898 0.331
1899 0.348
1900 0.365
1901 0.355
1902 0.396
1903 0.394
1904 0.421
1905 0.427
1906 0.454
1907 0.456
1908 0.47
1909 0.472
1910 0.471
1911 0.454
1912 0.445
1913 0.442
1914 0.434
1915 0.442
1916 0.439
1917 0.432
1918 0.415
1919 0.425
1920 0.405
1921 0.407
1922 0.404
1923 0.392
1924 0.409
1925 0.38
1926 0.379
1927 0.363
1928 0.352
1929 0.339
1930 0.341
1931 0.341
1932 0.35
1933 0.316
1934 0.316
1935 0.301
1936 0.272
1937 0.285
1938 0.29
1939 0.268
1940 0.271
1941 0.271
1942 0.266
1943 0.268
1944 0.258
1945 0.261
1946 0.261
1947 0.237
1948 0.242
1949 0.23
1950 0.222
1951 0.224
1952 0.22
1953 0.193
1954 0.188
1955 0.184
1956 0.178
1957 0.163
1958 0.159
1959 0.157
1960 0.141
1961 0.125
1962 0.121
1963 0.115
1964 0.119
1965 0.099
1966 0.092
1967 0.087
1968 0.078
1969 0.064
1970 0.06
1971 0.056
1972 0.04
1973 0.037
1974 0.027
1975 0.021
1976 0.017
1977 0.012
1978 0.009
1979 0.008
1980 0.008
1981 0.008
1982 0.007
1983 0.006
1984 0.007
1985 0.007
1986 0.005
1987 0.007
1988 0.008
1989 0.005
1990 0.006
1991 0.006
1992 0.006
1993 0.005
1994 0.005
1995 0.007
1996 0.004
1997 0.005
1998 0.007
1999 0.008
2000 0.01
2001 0.018
2002 0.023
2003 0.032
2004 0.046
2005 0.061
2006 0.07
2007 0.088
2008 0.097
2009 0.106
2010 0.128
2011 0.146
2012 0.148
2013 0.169
2014 0.192
2015 0.197
2016 0.223
2017 0.241
2018 0.259
2019 0.289
2020 0.302
2021 0.3
2022 0.292
2023 0.317
2024 0.327
2025 0.348
2026 0.359
2027 0.362
2028 0.372
2029 0.379
2030 0.384
2031 0.4
2032 0.398
2033 0.398
2034 0.391
2035 0.372
2036 0.378
2037 0.366
2038 0.33
2039 0.336
2040 0.349
2041 0.316
2042 0.315
2043 0.294
2044 0.275
2045 0.28
2046 0.255
2047 0.248
2048 0.258
2049 0.25
2050 0.224
2051 0.23
2052 0.225
2053 0.211
2054 0.224
2055 0.215
2056 0.192
2057 0.192
2058 0.19
2059 0.178
2060 0.166
2061 0.155
2062 0.135
2063 0.134
2064 0.134
2065 0.106
2066 0.105
2067 0.094
2068 0.092
2069 0.091
2070 0.08
2071 0.082
2072 0.078
2073 0.064
2074 0.062
2075 0.059
2076 0.058
2077 0.045
2078 0.039
2079 0.036
2080 0.03
2081 0.028
2082 0.023
2083 0.016
2084 0.016
2085 0.016
2086 0.019
2087 0.018
2088 0.015
2089 0.016
2090 0.013
2091 0.017
2092 0.016
2093 0.013
2094 0.015
2095 0.015
2096 0.014
2097 0.014
2098 0.013
2099 0.013
2100 0.017
2101 0.023
2102 0.026
2103 0.028
2104 0.035
2105 0.04
2106 0.045
2107 0.057
2108 0.055
2109 0.061
2110 0.075
2111 0.089
2112 0.094
2113 0.107
2114 0.113
2115 0.123
2116 0.14
2117 0.149
2118 0.158
2119 0.173
2120 0.18
2121 0.2
2122 0.223
2123 0.239
2124 0.266
2125 0.28
2126 0.29
2127 0.321
2128 0.374
2129 0.383
2130 0.41
2131 0.438
2132 0.456
2133 0.458
2134 0.467
2135 0.473
2136 0.516
2137 0.524
2138 0.52
2139 0.516
2140 0.515
2141 0.508
2142 0.513
2143 0.501
2144 0.492
2145 0.488
2146 0.489
2147 0.484
2148 0.477
2149 0.473
2150 0.466
2151 0.46
2152 0.396
2153 0.391
2154 0.347
2155 0.334
2156 0.342
2157 0.325
2158 0.324
2159 0.324
2160 0.325
2161 0.304
2162 0.307
2163 0.296
2164 0.306
2165 0.309
2166 0.3
2167 0.3
2168 0.28
2169 0.29
2170 0.28
2171 0.273
2172 0.271
2173 0.267
2174 0.259
2175 0.254
2176 0.235
2177 0.223
2178 0.218
2179 0.204
2180 0.199
2181 0.179
2182 0.179
2183 0.17
2184 0.153
2185 0.144
2186 0.122
2187 0.119
2188 0.113
2189 0.105
2190 0.089
2191 0.077
2192 0.071
2193 0.067
2194 0.06
2195 0.061
2196 0.049
2197 0.038
2198 0.038
2199 0.038
2200 0.025
2201 0.028
2202 0.026
2203 0.021
2204 0.018
2205 0.017
2206 0.017
2207 0.017
2208 0.015
2209 0.013
2210 0.013
2211 0.014
2212 0.009
2213 0.006
2214 0.004
2215 0.005
2216 0.004
2217 0.006
2218 0.004
2219 0.003
2220 0.002
2221 0.003
2222 0.002
2223 0.004
2224 0.004
2225 0.006
2226 0.006
2227 0.006
2228 0.005
2229 0.007
2230 0.005
2231 0.006
2232 0.005
2233 0.007
2234 0.005
2235 0.005
2236 0.005
2237 0.003
2238 0.007
2239 0.006
2240 0.005
2241 0.006
2242 0.004
2243 0.004
2244 0.004
2245 0.008
2246 0.006
2247 0.007
2248 0.006
2249 0.006
2250 0.007
2251 0.007
2252 0.008
2253 0.008
2254 0.01
2255 0.012
2256 0.007
2257 0.01
2258 0.01
2259 0.011
2260 0.011
2261 0.011
2262 0.01
2263 0.011
2264 0.012
2265 0.01
2266 0.014
2267 0.018
2268 0.025
2269 0.037
2270 0.037
2271 0.049
2272 0.055
2273 0.065
2274 0.069
2275 0.071
2276 0.076
2277 0.081
2278 0.089
2279 0.086
2280 0.091
2281 0.095
2282 0.091
2283 0.102
2284 0.099
2285 0.108
2286 0.109
2287 0.107
2288 0.104
2289 0.108
2290 0.106
2291 0.104
2292 0.109
2293 0.101
2294 0.108
2295 0.106
2296 0.102
2297 0.101
2298 0.108
2299 0.103
2300 0.105
2301 0.106
2302 0.111
2303 0.113
2304 0.11
2305 0.111
2306 0.112
2307 0.106
2308 0.112
2309 0.113
2310 0.097
2311 0.109
2312 0.1
2313 0.097
2314 0.103
2315 0.097
2316 0.087
2317 0.082
2318 0.088
2319 0.077
2320 0.076
2321 0.073
2322 0.074
2323 0.073
2324 0.075
2325 0.056
2326 0.069
2327 0.066
2328 0.067
2329 0.059
2330 0.053
2331 0.056
2332 0.06
2333 0.057
2334 0.045
2335 0.047
2336 0.046
2337 0.043
2338 0.04
2339 0.033
2340 0.032
2341 0.027
2342 0.026
2343 0.029
2344 0.029
2345 0.026
2346 0.018
2347 0.026
2348 0.023
2349 0.019
2350 0.017
2351 0.016
2352 0.019
2353 0.024
2354 0.023
2355 0.017
2356 0.017
2357 0.019
2358 0.019
2359 0.013
2360 0.017
2361 0.015
2362 0.016
2363 0.016
2364 0.013
2365 0.014
2366 0.015
2367 0.017
2368 0.017
2369 0.018
2370 0.018
2371 0.019
2372 0.017
2373 0.016
2374 0.013
2375 0.014
2376 0.014
2377 0.016
2378 0.019
2379 0.016
2380 0.016
2381 0.013
2382 0.012
2383 0.019
2384 0.031
2385 0.04
2386 0.048
2387 0.059
2388 0.066
2389 0.067
2390 0.069
2391 0.077
2392 0.081
2393 0.082
2394 0.081
2395 0.084
2396 0.081
2397 0.076
2398 0.082
2399 0.081
2400 0.085
2401 0.077
2402 0.084
2403 0.085
2404 0.084
2405 0.086
2406 0.084
2407 0.084
2408 0.076
2409 0.075
2410 0.075
2411 0.074
2412 0.091
2413 0.073
2414 0.071
2415 0.056
2416 0.061
2417 0.065
2418 0.055
2419 0.049
2420 0.047
2421 0.046
2422 0.032
2423 0.03
2424 0.028
2425 0.024
2426 0.02
2427 0.019
2428 0.013
2429 0.008
2430 0.005
2431 0.004
2432 0.004
2433 0.014
2434 0.024
2435 0.034
2436 0.037
2437 0.038
2438 0.044
2439 0.046
2440 0.05
2441 0.052
2442 0.049
2443 0.051
2444 0.051
2445 0.054
2446 0.054
2447 0.054
2448 0.05
2449 0.055
2450 0.055
2451 0.057
2452 0.055
2453 0.053
2454 0.052
2455 0.05
2456 0.053
2457 0.053
2458 0.053
2459 0.057
2460 0.055
2461 0.049
2462 0.051
2463 0.054
2464 0.051
2465 0.052
2466 0.043
2467 0.035
2468 0.035
2469 0.033
2470 0.034
2471 0.029
2472 0.024
2473 0.025
2474 0.02
2475 0.015
2476 0.02
2477 0.022
2478 0.023
2479 0.022
2480 0.022
2481 0.021
2482 0.021
2483 0.021
2484 0.021
2485 0.016
2486 0.017
2487 0.019
2488 0.017
2489 0.017
2490 0.016
2491 0.021
2492 0.023
2493 0.022
2494 0.021
2495 0.024
2496 0.024
2497 0.026
2498 0.028
2499 0.026
2500 0.022
2501 0.024
2502 0.024
2503 0.026
2504 0.026
2505 0.029
2506 0.025
2507 0.027
2508 0.038
2509 0.044
2510 0.046
2511 0.058
2512 0.067
2513 0.072
2514 0.074
2515 0.073
2516 0.079
2517 0.08
2518 0.079
2519 0.079
2520 0.075
2521 0.077
2522 0.082
2523 0.086
2524 0.082
2525 0.084
2526 0.085
2527 0.088
2528 0.092
2529 0.09
2530 0.092
2531 0.087
2532 0.086
2533 0.088
2534 0.085
2535 0.09
2536 0.085
2537 0.091
2538 0.096
2539 0.097
2540 0.095
2541 0.089
2542 0.088
2543 0.088
2544 0.081
2545 0.079
2546 0.084
2547 0.088
2548 0.086
2549 0.081
2550 0.075
2551 0.077
2552 0.077
2553 0.069
2554 0.064
2555 0.066
2556 0.062
2557 0.05
2558 0.049
2559 0.044
2560 0.039
2561 0.032
2562 0.031
2563 0.029
2564 0.025
2565 0.02
2566 0.017
2567 0.013
2568 0.013
2569 0.007
2570 0.007
2571 0.007
2572 0.005
2573 0.005
2574 0.006
2575 0.006
2576 0.006
2577 0.006
2578 0.005
2579 0.005
2580 0.005
2581 0.005
2582 0.005
2583 0.005
2584 0.006
2585 0.006
2586 0.006
2587 0.005
2588 0.006
2589 0.006
2590 0.005
2591 0.005
2592 0.005
2593 0.005
2594 0.005
2595 0.005
2596 0.005
2597 0.005
2598 0.006
2599 0.006
2600 0.006
2601 0.006
2602 0.006
2603 0.006
2604 0.006
2605 0.006
2606 0.006
2607 0.006
2608 0.006
2609 0.006
2610 0.006
2611 0.007
2612 0.007
2613 0.007
2614 0.006
2615 0.006
2616 0.007
2617 0.007
2618 0.007
2619 0.006
2620 0.007
2621 0.007
2622 0.007
2623 0.007
2624 0.01
2625 0.018
2626 0.027
2627 0.029
2628 0.034
2629 0.045
2630 0.047
2631 0.045
2632 0.05
2633 0.053
2634 0.053
2635 0.054
2636 0.051
2637 0.06
2638 0.072
2639 0.075
2640 0.088
2641 0.1
2642 0.105
2643 0.119
2644 0.131
2645 0.134
2646 0.15
2647 0.152
2648 0.158
2649 0.18
2650 0.188
2651 0.197
2652 0.201
2653 0.197
2654 0.199
2655 0.201
2656 0.208
2657 0.215
2658 0.212
2659 0.204
2660 0.202
2661 0.206
2662 0.212
2663 0.208
2664 0.2
2665 0.204
2666 0.193
2667 0.192
2668 0.193
2669 0.183
2670 0.193
2671 0.189
2672 0.193
2673 0.176
2674 0.189
2675 0.2
2676 0.208
2677 0.193
2678 0.186
2679 0.19
2680 0.183
2681 0.169
2682 0.168
2683 0.165
2684 0.167
2685 0.159
2686 0.154
2687 0.143
2688 0.145
2689 0.14
2690 0.148
2691 0.132
2692 0.131
2693 0.13
2694 0.135
2695 0.127
2696 0.124
2697 0.117
2698 0.116
2699 0.108
2700 0.109
2701 0.095
2702 0.098
2703 0.085
2704 0.086
2705 0.082
2706 0.081
2707 0.069
2708 0.071
2709 0.066
2710 0.066
2711 0.066
2712 0.064
2713 0.068
2714 0.071
2715 0.069
2716 0.066
2717 0.068
2718 0.065
2719 0.068
2720 0.069
2721 0.067
2722 0.063
2723 0.069
2724 0.064
2725 0.067
2726 0.062
2727 0.066
2728 0.08
2729 0.088
2730 0.097
2731 0.09
2732 0.096
2733 0.095
2734 0.106
2735 0.105
2736 0.101
2737 0.098
2738 0.099
2739 0.101
2740 0.102
2741 0.108
2742 0.106
2743 0.111
2744 0.107
2745 0.109
2746 0.112
2747 0.109
2748 0.112
2749 0.113
2750 0.108
2751 0.113
2752 0.105
2753 0.108
2754 0.114
2755 0.112
2756 0.114
2757 0.121
2758 0.121
2759 0.121
2760 0.125
2761 0.13
2762 0.132
2763 0.13
2764 0.13
2765 0.126
2766 0.129
2767 0.126
2768 0.119
2769 0.126
2770 0.12
2771 0.128
2772 0.123
2773 0.121
2774 0.12
2775 0.127
2776 0.127
2777 0.126
2778 0.127
2779 0.124
2780 0.122
2781 0.132
2782 0.131
2783 0.126
2784 0.127
2785 0.121
2786 0.127
2787 0.129
2788 0.126
2789 0.126
2790 0.13
2791 0.128
2792 0.132
2793 0.131
2794 0.13
2795 0.13
2796 0.129
2797 0.136
2798 0.134
2799 0.127
2800 0.13
2801 0.126
2802 0.126
2803 0.132
2804 0.131
2805 0.129
2806 0.13
2807 0.127
2808 0.128
2809 0.136
2810 0.135
2811 0.136
2812 0.137
2813 0.135
2814 0.134
2815 0.136
2816 0.133
2817 0.133
2818 0.129
2819 0.128
2820 0.13
2821 0.134
2822 0.132
2823 0.136
2824 0.136
2825 0.136
2826 0.136
2827 0.13
2828 0.128
2829 0.13
2830 0.131
2831 0.132
2832 0.131
2833 0.132
2834 0.133
2835 0.133
2836 0.138
2837 0.137
2838 0.139
2839 0.138
2840 0.139
2841 0.138
2842 0.136
2843 0.137
2844 0.139
2845 0.141
2846 0.139
2847 0.138
2848 0.135
2849 0.133
2850 0.134
2851 0.138
2852 0.137
2853 0.14
2854 0.141
2855 0.141
2856 0.133
2857 0.135
2858 0.138
2859 0.14
2860 0.137
2861 0.146
2862 0.143
2863 0.143
2864 0.148
2865 0.15
2866 0.146
2867 0.147
2868 0.145
2869 0.144
2870 0.147
2871 0.148
2872 0.152
2873 0.15
2874 0.148
2875 0.145
2876 0.144
2877 0.145
2878 0.148
2879 0.148
2880 0.152
2881 0.151
2882 0.153
2883 0.16
2884 0.157
2885 0.155
2886 0.156
2887 0.158
2888 0.156
2889 0.156
2890 0.156
2891 0.157
2892 0.16
2893 0.156
2894 0.158
2895 0.16
2896 0.153
2897 0.16
2898 0.156
2899 0.159
2900 0.159
2901 0.154
2902 0.153
2903 0.154
2904 0.151
2905 0.156
2906 0.153
2907 0.153
2908 0.151
2909 0.154
2910 0.154
2911 0.143
2912 0.143
2913 0.14
2914 0.143
2915 0.143
2916 0.143
2917 0.144
2918 0.142
2919 0.141
2920 0.143
2921 0.141
2922 0.144
2923 0.146
2924 0.148
2925 0.147
2926 0.147
2927 0.146
2928 0.148
2929 0.15
2930 0.151
2931 0.15
2932 0.159
2933 0.158
2934 0.156
2935 0.158
2936 0.165
2937 0.158
2938 0.162
2939 0.167
2940 0.16
2941 0.163
2942 0.163
2943 0.159
2944 0.17
2945 0.17
2946 0.173
2947 0.175
2948 0.177
2949 0.184
2950 0.187
2951 0.187
2952 0.195
2953 0.197
2954 0.196
2955 0.196
2956 0.195
2957 0.202
2958 0.213
2959 0.21
2960 0.216
2961 0.239
2962 0.238
2963 0.235
2964 0.247
2965 0.251
2966 0.252
2967 0.261
2968 0.272
2969 0.278
2970 0.289
2971 0.291
2972 0.291
2973 0.301
2974 0.317
2975 0.323
2976 0.329
2977 0.336
2978 0.342
2979 0.352
2980 0.358
2981 0.358
2982 0.378
2983 0.382
2984 0.396
2985 0.401
2986 0.442
2987 0.446
2988 0.443
2989 0.448
2990 0.461
2991 0.486
2992 0.51
2993 0.52
2994 0.534
2995 0.559
2996 0.561
2997 0.573
2998 0.624
2999 0.662
3000 0.709
3001 0.729
3002 0.758
3003 0.773
3004 0.797
3005 0.809
3006 0.828
3007 0.836
3008 0.839
3009 0.839
3010 0.847
3011 0.891
3012 0.876
3013 0.875
3014 0.873
3015 0.885
3016 0.88
3017 0.886
3018 0.887
3019 0.896
3020 0.901
3021 0.908
3022 0.906
3023 0.902
3024 0.903
3025 0.897
3026 0.901
3027 0.905
3028 0.906
3029 0.907
3030 0.901
3031 0.911
3032 0.905
3033 0.903
3034 0.903
3035 0.91
3036 0.904
3037 0.916
3038 0.901
3039 0.911
3040 0.917
3041 0.918
3042 0.914
3043 0.911
3044 0.913
3045 0.903
3046 0.905
3047 0.908
3048 0.911
3049 0.903
3050 0.906
3051 0.897
3052 0.901
3053 0.899
3054 0.899
3055 0.904
3056 0.901
3057 0.9
3058 0.903
3059 0.896
3060 0.898
3061 0.906
3062 0.909
3063 0.899
3064 0.895
3065 0.894
3066 0.894
3067 0.897
3068 0.898
3069 0.901
3070 0.894
3071 0.896
3072 0.897
3073 0.895
3074 0.891
3075 0.894
3076 0.89
3077 0.899
3078 0.893
3079 0.895
3080 0.901
3081 0.9
3082 0.888
3083 0.895
3084 0.9
3085 0.896
3086 0.892
3087 0.89
3088 0.894
3089 0.892
3090 0.887
3091 0.887
3092 0.881
3093 0.882
3094 0.883
3095 0.883
3096 0.885
3097 0.884
3098 0.88
3099 0.893
3100 0.884
3101 0.889
3102 0.897
3103 0.894
3104 0.891
3105 0.892
3106 0.893
3107 0.889
3108 0.889
3109 0.888
3110 0.892
3111 0.889
3112 0.893
3113 0.888
3114 0.891
3115 0.888
3116 0.881
3117 0.879
3118 0.883
3119 0.881
3120 0.886
3121 0.886
3122 0.885
3123 0.882
3124 0.877
3125 0.885
3126 0.879
3127 0.883
3128 0.881
3129 0.879
3130 0.884
3131 0.884
3132 0.877
3133 0.875
3134 0.87
3135 0.871
3136 0.865
3137 0.866
3138 0.868
3139 0.867
3140 0.864
3141 0.868
3142 0.862
3143 0.858
3144 0.863
3145 0.862
3146 0.854
3147 0.855
3148 0.854
3149 0.849
3150 0.857
3151 0.861
3152 0.857
3153 0.859
3154 0.86
3155 0.854
3156 0.858
3157 0.852
3158 0.85
3159 0.856
3160 0.859
3161 0.862
3162 0.859
3163 0.858
3164 0.857
3165 0.857
3166 0.855
3167 0.855
3168 0.852
3169 0.86
3170 0.861
3171 0.865
3172 0.862
3173 0.863
3174 0.861
3175 0.855
3176 0.859
3177 0.853
3178 0.855
3179 0.854
3180 0.853
3181 0.853
3182 0.856
3183 0.854
3184 0.85
3185 0.855
3186 0.861
3187 0.858
3188 0.857
3189 0.852
3190 0.85
3191 0.851
3192 0.856
3193 0.858
3194 0.858
3195 0.853
3196 0.854
3197 0.859
3198 0.859
3199 0.864
3200 0.862
3201 0.857
3202 0.853
3203 0.858
3204 0.858
3205 0.852
3206 0.852
3207 0.854
3208 0.85
3209 0.846
3210 0.846
3211 0.85
3212 0.852
3213 0.85
3214 0.847
3215 0.848
3216 0.847
3217 0.845
3218 0.844
3219 0.845
3220 0.847
3221 0.846
3222 0.842
3223 0.842
3224 0.846
3225 0.847
3226 0.845
3227 0.846
3228 0.847
3229 0.846
3230 0.848
3231 0.848
3232 0.846
3233 0.847
3234 0.848
3235 0.845
3236 0.841
3237 0.851
3238 0.853
3239 0.85
3240 0.848
3241 0.851
3242 0.851
3243 0.852
3244 0.849
3245 0.847
3246 0.846
3247 0.847
3248 0.847
3249 0.846
3250 0.849
3251 0.849
3252 0.849
3253 0.847
3254 0.847
3255 0.848
3256 0.849
3257 0.85
3258 0.852
3259 0.85
3260 0.849
3261 0.851
3262 0.849
3263 0.849
3264 0.849
3265 0.849
3266 0.847
3267 0.847
3268 0.846
3269 0.845
3270 0.848
3271 0.847
3272 0.85
3273 0.852
3274 0.854
3275 0.856
3276 0.854
3277 0.852
3278 0.85
3279 0.849
3280 0.848
3281 0.849
3282 0.848
3283 0.849
3284 0.85
3285 0.849
3286 0.845
3287 0.845
3288 0.844
3289 0.844
3290 0.842
3291 0.845
3292 0.843
3293 0.842
3294 0.843
3295 0.842
3296 0.843
3297 0.843
3298 0.841
3299 0.843
3300 0.843
3301 0.846
3302 0.847
3303 0.848
3304 0.849
3305 0.847
3306 0.849
3307 0.846
3308 0.848
3309 0.849
3310 0.85
3311 0.843
3312 0.844
3313 0.845
3314 0.844
3315 0.844
3316 0.842
3317 0.843
3318 0.842
3319 0.842
3320 0.846
3321 0.846
3322 0.846
3323 0.845
3324 0.843
3325 0.845
3326 0.843
3327 0.844
3328 0.844
3329 0.846
3330 0.845
3331 0.843
3332 0.842
3333 0.846
3334 0.844
3335 0.844
3336 0.852
3337 0.848
3338 0.845
3339 0.847
3340 0.846
3341 0.846
3342 0.845
3343 0.841
3344 0.84
3345 0.843
3346 0.84
3347 0.838
3348 0.84
3349 0.839
3350 0.837
3351 0.843
3352 0.845
3353 0.847
3354 0.846
3355 0.846
3356 0.847
3357 0.847
3358 0.845
3359 0.847
3360 0.846
3361 0.841
3362 0.844
3363 0.844
3364 0.845
3365 0.845
3366 0.845
3367 0.843
3368 0.842
3369 0.84
3370 0.841
3371 0.843
3372 0.844
3373 0.844
3374 0.842
3375 0.843
3376 0.845
3377 0.847
3378 0.847
3379 0.848
3380 0.85
3381 0.848
3382 0.848
3383 0.848
3384 0.848
3385 0.848
3386 0.852
3387 0.854
3388 0.853
3389 0.85
3390 0.851
3391 0.85
3392 0.849
3393 0.849
3394 0.85
3395 0.851
3396 0.85
3397 0.848
3398 0.848
3399 0.847
3400 0.847
3401 0.848
3402 0.848
3403 0.848
3404 0.849
3405 0.848
3406 0.85
3407 0.849
3408 0.85
3409 0.848
3410 0.849
3411 0.85
3412 0.85
3413 0.851
3414 0.849
3415 0.848
3416 0.847
3417 0.847
3418 0.845
3419 0.846
3420 0.851
3421 0.851
3422 0.848
3423 0.849
3424 0.848
3425 0.848
3426 0.848
3427 0.845
3428 0.848
3429 0.848
3430 0.848
3431 0.85
3432 0.851
3433 0.853
3434 0.855
3435 0.853
3436 0.854
3437 0.854
3438 0.854
3439 0.855
3440 0.856
3441 0.855
3442 0.854
3443 0.852
3444 0.852
3445 0.851
3446 0.852
3447 0.852
3448 0.852
3449 0.852
3450 0.855
3451 0.856
3452 0.856
3453 0.857
3454 0.86
3455 0.86
3456 0.857
3457 0.858
3458 0.858
3459 0.859
3460 0.86
3461 0.855
3462 0.852
3463 0.852
3464 0.853
3465 0.852
3466 0.854
3467 0.855
3468 0.853
3469 0.853
3470 0.854
3471 0.853
3472 0.851
3473 0.85
3474 0.85
3475 0.851
3476 0.851
3477 0.851
3478 0.852
3479 0.851
3480 0.85
3481 0.851
3482 0.851
3483 0.853
3484 0.854
3485 0.854
3486 0.856
3487 0.856
3488 0.855
3489 0.852
3490 0.852
3491 0.853
3492 0.852
3493 0.854
3494 0.854
3495 0.854
3496 0.854
3497 0.854
3498 0.852
3499 0.851
3500 0.85
3501 0.849
3502 0.849
3503 0.851
3504 0.852
3505 0.851
3506 0.85
3507 0.85
3508 0.85
3509 0.853
3510 0.853
3511 0.85
3512 0.846
3513 0.845
3514 0.849
3515 0.849
3516 0.85
3517 0.851
3518 0.851
3519 0.85
3520 0.85
3521 0.85
3522 0.848
3523 0.849
3524 0.849
3525 0.849
3526 0.85
3527 0.849
3528 0.851
3529 0.851
3530 0.853
3531 0.852
3532 0.852
3533 0.849
3534 0.85
3535 0.85
3536 0.854
3537 0.854
3538 0.856
3539 0.855
3540 0.853
3541 0.854
3542 0.856
3543 0.857
3544 0.854
3545 0.856
3546 0.854
3547 0.859
3548 0.857
3549 0.857
3550 0.857
3551 0.857
3552 0.858
3553 0.859
3554 0.861
3555 0.861
3556 0.86
3557 0.86
3558 0.859
3559 0.858
3560 0.857
3561 0.852
3562 0.849
3563 0.85
3564 0.852
3565 0.851
3566 0.85
3567 0.85
3568 0.85
3569 0.851
3570 0.848
3571 0.85
3572 0.851
3573 0.851
3574 0.852
3575 0.852
3576 0.854
3577 0.852
3578 0.853
3579 0.851
3580 0.852
3581 0.853
3582 0.854
3583 0.855
3584 0.855
3585 0.854
3586 0.854
3587 0.854
3588 0.853
3589 0.855
3590 0.851
3591 0.851
3592 0.851
3593 0.852
3594 0.852
3595 0.849
3596 0.851
3597 0.849
3598 0.848
3599 0.849
3600 0.848
3601 0.849
3602 0.85
3603 0.851
3604 0.852
3605 0.854
3606 0.851
3607 0.851
3608 0.851
3609 0.847
3610 0.846
3611 0.845
3612 0.846
3613 0.847
3614 0.846
3615 0.845
3616 0.846
3617 0.847
3618 0.845
3619 0.845
3620 0.854
3621 0.855
3622 0.857
3623 0.853
3624 0.854
3625 0.854
3626 0.857
3627 0.857
3628 0.858
3629 0.856
3630 0.859
3631 0.859
3632 0.859
3633 0.859
3634 0.861
3635 0.863
3636 0.863
3637 0.862
3638 0.862
3639 0.858
3640 0.858
3641 0.858
3642 0.859
3643 0.858
3644 0.861
3645 0.856
3646 0.855
3647 0.856
3648 0.854
3649 0.853
3650 0.847
3651 0.845
3652 0.847
3653 0.848
3654 0.845
3655 0.845
3656 0.845
3657 0.845
3658 0.845
3659 0.848
3660 0.848
3661 0.851
3662 0.853
3663 0.85
3664 0.85
3665 0.849
3666 0.849
3667 0.851
3668 0.847
3669 0.848
3670 0.849
3671 0.849
3672 0.852
3673 0.853
3674 0.849
3675 0.851
3676 0.849
3677 0.851
3678 0.852
3679 0.851
3680 0.849
3681 0.851
3682 0.851
3683 0.849
3684 0.847
3685 0.846
3686 0.85
3687 0.852
3688 0.853
3689 0.853
3690 0.853
3691 0.853
3692 0.853
3693 0.854
3694 0.854
3695 0.855
3696 0.858
3697 0.856
3698 0.853
3699 0.853
3700 0.846
3701 0.849
3702 0.861
3703 0.858
3704 0.859
3705 0.856
3706 0.857
3707 0.856
3708 0.859
3709 0.862
3710 0.862
3711 0.864
3712 0.868
3713 0.865
3714 0.867
3715 0.863
3716 0.858
3717 0.861
3718 0.861
3719 0.869
3720 0.855
3721 0.853
3722 0.853
3723 0.852
3724 0.853
3725 0.856
3726 0.858
3727 0.857
3728 0.857
3729 0.852
3730 0.856
3731 0.857
3732 0.855
3733 0.856
3734 0.858
3735 0.856
3736 0.852
3737 0.854
3738 0.853
3739 0.854
3740 0.856
3741 0.856
3742 0.858
3743 0.862
3744 0.857
3745 0.852
3746 0.848
3747 0.847
3748 0.855
3749 0.855
3750 0.853
3751 0.855
3752 0.854
3753 0.855
3754 0.856
3755 0.858
3756 0.86
3757 0.86
3758 0.861
3759 0.857
3760 0.856
3761 0.856
3762 0.855
3763 0.858
3764 0.858
3765 0.858
3766 0.858
3767 0.855
3768 0.855
3769 0.854
3770 0.849
3771 0.848
3772 0.853
3773 0.849
3774 0.853
3775 0.848
3776 0.847
3777 0.847
3778 0.847
3779 0.852
3780 0.852
3781 0.854
3782 0.857
3783 0.857
3784 0.857
3785 0.856
3786 0.857
3787 0.859
3788 0.857
3789 0.859
3790 0.858
3791 0.856
3792 0.857
3793 0.857
3794 0.856
3795 0.857
3796 0.858
3797 0.863
3798 0.861
3799 0.853
3800 0.859
3801 0.856
3802 0.854
3803 0.854
3804 0.853
3805 0.855
3806 0.856
3807 0.855
3808 0.855
3809 0.853
3810 0.854
3811 0.85
3812 0.852
3813 0.847
3814 0.854
3815 0.854
3816 0.854
3817 0.855
3818 0.855
3819 0.853
3820 0.855
3821 0.856
3822 0.855
3823 0.852
3824 0.857
3825 0.858
3826 0.858
3827 0.856
3828 0.855
3829 0.854
3830 0.852
3831 0.853
3832 0.853
3833 0.854
3834 0.856
3835 0.855
3836 0.856
3837 0.856
3838 0.857
3839 0.862
3840 0.86
3841 0.859
3842 0.859
3843 0.861
3844 0.86
3845 0.864
3846 0.865
3847 0.866
3848 0.867
3849 0.866
3850 0.865
3851 0.863
3852 0.861
3853 0.86
3854 0.86
3855 0.863
3856 0.862
3857 0.862
3858 0.863
3859 0.862
3860 0.863
3861 0.862
3862 0.862
3863 0.86
3864 0.86
3865 0.86
3866 0.859
3867 0.859
3868 0.858
3869 0.86
3870 0.854
3871 0.854
3872 0.855
3873 0.854
3874 0.856
3875 0.857
3876 0.861
3877 0.861
3878 0.859
3879 0.861
3880 0.863
3881 0.861
3882 0.857
3883 0.855
3884 0.855
3885 0.859
3886 0.86
3887 0.861
3888 0.859
3889 0.86
3890 0.861
3891 0.861
3892 0.861
3893 0.862
3894 0.862
3895 0.859
3896 0.864
3897 0.863
3898 0.864
3899 0.86
3900 0.859
3901 0.861
3902 0.86
3903 0.86
3904 0.858
3905 0.86
3906 0.86
3907 0.854
3908 0.857
3909 0.858
3910 0.861
3911 0.861
3912 0.86
3913 0.86
3914 0.86
3915 0.861
3916 0.86
3917 0.86
3918 0.861
3919 0.862
3920 0.861
3921 0.859
3922 0.859
3923 0.855
3924 0.857
3925 0.858
3926 0.858
3927 0.858
3928 0.858
3929 0.86
3930 0.856
3931 0.857
3932 0.859
3933 0.861
3934 0.861
3935 0.86
3936 0.861
3937 0.861
3938 0.86
3939 0.859
3940 0.859
3941 0.861
3942 0.861
3943 0.86
3944 0.859
3945 0.863
3946 0.865
3947 0.865
3948 0.862
3949 0.862
3950 0.862
3951 0.863
3952 0.865
3953 0.864
3954 0.864
3955 0.864
3956 0.862
3957 0.86
3958 0.861
3959 0.862
3960 0.861
3961 0.861
3962 0.862
3963 0.861
3964 0.862
3965 0.86
3966 0.862
3967 0.863
3968 0.862
3969 0.862
3970 0.863
3971 0.863
3972 0.862
3973 0.862
3974 0.863
3975 0.863
3976 0.864
3977 0.86
3978 0.858
3979 0.86
3980 0.86
3981 0.861
3982 0.86
3983 0.857
3984 0.858
3985 0.859
3986 0.859
3987 0.858
3988 0.856
3989 0.857
3990 0.859
3991 0.858
3992 0.86
3993 0.86
3994 0.859
3995 0.868
3996 0.869
3997 0.867
3998 0.867
3999 0.867
4000 0.867
4001 0.86
4002 0.862
4003 0.863
4004 0.861
4005 0.862
4006 0.862
4007 0.863
4008 0.863
4009 0.864
4010 0.864
4011 0.865
4012 0.862
4013 0.862
4014 0.861
4015 0.861
4016 0.859
4017 0.856
4018 0.859
4019 0.859
4020 0.86
4021 0.861
4022 0.861
4023 0.863
4024 0.861
4025 0.862
4026 0.862
4027 0.859
4028 0.859
4029 0.859
4030 0.858
4031 0.859
4032 0.856
4033 0.854
4034 0.855
4035 0.855
4036 0.856
4037 0.854
4038 0.854
4039 0.854
4040 0.853
4041 0.853
4042 0.853
4043 0.853
4044 0.856
4045 0.865
4046 0.866
4047 0.864
4048 0.865
4049 0.862
4050 0.862
4051 0.863
4052 0.866
4053 0.866
4054 0.865
4055 0.866
4056 0.865
4057 0.864
4058 0.864
4059 0.865
4060 0.865
4061 0.864
4062 0.865
4063 0.864
4064 0.862
4065 0.862
4066 0.863
4067 0.862
4068 0.861
4069 0.862
4070 0.856
4071 0.856
4072 0.856
4073 0.857
4074 0.854
4075 0.854
4076 0.854
4077 0.853
4078 0.851
4079 0.851
4080 0.854
4081 0.853
4082 0.853
4083 0.853
4084 0.853
4085 0.855
4086 0.856
4087 0.86
4088 0.858
4089 0.857
4090 0.859
4091 0.86
4092 0.858
4093 0.858
4094 0.858
4095 0.859
4096 0.859
4097 0.859
4098 0.861
4099 0.863
4100 0.86
4101 0.861
4102 0.861
4103 0.863
4104 0.862
4105 0.862
4106 0.858
4107 0.858
4108 0.859
4109 0.858
4110 0.859
4111 0.861
4112 0.859
4113 0.86
4114 0.862
4115 0.858
4116 0.86
4117 0.859
4118 0.859
4119 0.862
4120 0.859
4121 0.86
4122 0.861
4123 0.858
4124 0.856
4125 0.859
4126 0.857
4127 0.859
4128 0.859
4129 0.859
4130 0.859
4131 0.863
4132 0.86
4133 0.857
4134 0.858
4135 0.856
4136 0.855
4137 0.854
4138 0.857
4139 0.86
4140 0.859
4141 0.86
4142 0.857
4143 0.858
4144 0.859
4145 0.864
4146 0.862
4147 0.86
4148 0.857
4149 0.857
4150 0.852
4151 0.852
4152 0.852
4153 0.852
4154 0.855
4155 0.853
4156 0.85
4157 0.854
4158 0.853
4159 0.855
4160 0.854
4161 0.855
4162 0.856
4163 0.855
4164 0.859
4165 0.85
4166 0.851
4167 0.851
4168 0.854
4169 0.859
4170 0.86
4171 0.853
4172 0.854
4173 0.853
4174 0.852
4175 0.851
4176 0.859
4177 0.861
4178 0.865
4179 0.864
4180 0.856
4181 0.861
4182 0.859
4183 0.859
4184 0.856
4185 0.856
4186 0.854
4187 0.861
4188 0.862
4189 0.857
4190 0.866
4191 0.868
4192 0.87
4193 0.868
4194 0.866
4195 0.87
4196 0.87
4197 0.871
4198 0.867
4199 0.862
4200 0.866
4201 0.865
4202 0.858
4203 0.866
4204 0.869
4205 0.864
4206 0.861
4207 0.876
4208 0.874
4209 0.88
4210 0.872
4211 0.878
4212 0.881
4213 0.867
4214 0.871
4215 0.871
4216 0.876
4217 0.878
4218 0.877
4219 0.881
4220 0.882
4221 0.876
4222 0.874
4223 0.884
4224 0.885
4225 0.891
4226 0.892
4227 0.882
4228 0.887
4229 0.883
4230 0.899
4231 0.886
4232 0.896
4233 0.895
4234 0.905
4235 0.907
4236 0.9
4237 0.896
4238 0.894
4239 0.899
4240 0.9
4241 0.9
4242 0.896
4243 0.891
4244 0.884
4245 0.891
4246 0.895
4247 0.887
4248 0.893
4249 0.879
4250 0.884
4251 0.881
4252 0.87
4253 0.87
4254 0.876
4255 0.888
4256 0.883
4257 0.884
4258 0.882
4259 0.887
4260 0.887
4261 0.879
4262 0.89
4263 0.894
4264 0.898
4265 0.891
4266 0.894
4267 0.904
4268 0.9
4269 0.898
4270 0.907
4271 0.898
4272 0.898
4273 0.913
4274 0.903
4275 0.901
4276 0.908
4277 0.914
4278 0.911
4279 0.914
4280 0.914
4281 0.91
4282 0.914
4283 0.91
4284 0.913
4285 0.9
4286 0.916
4287 0.903
4288 0.915
4289 0.922
4290 0.921
4291 0.91
4292 0.921
4293 0.91
4294 0.899
4295 0.899
4296 0.907
4297 0.904
4298 0.897
4299 0.891
4300 0.89
4301 0.889
4302 0.899
4303 0.897
4304 0.895
4305 0.888
4306 0.899
4307 0.906
4308 0.897
4309 0.891
4310 0.875
4311 0.885
4312 0.879
4313 0.881
4314 0.88
4315 0.884
4316 0.886
4317 0.873
4318 0.875
4319 0.858
4320 0.855
4321 0.864
4322 0.857
4323 0.855
4324 0.835
4325 0.814
4326 0.811
4327 0.817
4328 0.783
4329 0.787
4330 0.782
4331 0.781
4332 0.772
4333 0.764
4334 0.757
4335 0.769
4336 0.762
4337 0.764
4338 0.751
4339 0.752
4340 0.749
4341 0.756
4342 0.743
4343 0.749
4344 0.754
4345 0.736
4346 0.723
4347 0.732
4348 0.729
4349 0.725
4350 0.739
4351 0.728
4352 0.74
4353 0.756
4354 0.736
4355 0.735
4356 0.733
4357 0.722
4358 0.726
4359 0.724
4360 0.719
4361 0.717
4362 0.711
4363 0.703
4364 0.716
4365 0.694
4366 0.711
4367 0.702
4368 0.708
4369 0.72
4370 0.705
4371 0.693
4372 0.711
4373 0.717
4374 0.721
4375 0.714
4376 0.718
4377 0.718
4378 0.733
4379 0.686
4380 0.697
4381 0.695
4382 0.691
4383 0.682
4384 0.679
4385 0.688
4386 0.672
4387 0.697
4388 0.658
4389 0.653
4390 0.645
4391 0.641
4392 0.655
4393 0.64
4394 0.606
4395 0.619
4396 0.594
4397 0.607
4398 0.603
4399 0.596
4400 0.582
4401 0.588
4402 0.567
4403 0.548
4404 0.568
4405 0.535
4406 0.536
4407 0.545
4408 0.53
4409 0.527
4410 0.523
4411 0.518
4412 0.507
4413 0.501
4414 0.537
4415 0.517
4416 0.525
4417 0.551
4418 0.569
4419 0.551
4420 0.554
4421 0.573
4422 0.567
4423 0.571
4424 0.583
4425 0.597
4426 0.61
4427 0.594
4428 0.595
4429 0.594
4430 0.603
4431 0.602
4432 0.594
4433 0.601
4434 0.603
4435 0.591
4436 0.572
4437 0.589
4438 0.574
4439 0.587
4440 0.583
4441 0.595
4442 0.59
4443 0.584
4444 0.578
4445 0.599
4446 0.601
4447 0.594
4448 0.615
4449 0.617
4450 0.625
4451 0.614
4452 0.628
4453 0.61
4454 0.608
4455 0.597
4456 0.6
4457 0.608
4458 0.632
4459 0.605
4460 0.6
4461 0.609
4462 0.593
4463 0.6
4464 0.607
4465 0.612
4466 0.616
4467 0.623
4468 0.64
4469 0.652
4470 0.659
4471 0.657
4472 0.66
4473 0.664
4474 0.68
4475 0.69
4476 0.668
4477 0.68
4478 0.67
4479 0.656
4480 0.65
4481 0.639
4482 0.641
4483 0.603
4484 0.604
4485 0.614
4486 0.606
4487 0.587
4488 0.575
4489 0.571
4490 0.589
4491 0.581
4492 0.591
4493 0.587
4494 0.588
4495 0.586
4496 0.586
4497 0.592
4498 0.598
4499 0.593
4500 0.608
4501 0.621
4502 0.62
4503 0.62
4504 0.646
4505 0.66
4506 0.655
4507 0.67
4508 0.682
4509 0.69
4510 0.707
4511 0.714
4512 0.745
4513 0.747
4514 0.757
4515 0.775
4516 0.803
4517 0.817
4518 0.834
4519 0.828
4520 0.846
4521 0.846
4522 0.848
4523 0.848
4524 0.846
4525 0.871
4526 0.88
4527 0.875
4528 0.899
4529 0.9
4530 0.908
4531 0.907
4532 0.902
4533 0.912
4534 0.928
4535 0.909
4536 0.925
4537 0.922
4538 0.924
4539 0.925
4540 0.927
4541 0.909
4542 0.923
4543 0.914
4544 0.915
4545 0.925
4546 0.93
4547 0.922
4548 0.907
4549 0.912
4550 0.907
4551 0.905
4552 0.915
4553 0.902
4554 0.903
4555 0.909
4556 0.904
4557 0.898
4558 0.888
4559 0.87
4560 0.866
4561 0.848
4562 0.864
4563 0.856
4564 0.843
4565 0.816
4566 0.797
4567 0.801
4568 0.796
4569 0.8
4570 0.788
4571 0.733
4572 0.728
4573 0.731
4574 0.727
4575 0.716
4576 0.725
4577 0.716
4578 0.706
4579 0.689
4580 0.682
4581 0.676
4582 0.67
4583 0.674
4584 0.669
4585 0.673
4586 0.684
4587 0.68
4588 0.679
4589 0.676
4590 0.675
4591 0.687
4592 0.712
4593 0.731
4594 0.735
4595 0.731
4596 0.732
4597 0.748
4598 0.731
4599 0.739
4600 0.752
4601 0.757
4602 0.751
4603 0.746
4604 0.746
4605 0.739
4606 0.733
4607 0.744
4608 0.734
4609 0.719
4610 0.751
4611 0.722
4612 0.752
4613 0.731
4614 0.738
4615 0.719
4616 0.729
4617 0.72
4618 0.726
4619 0.723
4620 0.678
4621 0.687
4622 0.704
4623 0.678
4624 0.6
4625 0.589
4626 0.579
4627 0.568
4628 0.578
4629 0.575
4630 0.562
4631 0.579
4632 0.567
4633 0.585
4634 0.583
4635 0.582
4636 0.581
4637 0.583
4638 0.599
4639 0.618
4640 0.651
4641 0.667
4642 0.668
4643 0.69
4644 0.692
4645 0.709
4646 0.709
4647 0.708
4648 0.714
4649 0.715
4650 0.724
4651 0.698
4652 0.721
4653 0.707
4654 0.721
4655 0.72
4656 0.716
4657 0.713
4658 0.726
4659 0.702
4660 0.672
4661 0.673
4662 0.666
4663 0.662
4664 0.661
4665 0.644
4666 0.634
4667 0.639
4668 0.626
4669 0.649
4670 0.613
4671 0.619
4672 0.625
4673 0.618
4674 0.614
4675 0.616
4676 0.539
4677 0.547
4678 0.531
4679 0.541
4680 0.492
4681 0.468
4682 0.45
4683 0.443
4684 0.447
4685 0.388
4686 0.384
4687 0.371
4688 0.372
4689 0.367
4690 0.37
4691 0.359
4692 0.366
4693 0.375
4694 0.36
4695 0.365
4696 0.355
4697 0.362
4698 0.353
4699 0.355
4700 0.358
4701 0.364
4702 0.375
4703 0.371
4704 0.371
4705 0.373
4706 0.378
4707 0.386
4708 0.398
4709 0.381
4710 0.392
4711 0.405
4712 0.421
4713 0.43
4714 0.473
4715 0.484
4716 0.492
4717 0.513
4718 0.541
4719 0.54
4720 0.58
4721 0.557
4722 0.565
4723 0.576
4724 0.564
4725 0.579
4726 0.568
4727 0.578
4728 0.556
4729 0.565
4730 0.53
4731 0.516
4732 0.519
4733 0.527
4734 0.521
4735 0.517
4736 0.512
4737 0.511
4738 0.491
4739 0.473
4740 0.475
4741 0.463
4742 0.472
4743 0.459
4744 0.456
4745 0.422
4746 0.399
4747 0.386
4748 0.371
4749 0.381
4750 0.339
4751 0.32
4752 0.329
4753 0.31
4754 0.295
4755 0.296
4756 0.279
4757 0.274
4758 0.264
4759 0.244
4760 0.234
4761 0.229
4762 0.221
4763 0.214
4764 0.21
4765 0.199
4766 0.198
4767 0.182
4768 0.159
4769 0.168
4770 0.161
4771 0.157
4772 0.14
4773 0.147
4774 0.134
4775 0.127
4776 0.121
4777 0.105
4778 0.095
4779 0.093
4780 0.083
4781 0.075
4782 0.069
4783 0.072
4784 0.066
4785 0.063
4786 0.058
4787 0.05
4788 0.043
4789 0.039
4790 0.033
4791 0.027
4792 0.027
4793 0.017
4794 0.017
4795 0.014
4796 0.009
4797 0.008
4798 0.004
4799 0.003
4800 0.002
4801 0
4802 0
4803 0
4804 0
4805 0
4806 0
4807 0
4808 0
4809 0
4810 0
4811 0.001
4812 0.001
4813 0.001
4814 0.001
4815 0.001
4816 0.001
4817 0.002
4818 0.002
4819 0.002
4820 0
4821 0
4822 0
4823 0
4824 0
4825 0
4826 0
4827 0.002
4828 0.002
4829 0.002
4830 0.002
4831 0.002
4832 0.002
4833 0.002
4834 0.005
4835 0.005
4836 0.005
4837 0.007
4838 0.007
4839 0.008
4840 0.007
4841 0.007
4842 0.006
4843 0.006
4844 0.006
4845 0.007
4846 0.008
4847 0.008
4848 0.007
4849 0.006
4850 0.005
4851 0.006
4852 0.008
4853 0.007
4854 0.007
4855 0.007
4856 0.007
4857 0.007
4858 0.007
4859 0.008
4860 0.007
4861 0.006
4862 0.005
4863 0.006
4864 0.005
4865 0.006
4866 0.006
4867 0.006
4868 0.007
4869 0.007
4870 0.007
4871 0.007
4872 0.007
4873 0.008
4874 0.007
4875 0.007
4876 0.007
4877 0.007
4878 0.006
4879 0.005
4880 0.005
4881 0.005
4882 0.005
4883 0.005
4884 0.005
4885 0.006
4886 0.006
4887 0.007
4888 0.007
4889 0.007
4890 0.007
4891 0.006
4892 0.005
4893 0.005
4894 0.004
4895 0.004
4896 0.005
4897 0.005
4898 0.003
4899 0.003
4900 0.002
4901 0.002
4902 0.001
4903 0.001
4904 0.001
4905 0.001
4906 0
4907 0
4908 0
4909 0
4910 0
4911 0
4912 0
4913 0
4914 0
4915 0
4916 0.004
4917 0.012
4918 0.027
4919 0.03
4920 0.041
4921 0.039
4922 0.038
4923 0.049
4924 0.047
4925 0.049
4926 0.059
4927 0.066
4928 0.074
4929 0.089
4930 0.093
4931 0.107
4932 0.109
4933 0.107
4934 0.105
4935 0.118
4936 0.118
4937 0.117
4938 0.115
4939 0.128
4940 0.13
4941 0.131
4942 0.122
4943 0.124
4944 0.117
4945 0.12
4946 0.109
4947 0.116
4948 0.12
4949 0.122
4950 0.114
4951 0.113
4952 0.112
4953 0.111
4954 0.109
4955 0.105
4956 0.092
4957 0.086
4958 0.083
4959 0.088
4960 0.081
4961 0.082
4962 0.075
4963 0.075
4964 0.069
4965 0.066
4966 0.067
4967 0.068
4968 0.073
4969 0.075
4970 0.083
4971 0.081
4972 0.087
4973 0.094
4974 0.1
4975 0.104
4976 0.11
4977 0.115
4978 0.109
4979 0.112
4980 0.114
4981 0.112
4982 0.114
4983 0.112
4984 0.11
4985 0.113
4986 0.104
4987 0.108
4988 0.103
4989 0.096
4990 0.113
4991 0.111
4992 0.104
4993 0.106
4994 0.102
4995 0.096
4996 0.101
4997 0.101
4998 0.098
4999 0.104
5000 0.1
5001 0.102
5002 0.097
5003 0.089
5004 0.087
5005 0.082
5006 0.08
5007 0.086
5008 0.088
5009 0.085
5010 0.083
5011 0.073
5012 0.069
5013 0.062
5014 0.055
5015 0.051
5016 0.056
5017 0.049
5018 0.042
5019 0.03
5020 0.032
5021 0.028
5022 0.033
5023 0.026
5024 0.028
5025 0.026
5026 0.021
5027 0.021
5028 0.02
5029 0.022
5030 0.019
5031 0.016
5032 0.016
5033 0.014
5034 0.013
5035 0.014
5036 0.014
5037 0.019
5038 0.016
5039 0.019
5040 0.018
5041 0.015
5042 0.015
5043 0.016
5044 0.02
5045 0.019
5046 0.021
5047 0.021
5048 0.023
5049 0.023
5050 0.028
5051 0.031
5052 0.047
5053 0.052
5054 0.051
5055 0.07
5056 0.074
5057 0.077
5058 0.086
5059 0.091
5060 0.099
5061 0.113
5062 0.115
5063 0.13
5064 0.139
5065 0.157
5066 0.16
5067 0.177
5068 0.194
5069 0.192
5070 0.214
5071 0.225
5072 0.23
5073 0.236
5074 0.239
5075 0.248
5076 0.261
5077 0.268
5078 0.263
5079 0.267
5080 0.262
5081 0.269
5082 0.262
5083 0.263
5084 0.25
5085 0.243
5086 0.223
5087 0.223
5088 0.228
5089 0.209
5090 0.202
5091 0.195
5092 0.173
5093 0.184
5094 0.17
5095 0.157
5096 0.171
5097 0.171
5098 0.163
5099 0.163
5100 0.158
5101 0.151
5102 0.141
5103 0.141
5104 0.137
5105 0.134
5106 0.123
5107 0.115
5108 0.105
5109 0.097
5110 0.085
5111 0.094
5112 0.09
5113 0.081
5114 0.087
5115 0.082
5116 0.082
5117 0.082
5118 0.073
5119 0.063
5120 0.068
5121 0.051
5122 0.046
5123 0.039
5124 0.029
5125 0.023
5126 0.018
5127 0.012
5128 0.006
5129 0.005
5130 0.002
5131 0.002
5132 0.002
5133 0.002
5134 0
5135 0
5136 0
5137 0
5138 0.001
5139 0
5140 0.001
5141 0.001
5142 0.001
5143 0.001
5144 0.001
5145 0.001
5146 0.001
5147 0.001
5148 0.001
5149 0.001
5150 0.001
5151 0.001
5152 0.001
5153 0.001
5154 0.001
5155 0.001
5156 0.001
5157 0.001
5158 0.001
5159 0
5160 0
5161 0
5162 0
5163 0
5164 0
5165 0
5166 0
5167 0
5168 0
5169 0
5170 0
5171 0
5172 0
5173 0
5174 0.001
5175 0.001
5176 0.001
5177 0.001
5178 0.001
5179 0.001
5180 0.001
5181 0.001
5182 0.001
5183 0.001
5184 0
5185 0
5186 0
5187 0
5188 0
5189 0
5190 0
5191 0
5192 0
5193 0
5194 0
5195 0
5196 0.001
5197 0
5198 0
5199 0
5200 0
5201 0
5202 0
5203 0
5204 0
5205 0
5206 0
5207 0
5208 0
5209 0
5210 0
5211 0.001
5212 0.001
5213 0.001
5214 0.001
5215 0.001
5216 0.001
5217 0.001
5218 0.001
5219 0.001
5220 0
5221 0
5222 0
5223 0
5224 0
5225 0
5226 0
5227 0
5228 0
5229 0
5230 0
5231 0.001
5232 0.001
5233 0.001
5234 0.001
5235 0.001
5236 0.001
5237 0.001
5238 0.001
5239 0.001
5240 0.001
5241 0.001
5242 0.001
5243 0.001
5244 0.001
5245 0
5246 0
5247 0
5248 0.001
5249 0.001
5250 0.001
5251 0.001
5252 0.001
5253 0.001
5254 0.001
5255 0.001
5256 0.001
5257 0.007
5258 0.019
5259 0.025
5260 0.034
5261 0.042
5262 0.044
5263 0.052
5264 0.063
5265 0.065
5266 0.062
5267 0.072
5268 0.07
5269 0.073
5270 0.072
5271 0.075
5272 0.069
5273 0.069
5274 0.072
5275 0.063
5276 0.071
5277 0.074
5278 0.073
5279 0.07
5280 0.075
5281 0.073
5282 0.067
5283 0.071
5284 0.073
5285 0.066
5286 0.07
5287 0.071
5288 0.075
5289 0.08
5290 0.086
5291 0.096
5292 0.101
5293 0.118
5294 0.127
5295 0.126
5296 0.137
5297 0.15
5298 0.154
5299 0.155
5300 0.164
5301 0.161
5302 0.163
5303 0.177
5304 0.179
5305 0.181
5306 0.181
5307 0.186
5308 0.183
5309 0.186
5310 0.187
5311 0.198
5312 0.185
5313 0.193
5314 0.187
5315 0.19
5316 0.189
5317 0.184
5318 0.178
5319 0.181
5320 0.19
5321 0.188
5322 0.191
5323 0.189
5324 0.186
5325 0.186
5326 0.185
5327 0.188
5328 0.176
5329 0.195
5330 0.201
5331 0.205
5332 0.207
5333 0.22
5334 0.215
5335 0.225
5336 0.219
5337 0.218
5338 0.218
5339 0.222
5340 0.227
5341 0.219
5342 0.22
5343 0.231
5344 0.221
5345 0.226
5346 0.226
5347 0.22
5348 0.223
5349 0.224
5350 0.223
5351 0.225
5352 0.226
5353 0.245
5354 0.258
5355 0.259
5356 0.272
5357 0.278
5358 0.281
5359 0.297
5360 0.3
5361 0.304
5362 0.302
5363 0.294
5364 0.291
5365 0.29
5366 0.295
5367 0.293
5368 0.286
5369 0.288
5370 0.276
5371 0.281
5372 0.288
5373 0.283
5374 0.287
5375 0.284
5376 0.284
5377 0.288
5378 0.288
5379 0.285
5380 0.286
5381 0.286
5382 0.283
5383 0.287
5384 0.286
5385 0.295
5386 0.279
5387 0.299
5388 0.301
5389 0.295
5390 0.306
5391 0.302
5392 0.304
5393 0.311
5394 0.317
5395 0.337
5396 0.326
5397 0.332
5398 0.327
5399 0.329
5400 0.329
5401 0.331
5402 0.324
5403 0.318
5404 0.325
5405 0.334
5406 0.33
5407 0.337
5408 0.338
5409 0.329
5410 0.33
5411 0.326
5412 0.332
5413 0.327
5414 0.332
5415 0.329
5416 0.341
5417 0.343
5418 0.34
5419 0.356
5420 0.354
5421 0.356
5422 0.361
5423 0.377
5424 0.376
5425 0.378
5426 0.386
5427 0.385
5428 0.388
5429 0.383
5430 0.389
5431 0.393
5432 0.39
5433 0.394
5434 0.387
5435 0.395
5436 0.391
5437 0.395
5438 0.398
5439 0.395
5440 0.4
5441 0.418
5442 0.409
5443 0.406
5444 0.415
5445 0.416
5446 0.42
5447 0.424
5448 0.428
5449 0.436
5450 0.445
5451 0.449
5452 0.454
5453 0.455
5454 0.455
5455 0.447
5456 0.443
5457 0.449
5458 0.452
5459 0.453
5460 0.457
5461 0.45
5462 0.444
5463 0.446
5464 0.449
5465 0.457
5466 0.457
5467 0.451
5468 0.457
5469 0.457
5470 0.46
5471 0.457
5472 0.451
5473 0.45
5474 0.443
5475 0.441
5476 0.44
5477 0.444
5478 0.44
5479 0.443
5480 0.453
5481 0.448
5482 0.456
5483 0.462
5484 0.46
5485 0.465
5486 0.467
5487 0.471
5488 0.464
5489 0.473
5490 0.469
5491 0.477
5492 0.481
5493 0.483
5494 0.49
5495 0.505
5496 0.505
5497 0.511
5498 0.517
5499 0.519
5500 0.526
5501 0.53
5502 0.543
5503 0.548
5504 0.56
5505 0.562
5506 0.555
5507 0.572
5508 0.576
5509 0.584
5510 0.594
5511 0.593
5512 0.601
5513 0.606
5514 0.612
5515 0.62
5516 0.621
5517 0.624
5518 0.63
5519 0.635
5520 0.68
5521 0.686
5522 0.688
5523 0.698
5524 0.695
5525 0.691
5526 0.693
5527 0.704
5528 0.706
5529 0.716
5530 0.736
5531 0.757
5532 0.768
5533 0.775
5534 0.79
5535 0.798
5536 0.806
5537 0.809
5538 0.809
5539 0.809
5540 0.81
5541 0.816
5542 0.818
5543 0.82
5544 0.827
5545 0.861
5546 0.856
5547 0.858
5548 0.853
5549 0.856
5550 0.859
5551 0.862
5552 0.861
5553 0.855
5554 0.855
5555 0.856
5556 0.855
5557 0.855
5558 0.862
5559 0.859
5560 0.86
5561 0.851
5562 0.858
5563 0.845
5564 0.858
5565 0.86
5566 0.853
5567 0.853
5568 0.859
5569 0.858
5570 0.853
5571 0.848
5572 0.852
5573 0.851
5574 0.843
5575 0.845
5576 0.854
5577 0.851
5578 0.848
5579 0.846
5580 0.853
5581 0.849
5582 0.847
5583 0.848
5584 0.851
5585 0.845
5586 0.844
5587 0.847
5588 0.858
5589 0.865
5590 0.873
5591 0.879
5592 0.879
5593 0.877
5594 0.876
5595 0.886
5596 0.895
5597 0.893
5598 0.889
5599 0.895
5600 0.887
5601 0.885
5602 0.886
5603 0.881
5604 0.885
5605 0.885
5606 0.887
5607 0.888
5608 0.884
5609 0.886
5610 0.882
5611 0.882
5612 0.884
5613 0.887
5614 0.89
5615 0.892
5616 0.889
5617 0.895
5618 0.893
5619 0.895
5620 0.885
5621 0.886
5622 0.887
5623 0.886
5624 0.886
5625 0.891
5626 0.889
5627 0.889
5628 0.882
5629 0.886
5630 0.887
5631 0.889
5632 0.894
5633 0.891
5634 0.891
5635 0.893
5636 0.898
5637 0.896
5638 0.897
5639 0.892
5640 0.893
5641 0.896
5642 0.891
5643 0.895
5644 0.893
5645 0.881
5646 0.883
5647 0.889
5648 0.888
5649 0.89
5650 0.889
5651 0.884
5652 0.885
5653 0.892
5654 0.892
5655 0.892
5656 0.893
5657 0.888
5658 0.884
5659 0.876
5660 0.88
5661 0.881
5662 0.883
5663 0.881
5664 0.881
5665 0.88
5666 0.881
5667 0.879
5668 0.882
5669 0.885
5670 0.89
5671 0.887
5672 0.884
5673 0.887
5674 0.889
5675 0.886
5676 0.881
5677 0.878
5678 0.884
5679 0.889
5680 0.886
5681 0.888
5682 0.887
5683 0.883
5684 0.879
5685 0.881
5686 0.878
5687 0.881
5688 0.884
5689 0.884
5690 0.881
5691 0.882
5692 0.882
5693 0.883
5694 0.886
5695 0.883
5696 0.886
5697 0.885
5698 0.888
5699 0.889
5700 0.886
5701 0.887
5702 0.886
5703 0.884
5704 0.884
5705 0.881
5706 0.879
5707 0.879
5708 0.877
5709 0.876
5710 0.878
5711 0.874
5712 0.872
5713 0.873
5714 0.873
5715 0.872
5716 0.875
5717 0.874
5718 0.876
5719 0.873
5720 0.871
5721 0.87
5722 0.869
5723 0.868
5724 0.869
5725 0.871
5726 0.871
5727 0.871
5728 0.872
5729 0.872
5730 0.872
5731 0.872
5732 0.873
5733 0.872
5734 0.873
5735 0.875
5736 0.875
5737 0.873
