1 0.0753633
4 0.0784609
7 0.092375
10 0.105078
13 0.109047
16 0.112887
19 0.115078
22 0.116371
25 0.119961
28 0.127375
31 0.130277
34 0.131035
37 0.130672
40 0.131566
43 0.133074
46 0.135441
49 0.135797
52 0.135762
55 0.134453
58 0.133242
61 0.132559
64 0.13209
67 0.133766
70 0.134371
73 0.137273
76 0.140219
79 0.142137
82 0.148918
85 0.16568
88 0.18316
91 0.199414
94 0.20275
97 0.205352
100 0.207359
103 0.208516
106 0.205605
109 0.213379
112 0.224914
115 0.234613
118 0.241238
121 0.238543
124 0.23793
127 0.238785
130 0.241832
133 0.248633
136 0.252496
139 0.255477
142 0.254402
145 0.252609
148 0.248684
151 0.245125
154 0.241965
157 0.2375
160 0.234059
163 0.231
166 0.228594
169 0.227883
172 0.228145
175 0.226598
178 0.225027
181 0.224996
184 0.223973
187 0.221605
190 0.221398
193 0.221254
196 0.221852
199 0.221965
202 0.22266
205 0.223438
208 0.222164
211 0.222734
214 0.222051
217 0.221449
220 0.222062
223 0.22132
226 0.22084
229 0.220441
232 0.220391
235 0.221066
238 0.220598
241 0.219609
244 0.22152
247 0.220938
250 0.220109
253 0.219246
256 0.218996
259 0.21927
262 0.218348
265 0.218531
268 0.217938
271 0.218238
274 0.217957
277 0.217527
280 0.216531
283 0.216984
286 0.217762
289 0.215879
292 0.214352
295 0.215195
298 0.214965
301 0.214789
304 0.215094
307 0.214996
310 0.215758
313 0.216012
316 0.218289
319 0.217727
322 0.218789
325 0.219312
328 0.219527
331 0.219004
334 0.219102
337 0.218895
340 0.21952
343 0.225289
346 0.231379
349 0.233172
352 0.23275
355 0.231969
358 0.231363
361 0.231359
364 0.230832
367 0.230391
370 0.228895
373 0.228063
376 0.226926
379 0.226254
382 0.226039
385 0.22766
388 0.231992
391 0.237414
394 0.239195
397 0.243062
400 0.24482
403 0.247062
406 0.24998
409 0.255188
412 0.261422
415 0.272918
418 0.283328
421 0.292395
424 0.304617
427 0.317367
430 0.329977
433 0.342496
436 0.35534
439 0.363809
442 0.371437
445 0.382844
448 0.386832
451 0.393008
454 0.398598
457 0.402672
460 0.406574
463 0.410703
466 0.411828
469 0.412109
472 0.418137
475 0.418598
478 0.416863
481 0.416926
484 0.416625
487 0.416723
490 0.415004
493 0.415738
496 0.415734
499 0.418711
502 0.43252
505 0.452035
508 0.465844
511 0.474148
514 0.477563
517 0.485719
520 0.507617
523 0.517023
526 0.526121
529 0.531273
532 0.532586
535 0.534668
538 0.534855
541 0.532668
544 0.532871
547 0.531762
550 0.529551
553 0.527945
556 0.524816
559 0.522625
562 0.521234
565 0.518176
568 0.516891
571 0.51893
574 0.525234
577 0.53482
580 0.546168
583 0.558352
586 0.572008
589 0.58434
592 0.596023
595 0.622617
598 0.639223
601 0.651227
604 0.65848
607 0.672336
610 0.686535
613 0.693859
616 0.696543
619 0.697102
622 0.708633
625 0.708113
628 0.706691
631 0.710492
634 0.71402
637 0.717016
640 0.719414
643 0.720238
646 0.74134
649 0.744801
652 0.747094
655 0.748684
658 0.74918
661 0.748535
664 0.749367
667 0.747953
670 0.747625
673 0.74684
676 0.746316
679 0.746215
682 0.747379
685 0.746406
688 0.745367
691 0.744742
694 0.744883
697 0.75052
700 0.749211
703 0.74893
706 0.752109
709 0.754004
712 0.758535
715 0.759871
718 0.770035
721 0.817336
724 0.818254
727 0.818176
730 0.818156
733 0.820523
736 0.827441
739 0.832324
742 0.837648
745 0.854207
748 0.856227
751 0.861762
754 0.862062
757 0.86323
760 0.863672
763 0.868594
766 0.87084
769 0.873957
772 0.885953
775 0.886605
778 0.88623
781 0.886215
784 0.885574
787 0.884934
790 0.883707
793 0.882445
796 0.878391
799 0.876715
802 0.873285
805 0.87052
808 0.868633
811 0.870789
814 0.879664
817 0.882492
820 0.88532
823 0.885441
826 0.886898
829 0.886879
832 0.888352
835 0.887914
838 0.888223
841 0.888613
844 0.889133
847 0.88975
850 0.889188
853 0.889363
856 0.889195
859 0.888977
862 0.888781
865 0.889207
868 0.889387
871 0.888449
874 0.888531
877 0.888555
880 0.889707
883 0.889531
886 0.889449
889 0.889699
892 0.889238
895 0.889055
898 0.88916
901 0.889152
904 0.88948
907 0.889555
910 0.889973
913 0.890258
916 0.890348
919 0.889938
922 0.89018
925 0.890734
928 0.890641
931 0.888262
934 0.888559
937 0.888711
940 0.889219
943 0.88873
946 0.88827
949 0.888488
952 0.888645
955 0.890102
958 0.889836
961 0.889578
964 0.889578
967 0.889609
970 0.889332
973 0.888863
976 0.888293
979 0.887273
982 0.885887
985 0.88616
988 0.886629
991 0.887773
994 0.888129
997 0.888176
1000 0.889043
1003 0.889625
1006 0.890008
1009 0.890137
1012 0.886551
1015 0.886738
1018 0.886781
1021 0.887391
1024 0.887145
1027 0.886773
1030 0.886914
1033 0.887242
1036 0.887727
1039 0.887488
1042 0.887406
1045 0.887504
1048 0.887137
1051 0.887379
1054 0.887738
1057 0.887648
1060 0.888441
1063 0.887508
1066 0.887141
1069 0.887008
1072 0.887012
1075 0.88718
1078 0.88734
1081 0.887441
1084 0.887242
1087 0.885535
1090 0.886105
1093 0.885949
1096 0.885902
1099 0.886164
1102 0.886207
1105 0.886234
1108 0.886289
1111 0.885387
1114 0.88532
1117 0.885566
1120 0.886465
1123 0.886566
1126 0.886031
1129 0.885617
1132 0.885758
1135 0.885887
1138 0.88698
1141 0.88709
1144 0.886578
1147 0.886852
1150 0.88766
1153 0.888617
1156 0.888367
1159 0.887789
1162 0.88582
1165 0.885727
1168 0.88648
1171 0.886949
1174 0.886949
1177 0.887367
1180 0.88773
1183 0.887879
1186 0.886359
1189 0.8865
1192 0.886332
1195 0.886805
1198 0.887141
1201 0.887625
1204 0.887414
1207 0.887488
1210 0.887473
1213 0.888684
1216 0.888199
1219 0.888258
1222 0.88852
1225 0.888727
1228 0.888672
1231 0.88893
1234 0.888395
1237 0.88848
1240 0.887453
1243 0.88741
1246 0.888254
1249 0.888301
1252 0.887617
1255 0.887523
1258 0.887211
1261 0.885484
1264 0.886059
1267 0.886406
1270 0.886125
1273 0.88623
1276 0.88716
1279 0.888141
1282 0.887934
1285 0.888082
1288 0.887004
1291 0.88702
1294 0.886652
1297 0.886656
1300 0.887672
1303 0.887875
1306 0.887652
1309 0.888629
1312 0.887633
1315 0.887352
1318 0.887621
1321 0.888242
1324 0.888613
1327 0.889008
1330 0.889148
1333 0.888957
1336 0.887848
1339 0.887813
1342 0.887836
1345 0.887605
1348 0.887605
1351 0.88723
1354 0.887098
1357 0.88748
1360 0.887102
1363 0.88691
1366 0.886824
1369 0.886926
1372 0.888578
1375 0.888336
1378 0.888477
1381 0.888754
1384 0.888508
1387 0.889379
1390 0.889168
1393 0.889301
1396 0.890082
1399 0.890379
1402 0.891012
1405 0.891281
1408 0.891527
1411 0.890855
1414 0.89068
1417 0.891074
1420 0.890621
1423 0.890852
1426 0.890391
1429 0.890109
1432 0.889266
1435 0.889293
1438 0.890363
1441 0.888844
1444 0.888043
1447 0.888988
1450 0.88784
1453 0.889727
1456 0.888785
1459 0.88991
1462 0.891191
1465 0.892855
1468 0.894645
1471 0.895453
1474 0.894992
1477 0.894586
1480 0.894457
1483 0.892852
1486 0.893023
1489 0.893578
1492 0.895598
1495 0.894898
1498 0.895676
1501 0.896875
1504 0.897879
1507 0.898043
1510 0.900785
1513 0.904789
1516 0.904559
1519 0.905051
1522 0.902781
1525 0.90302
1528 0.905008
1531 0.90532
1534 0.902215
1537 0.900977
1540 0.899992
1543 0.89657
1546 0.898695
1549 0.897801
1552 0.889012
1555 0.882496
1558 0.884227
1561 0.885844
1564 0.886602
1567 0.887152
1570 0.885789
1573 0.884758
1576 0.890027
1579 0.895422
1582 0.901215
1585 0.89909
1588 0.897695
1591 0.89391
1594 0.890281
1597 0.892652
1600 0.889934
1603 0.891582
1606 0.888539
1609 0.894363
1612 0.899605
1615 0.899219
1618 0.899469
1621 0.898469
1624 0.902059
1627 0.907809
1630 0.915562
1633 0.918258
1636 0.918504
1639 0.917082
1642 0.915035
1645 0.912012
1648 0.912508
1651 0.910727
1654 0.909684
1657 0.904156
1660 0.902004
1663 0.899668
1666 0.898238
1669 0.902176
1672 0.908473
1675 0.90957
1678 0.9045
1681 0.894145
1684 0.884207
1687 0.873457
1690 0.867715
1693 0.87007
1696 0.869699
1699 0.867062
1702 0.866691
1705 0.867855
1708 0.859
1711 0.839316
1714 0.827668
1717 0.822129
1720 0.819461
1723 0.818742
1726 0.814797
1729 0.809363
1732 0.791641
1735 0.73157
1738 0.653102
1741 0.60534
1744 0.565
1747 0.554219
1750 0.506188
1753 0.487625
1756 0.479977
1759 0.472352
1762 0.464062
1765 0.456727
1768 0.47493
1771 0.477137
1774 0.490609
1777 0.491031
1780 0.474203
1783 0.458027
1786 0.446266
1789 0.424844
1792 0.408789
1795 0.392371
1798 0.382316
1801 0.388078
1804 0.389945
1807 0.392246
1810 0.397297
1813 0.386664
1816 0.372836
1819 0.370621
1822 0.37391
1825 0.36909
1828 0.357367
1831 0.344496
1834 0.331172
1837 0.317211
1840 0.302828
1843 0.282074
1846 0.266035
1849 0.248762
1852 0.225324
1855 0.215434
1858 0.22018
1861 0.213422
1864 0.19684
1867 0.189707
1870 0.210203
1873 0.223469
1876 0.227117
1879 0.236328
1882 0.254703
1885 0.270504
1888 0.296332
1891 0.319086
1894 0.33866
1897 0.340863
1900 0.36043
1903 0.420277
1906 0.472473
1909 0.488496
1912 0.466586
1915 0.452121
1918 0.436234
1921 0.422965
1924 0.412379
1927 0.377605
1930 0.353758
1933 0.314945
1936 0.295055
1939 0.28318
1942 0.271215
1945 0.264723
1948 0.24025
1951 0.2165
1954 0.187863
1957 0.164441
1960 0.140602
1963 0.115895
1966 0.091125
1969 0.0637812
1972 0.0336445
1975 0.0182891
1978 0.00901172
1981 0.00785547
1984 0.00700781
1987 0.00558594
1990 0.00458984
1993 0.00471484
1996 0.00446484
1999 0.00414063
2002 0.0176719
2005 0.0510664
2008 0.0912266
2011 0.135723
2014 0.180418
2017 0.23675
2020 0.290039
2023 0.316965
2026 0.360531
2029 0.398656
2032 0.405406
2035 0.391523
2038 0.354961
2041 0.334215
2044 0.283359
2047 0.260285
2050 0.238945
2053 0.219348
2056 0.197961
2059 0.173652
2062 0.135125
2065 0.110879
2068 0.0872461
2071 0.0786523
2074 0.0602109
2077 0.0425
2080 0.0265547
2083 0.0151758
2086 0.0149297
2089 0.0136172
2092 0.0129609
2095 0.0130547
2098 0.0137773
2101 0.0178945
2104 0.0295
2107 0.0456875
2110 0.0689258
2113 0.0975312
2116 0.129688
2119 0.171773
2122 0.215484
2125 0.279391
2128 0.362867
2131 0.433961
2134 0.47693
2137 0.511953
2140 0.512855
2143 0.503805
2146 0.490055
2149 0.475055
2152 0.390164
2155 0.338129
2158 0.326703
2161 0.316668
2164 0.311363
2167 0.298383
2170 0.282926
2173 0.268164
2176 0.234473
2179 0.207555
2182 0.167723
2185 0.134168
2188 0.105469
2191 0.0787148
2194 0.0571094
2197 0.0405703
2200 0.0269727
2203 0.0182578
2206 0.0143281
2209 0.0107617
2212 0.00558984
2215 0.00227344
2218 0.00237109
2221 0.002125
2224 0.00249609
2227 0.00274609
2230 0.00303906
2233 0.00323437
2236 0.00384375
2239 0.00361328
2242 0.00357031
2245 0.00341016
2248 0.00401172
2251 0.00468359
2254 0.00608594
2257 0.00578125
2260 0.00712891
2263 0.00830859
2266 0.0113984
2269 0.0269961
2272 0.0483008
2275 0.0710547
2278 0.0830078
2281 0.0923633
2284 0.0997852
2287 0.104676
2290 0.106117
2293 0.104121
2296 0.100887
2299 0.104984
2302 0.111297
2305 0.113043
2308 0.111195
2311 0.10857
2314 0.0984414
2317 0.0886523
2320 0.0781641
2323 0.0707305
2326 0.0621484
2329 0.0579687
2332 0.0518203
2335 0.0412773
2338 0.0334258
2341 0.0289297
2344 0.0239492
2347 0.019668
2350 0.0176094
2353 0.0208281
2356 0.0186719
2359 0.0172891
2362 0.0158945
2365 0.0162227
2368 0.0165039
2371 0.0168359
2374 0.0176211
2377 0.0158984
2380 0.0149766
2383 0.0180937
2386 0.0514727
2389 0.0780898
2392 0.084418
2395 0.0898281
2398 0.0899414
2401 0.0883359
2404 0.0881836
2407 0.0878281
2410 0.0827461
2413 0.0807852
2416 0.0611133
2419 0.0509688
2422 0.0355625
2425 0.0224258
2428 0.010668
2431 0.00159766
2434 0.0245508
2437 0.0451836
2440 0.0513867
2443 0.0554766
2446 0.0562344
2449 0.0579961
2452 0.0564219
2455 0.0568164
2458 0.0554648
2461 0.0567227
2464 0.0482148
2467 0.0347734
2470 0.0250469
2473 0.017582
2476 0.015082
2479 0.0164922
2482 0.0170977
2485 0.0180547
2488 0.0191914
2491 0.0202539
2494 0.0197773
2497 0.0201484
2500 0.0204102
2503 0.0203203
2506 0.0206641
2509 0.0350703
2512 0.0585312
2515 0.0759023
2518 0.0758438
2521 0.080168
2524 0.0848437
2527 0.0887227
2530 0.0920156
2533 0.0914609
2536 0.0915508
2539 0.0925977
2542 0.089457
2545 0.0886094
2548 0.0847813
2551 0.0733984
2554 0.0650078
2557 0.0508711
2560 0.0362656
2563 0.0233984
2566 0.0121602
2569 0.00419531
2572 0.00169922
2575 0.00177344
2578 0.00171875
2581 0.00166406
2584 0.00158203
2587 0.00203125
2590 0.00190625
2593 0.00194531
2596 0.00186328
2599 0.00171484
2602 0.00178906
2605 0.00182031
2608 0.00196094
2611 0.00213281
2614 0.00176953
2617 0.00183984
2620 0.00173047
2623 0.00189453
2626 0.0193437
2629 0.039918
2632 0.0487461
2635 0.0528633
2638 0.0700586
2641 0.096793
2644 0.131387
2647 0.163254
2650 0.191336
2653 0.210734
2656 0.21425
2659 0.218676
2662 0.219641
2665 0.20877
2668 0.197762
2671 0.198898
2674 0.203254
2677 0.206375
2680 0.193543
2683 0.171914
2686 0.155484
2689 0.145617
2692 0.134531
2695 0.122145
2698 0.106398
2701 0.0943164
2704 0.0791641
2707 0.0680039
2710 0.0639805
2713 0.0654688
2716 0.0666875
2719 0.0662109
2722 0.0635586
2725 0.0641211
2728 0.0728203
2731 0.0912656
2734 0.104242
2737 0.110766
2740 0.113184
2743 0.114586
2746 0.117227
2749 0.122414
2752 0.124156
2755 0.126672
2758 0.12743
2761 0.129602
2764 0.130789
2767 0.13282
2770 0.133687
2773 0.134957
2776 0.135813
2779 0.138395
2782 0.141898
2785 0.141723
2788 0.140906
2791 0.142813
2794 0.14293
2797 0.142629
2800 0.142574
2803 0.142582
2806 0.142441
2809 0.142844
2812 0.142773
2815 0.143461
2818 0.143676
2821 0.144125
2824 0.144137
2827 0.143625
2830 0.14298
2833 0.143187
2836 0.146766
2839 0.147148
2842 0.146328
2845 0.144836
2848 0.144832
2851 0.145957
2854 0.145734
2857 0.145934
2860 0.146793
2863 0.145645
2866 0.14702
2869 0.148398
2872 0.149727
2875 0.149078
2878 0.149074
2881 0.155656
2884 0.159105
2887 0.161566
2890 0.162516
2893 0.160457
2896 0.158473
2899 0.157797
2902 0.157723
2905 0.15673
2908 0.156715
2911 0.15534
2914 0.155078
2917 0.154691
2920 0.153352
2923 0.154348
2926 0.154406
2929 0.155254
2932 0.159168
2935 0.161148
2938 0.163105
2941 0.165039
2944 0.166836
2947 0.173324
2950 0.181289
2953 0.190152
2956 0.199473
2959 0.213926
2962 0.238621
2965 0.255027
2968 0.274836
2971 0.297469
2974 0.323984
2977 0.344605
2980 0.358473
2983 0.388062
2986 0.447434
2989 0.454301
2992 0.511477
2995 0.561676
2998 0.638102
3001 0.755922
3004 0.811301
3007 0.838762
3010 0.843129
3013 0.888816
3016 0.891973
3019 0.900992
3022 0.905215
3025 0.906855
3028 0.907758
3031 0.910242
3034 0.910754
3037 0.913281
3040 0.913039
3043 0.911258
3046 0.910094
3049 0.908832
3052 0.908602
3055 0.908738
3058 0.907445
3061 0.904184
3064 0.901586
3067 0.899008
3070 0.899004
3073 0.896375
3076 0.893371
3079 0.892809
3082 0.892105
3085 0.891371
3088 0.887875
3091 0.88584
3094 0.881918
3097 0.880734
3100 0.878332
3103 0.880012
3106 0.881641
3109 0.88173
3112 0.883441
3115 0.881535
3118 0.878395
3121 0.877195
3124 0.877629
3127 0.876637
3130 0.875168
3133 0.871379
3136 0.867371
3139 0.865785
3142 0.864109
3145 0.860535
3148 0.858895
3151 0.85818
3154 0.858215
3157 0.857945
3160 0.85775
3163 0.858098
3166 0.858641
3169 0.858375
3172 0.858801
3175 0.858195
3178 0.857398
3181 0.853875
3184 0.85275
3187 0.851832
3190 0.849098
3193 0.846684
3196 0.845961
3199 0.84584
3202 0.845812
3205 0.846242
3208 0.846242
3211 0.844074
3214 0.844348
3217 0.843445
3220 0.84377
3223 0.843586
3226 0.842895
3229 0.841977
3232 0.84193
3235 0.841527
3238 0.84209
3241 0.841723
3244 0.841406
3247 0.841176
3250 0.841164
3253 0.8425
3256 0.842395
3259 0.842187
3262 0.842359
3265 0.842961
3268 0.842879
3271 0.842703
3274 0.842824
3277 0.842652
3280 0.842395
3283 0.843121
3286 0.843273
3289 0.843371
3292 0.843336
3295 0.843129
3298 0.842457
3301 0.842719
3304 0.842855
3307 0.842688
3310 0.84302
3313 0.84282
3316 0.841965
3319 0.842238
3322 0.842828
3325 0.843
3328 0.843187
3331 0.843707
3334 0.843477
3337 0.841652
3340 0.841805
3343 0.841762
3346 0.840703
3349 0.839566
3352 0.83957
3355 0.840719
3358 0.841133
3361 0.843715
3364 0.844441
3367 0.845176
3370 0.845535
3373 0.845992
3376 0.845488
3379 0.845949
3382 0.845805
3385 0.845719
3388 0.844797
3391 0.843922
3394 0.844031
3397 0.843238
3400 0.843375
3403 0.843484
3406 0.843691
3409 0.843445
3412 0.844641
3415 0.843918
3418 0.843766
3421 0.843703
3424 0.844195
3427 0.844371
3430 0.844895
3433 0.844906
3436 0.8465
3439 0.845977
3442 0.846492
3445 0.84602
3448 0.846074
3451 0.846543
3454 0.847313
3457 0.847137
3460 0.847582
3463 0.848195
3466 0.847836
3469 0.84802
3472 0.848035
3475 0.848219
3478 0.848207
3481 0.848422
3484 0.848195
3487 0.848215
3490 0.847836
3493 0.848117
3496 0.848195
3499 0.847867
3502 0.848262
3505 0.848129
3508 0.848008
3511 0.847633
3514 0.847703
3517 0.847785
3520 0.847762
3523 0.847875
3526 0.848176
3529 0.84798
3532 0.848402
3535 0.848406
3538 0.848926
3541 0.848754
3544 0.848613
3547 0.848848
3550 0.848805
3553 0.848547
3556 0.848527
3559 0.848266
3562 0.847977
3565 0.848066
3568 0.848664
3571 0.84727
3574 0.847746
3577 0.847371
3580 0.847477
3583 0.847711
3586 0.847895
3589 0.848223
3592 0.848273
3595 0.847512
3598 0.847859
3601 0.848352
3604 0.848262
3607 0.848453
3610 0.848277
3613 0.848223
3616 0.848004
3619 0.847668
3622 0.847758
3625 0.847242
3628 0.84716
3631 0.84698
3634 0.847141
3637 0.847039
3640 0.846496
3643 0.84668
3646 0.846215
3649 0.845637
3652 0.845102
3655 0.845434
3658 0.845898
3661 0.845875
3664 0.846227
3667 0.846184
3670 0.846527
3673 0.847008
3676 0.846977
3679 0.846914
3682 0.847871
3685 0.848223
3688 0.848484
3691 0.848285
3694 0.848449
3697 0.847766
3700 0.84773
3703 0.848105
3706 0.848098
3709 0.848223
3712 0.848313
3715 0.847961
3718 0.848125
3721 0.848262
3724 0.848801
3727 0.84891
3730 0.847969
3733 0.848621
3736 0.848738
3739 0.849313
3742 0.849699
3745 0.850156
3748 0.850348
3751 0.849855
3754 0.85002
3757 0.849984
3760 0.849836
3763 0.849395
3766 0.848648
3769 0.847023
3772 0.848121
3775 0.84918
3778 0.84991
3781 0.85034
3784 0.849969
3787 0.84977
3790 0.849797
3793 0.849785
3796 0.849156
3799 0.848281
3802 0.846164
3805 0.844281
3808 0.843457
3811 0.84375
3814 0.844187
3817 0.84434
3820 0.850004
3823 0.849699
3826 0.849824
3829 0.849867
3832 0.850008
3835 0.850012
3838 0.849895
3841 0.849633
3844 0.849801
3847 0.848586
3850 0.848187
3853 0.848555
3856 0.848441
3859 0.848059
3862 0.848422
3865 0.848445
3868 0.848457
3871 0.849445
3874 0.84923
3877 0.849445
3880 0.849633
3883 0.849379
3886 0.849582
3889 0.848754
3892 0.849176
3895 0.84998
3898 0.850766
3901 0.851277
3904 0.850715
3907 0.850195
3910 0.85041
3913 0.850098
3916 0.84975
3919 0.849773
3922 0.850242
3925 0.850004
3928 0.850082
3931 0.849844
3934 0.849957
3937 0.849934
3940 0.849848
3943 0.849965
3946 0.851469
3949 0.850844
3952 0.850582
3955 0.850887
3958 0.850988
3961 0.851578
3964 0.851227
3967 0.85132
3970 0.851855
3973 0.851547
3976 0.85109
3979 0.850801
3982 0.850152
3985 0.849461
3988 0.848938
3991 0.85048
3994 0.850332
3997 0.851582
4000 0.851406
4003 0.850926
4006 0.850637
4009 0.850535
4012 0.850375
4015 0.85041
4018 0.850117
4021 0.850969
4024 0.851195
4027 0.850926
4030 0.85059
4033 0.850535
4036 0.850633
4039 0.850457
4042 0.850637
4045 0.851156
4048 0.851035
4051 0.850918
4054 0.850773
4057 0.850738
4060 0.850566
4063 0.850551
4066 0.850996
4069 0.851781
4072 0.850344
4075 0.850227
4078 0.849953
4081 0.850051
4084 0.85
4087 0.850227
4090 0.850172
4093 0.850109
4096 0.851301
4099 0.851426
4102 0.851742
4105 0.851516
4108 0.85116
4111 0.851363
4114 0.851379
4117 0.85143
4120 0.853133
4123 0.853031
4126 0.852961
4129 0.852992
4132 0.853004
4135 0.852871
4138 0.85241
4141 0.852133
4144 0.852211
4147 0.852473
4150 0.850621
4153 0.849578
4156 0.848547
4159 0.848109
4162 0.848426
4165 0.848273
4168 0.849465
4171 0.849488
4174 0.850473
4177 0.85152
4180 0.852723
4183 0.853992
4186 0.855883
4189 0.85943
4192 0.863254
4195 0.865566
4198 0.865676
4201 0.864828
4204 0.864156
4207 0.866613
4210 0.867848
4213 0.869062
4216 0.87182
4219 0.874848
4222 0.877855
4225 0.880332
4228 0.883527
4231 0.889371
4234 0.895324
4237 0.901184
4240 0.902305
4243 0.896621
4246 0.890082
4249 0.887402
4252 0.881
4255 0.882563
4258 0.881719
4261 0.883008
4264 0.886844
4267 0.895848
4270 0.902184
4273 0.906488
4276 0.908344
4279 0.910969
4282 0.913723
4285 0.915199
4288 0.91882
4291 0.918316
4294 0.910461
4297 0.896832
4300 0.894141
4303 0.895395
4306 0.894109
4309 0.889437
4312 0.885141
4315 0.883738
4318 0.871949
4321 0.865133
4324 0.844574
4327 0.829852
4330 0.787223
4333 0.779129
4336 0.769211
4339 0.767066
4342 0.768145
4345 0.74382
4348 0.747801
4351 0.752359
4354 0.749352
4357 0.741738
4360 0.734621
4363 0.728258
4366 0.728
4369 0.72391
4372 0.722516
4375 0.719051
4378 0.726668
4381 0.699668
4384 0.694359
4387 0.685379
4390 0.670238
4393 0.656684
4396 0.62034
4399 0.603895
4402 0.586805
4405 0.567824
4408 0.549266
4411 0.529379
4414 0.534027
4417 0.556621
4420 0.565895
4423 0.595625
4426 0.617496
4429 0.618195
4432 0.61525
4435 0.613215
4438 0.603051
4441 0.597492
4444 0.605059
4447 0.616949
4450 0.629676
4453 0.622051
4456 0.620062
4459 0.620625
4462 0.626359
4465 0.63348
4468 0.646777
4471 0.660066
4474 0.688805
4477 0.684539
4480 0.661156
4483 0.628473
4486 0.624379
4489 0.594613
4492 0.598492
4495 0.593766
4498 0.609223
4501 0.628938
4504 0.66375
4507 0.704422
4510 0.74341
4513 0.777836
4516 0.823613
4519 0.848293
4522 0.867867
4525 0.883281
4528 0.896172
4531 0.911914
4534 0.91809
4537 0.923703
4540 0.926047
4543 0.927719
4546 0.927918
4549 0.918656
4552 0.908227
4555 0.901098
4558 0.884199
4561 0.862844
4564 0.853348
4567 0.806145
4570 0.805254
4573 0.744895
4576 0.724941
4579 0.707488
4582 0.693793
4585 0.692715
4588 0.696578
4591 0.703652
4594 0.746852
4597 0.76107
4600 0.760711
4603 0.756289
4606 0.754625
4609 0.752332
4612 0.754039
4615 0.749758
4618 0.743172
4621 0.70643
4624 0.609316
4627 0.587145
4630 0.57291
4633 0.581543
4636 0.594191
4639 0.630473
4642 0.678551
4645 0.711223
4648 0.725809
4651 0.727719
4654 0.735406
4657 0.734004
4660 0.693914
4663 0.67407
4666 0.660324
4669 0.655043
4672 0.634914
4675 0.63168
4678 0.559293
4681 0.482297
4684 0.450469
4687 0.380641
4690 0.372914
4693 0.374141
4696 0.370742
4699 0.374379
4702 0.382297
4705 0.391004
4708 0.393766
4711 0.413723
4714 0.474707
4717 0.510664
4720 0.575551
4723 0.581406
4726 0.582703
4729 0.585598
4732 0.543031
4735 0.533793
4738 0.512516
4741 0.483695
4744 0.463328
4747 0.405477
4750 0.35998
4753 0.331195
4756 0.290445
4759 0.267359
4762 0.236281
4765 0.209918
4768 0.178625
4771 0.156359
4774 0.135703
4777 0.109789
4780 0.0873867
4783 0.0719922
4786 0.0535703
4789 0.0381211
4792 0.0210313
4795 0.0121211
4798 0.00449609
4801 0.000757813
4804 0.000554687
4807 0.000503906
4810 0.000382813
4813 0.000296875
4816 0.000363281
4819 0.000320313
4822 0.000328125
4825 0.000257813
4828 0.000226563
4831 0.000179687
4834 0.0023125
4837 0.00209766
4840 0.00253125
4843 0.00260938
4846 0.00293359
4849 0.0030625
4852 0.00317188
4855 0.00352734
4858 0.00350391
4861 0.0034375
4864 0.00301563
4867 0.00267188
4870 0.00271484
4873 0.00220312
4876 0.00192969
4879 0.00181641
4882 0.00170312
4885 0.00205469
4888 0.00201953
4891 0.00180859
4894 0.00165625
4897 0.00115234
4900 0.000523438
4903 0.000378906
4906 0.000273438
4909 0.000144531
4912 0.000136719
4915 0.000125
4918 0.0250273
4921 0.0443945
4924 0.0507227
4927 0.0728086
4930 0.10373
4933 0.117961
4936 0.123398
4939 0.132641
4942 0.131918
4945 0.132805
4948 0.134059
4951 0.121895
4954 0.109027
4957 0.0949805
4960 0.0866523
4963 0.078457
4966 0.0650195
4969 0.0774766
4972 0.091668
4975 0.109824
4978 0.118375
4981 0.113145
4984 0.111273
4987 0.112164
4990 0.11032
4993 0.109063
4996 0.107539
4999 0.108965
5002 0.0996289
5005 0.0910312
5008 0.0867773
5011 0.0768711
5014 0.0593711
5017 0.0444023
5020 0.0317227
5023 0.0298008
5026 0.0242656
5029 0.0181758
5032 0.0162773
5035 0.0172617
5038 0.0179727
5041 0.0181992
5044 0.0186875
5047 0.0204727
5050 0.0286016
5053 0.0449648
5056 0.0628477
5059 0.0897148
5062 0.112949
5065 0.149496
5068 0.182105
5071 0.219512
5074 0.24916
5077 0.267195
5080 0.269098
5083 0.262285
5086 0.237121
5089 0.213395
5092 0.187273
5095 0.175004
5098 0.167656
5101 0.151059
5104 0.129324
5107 0.112574
5110 0.0968164
5113 0.091125
5116 0.0822383
5119 0.0630195
5122 0.0409297
5125 0.0177773
5128 0.00362109
5131 0.00040625
5134 0.000574219
5137 0.000382813
5140 0.000355469
5143 0.000320313
5146 0.000308594
5149 0.000273438
5152 0.000238281
5155 0.000242187
5158 0.000253906
5161 0.000453125
5164 0.000277344
5167 0.000203125
5170 0.000191406
5173 0.0001875
5176 0.000183594
5179 0.000171875
5182 0.00015625
5185 3.90625e-05
5188 2.73438e-05
5191 1.95313e-05
5194 0
5197 0.000238281
5200 0.000210937
5203 0.000199219
5206 0.000164063
5209 0.00015625
5212 0.000140625
5215 0.000171875
5218 0.000164063
5221 0.000277344
5224 0.000253906
5227 0.000242187
5230 0.000214844
5233 0.000171875
5236 0.000175781
5239 0.000160156
5242 0.000140625
5245 0.000355469
5248 0.000273438
5251 0.000285156
5254 0.000269531
5257 0.00453516
5260 0.0310781
5263 0.0535352
5266 0.0635391
5269 0.0715352
5272 0.0745508
5275 0.0752539
5278 0.0760391
5281 0.0759688
5284 0.0768125
5287 0.0768164
5290 0.0911445
5293 0.12184
5296 0.143773
5299 0.161266
5302 0.169152
5305 0.19166
5308 0.19448
5311 0.196242
5314 0.194289
5317 0.192188
5320 0.194961
5323 0.189188
5326 0.182125
5329 0.187828
5332 0.206328
5335 0.223047
5338 0.228617
5341 0.22748
5344 0.228039
5347 0.227453
5350 0.226758
5353 0.244895
5356 0.27543
5359 0.304699
5362 0.316891
5365 0.304285
5368 0.298391
5371 0.29434
5374 0.294734
5377 0.295211
5380 0.296262
5383 0.295375
5386 0.299145
5389 0.308871
5392 0.317859
5395 0.327039
5398 0.332383
5401 0.332434
5404 0.332562
5407 0.335863
5410 0.338289
5413 0.337461
5416 0.341223
5419 0.360531
5422 0.376543
5425 0.389902
5428 0.395125
5431 0.396035
5434 0.400277
5437 0.40584
5440 0.414195
5443 0.423402
5446 0.430758
5449 0.441805
5452 0.451203
5455 0.455508
5458 0.456668
5461 0.45443
5464 0.459426
5467 0.459805
5470 0.459461
5473 0.455355
5476 0.4515
5479 0.451363
5482 0.457008
5485 0.464059
5488 0.473617
5491 0.482574
5494 0.492148
5497 0.508836
5500 0.522641
5503 0.548937
5506 0.56109
5509 0.590445
5512 0.615098
5515 0.626082
5518 0.632121
5521 0.684883
5524 0.693773
5527 0.705203
5530 0.741414
5533 0.775098
5536 0.797859
5539 0.807504
5542 0.81225
5545 0.84602
5548 0.846461
5551 0.844543
5554 0.842559
5557 0.842008
5560 0.8415
5563 0.838184
5566 0.839117
5569 0.833621
5572 0.834527
5575 0.835891
5578 0.833484
5581 0.829777
5584 0.831293
5587 0.839273
5590 0.860215
5593 0.866656
5596 0.878613
5599 0.877922
5602 0.877523
5605 0.877273
5608 0.8765
5611 0.875305
5614 0.873898
5617 0.872773
5620 0.874523
5623 0.873902
5626 0.874797
5629 0.874977
5632 0.874648
5635 0.875234
5638 0.875227
5641 0.875676
5644 0.877516
5647 0.876383
5650 0.877332
5653 0.876203
5656 0.875062
5659 0.874461
5662 0.875004
5665 0.874859
5668 0.8755
5671 0.8745
5674 0.875738
5677 0.876293
5680 0.876621
5683 0.87677
5686 0.875547
5689 0.875246
5692 0.875781
5695 0.875898
5698 0.876664
5701 0.876246
5704 0.875242
5707 0.874598
5710 0.87473
5713 0.870473
5716 0.868652
5719 0.868055
5722 0.863641
5725 0.863305
5728 0.86348
5731 0.86325
5734 0.862508
5737 0.862508
