1 0.0754633
4 0.0784711
7 0.0924333
10 0.105203
13 0.109292
16 0.113219
19 0.115049
22 0.116266
25 0.120028
28 0.127544
31 0.130478
34 0.131098
37 0.130969
40 0.13172
43 0.133154
46 0.135564
49 0.135893
52 0.135919
55 0.134739
58 0.133364
61 0.132677
64 0.132471
67 0.133776
70 0.134231
73 0.137188
76 0.140289
79 0.14217
82 0.148924
85 0.165522
88 0.182972
91 0.19922
94 0.202743
97 0.205013
100 0.207181
103 0.208179
106 0.205401
109 0.213053
112 0.224509
115 0.23437
118 0.240937
121 0.238327
124 0.238267
127 0.238699
130 0.241542
133 0.248882
136 0.252273
139 0.255966
142 0.2545
145 0.252554
148 0.248622
151 0.244763
154 0.242243
157 0.237541
160 0.234002
163 0.231182
166 0.228892
169 0.227936
172 0.228103
175 0.226472
178 0.224791
181 0.2251
184 0.224322
187 0.221848
190 0.221756
193 0.22126
196 0.221928
199 0.221984
202 0.222636
205 0.223463
208 0.222382
211 0.222781
214 0.222053
217 0.221556
220 0.221954
223 0.221182
226 0.22089
229 0.220539
232 0.220328
235 0.221048
238 0.220651
241 0.219719
244 0.22143
247 0.220982
250 0.220128
253 0.219196
256 0.218987
259 0.219252
262 0.218589
265 0.218714
268 0.218228
271 0.218557
274 0.218197
277 0.217588
280 0.216604
283 0.216897
286 0.217717
289 0.215987
292 0.21454
295 0.215239
298 0.215072
301 0.214722
304 0.214877
307 0.214802
310 0.215681
313 0.216042
316 0.218198
319 0.217587
322 0.218866
325 0.219314
328 0.21945
331 0.218984
334 0.219064
337 0.218929
340 0.219713
343 0.22534
346 0.231438
349 0.233172
352 0.232741
355 0.2319
358 0.231388
361 0.231332
364 0.230674
367 0.230317
370 0.229037
373 0.228182
376 0.227094
379 0.226257
382 0.226066
385 0.227624
388 0.232061
391 0.237506
394 0.239251
397 0.243209
400 0.244976
403 0.247196
406 0.250201
409 0.255517
412 0.261651
415 0.273153
418 0.283503
421 0.292216
424 0.304196
427 0.317319
430 0.329504
433 0.342207
436 0.355232
439 0.363608
442 0.371177
445 0.38288
448 0.386823
451 0.39285
454 0.398487
457 0.402623
460 0.406502
463 0.410481
466 0.411659
469 0.412233
472 0.418343
475 0.418478
478 0.416773
481 0.416804
484 0.41641
487 0.416421
490 0.41517
493 0.415924
496 0.416101
499 0.418963
502 0.432601
505 0.452188
508 0.465724
511 0.474194
514 0.477888
517 0.485908
520 0.507277
523 0.517421
526 0.526351
529 0.531272
532 0.532553
535 0.534818
538 0.535114
541 0.532886
544 0.532966
547 0.532137
550 0.529573
553 0.527764
556 0.524921
559 0.522883
562 0.520956
565 0.518513
568 0.516911
571 0.519371
574 0.525504
577 0.535034
580 0.546266
583 0.558451
586 0.571943
589 0.584659
592 0.595909
595 0.623101
598 0.639879
601 0.651678
604 0.658427
607 0.672553
610 0.6866
613 0.694091
616 0.697051
619 0.697526
622 0.708509
625 0.708099
628 0.706813
631 0.710552
634 0.714327
637 0.71727
640 0.719636
643 0.720461
646 0.741711
649 0.744544
652 0.747184
655 0.748881
658 0.749428
661 0.74893
664 0.749477
667 0.748509
670 0.747916
673 0.747158
676 0.746739
679 0.746397
682 0.747386
685 0.746902
688 0.745712
691 0.745333
694 0.744999
697 0.750389
700 0.749499
703 0.749222
706 0.75198
709 0.754043
712 0.758786
715 0.759966
718 0.77029
721 0.81724
724 0.818312
727 0.818274
730 0.818191
733 0.82
736 0.827186
739 0.832352
742 0.83772
745 0.854567
748 0.85642
751 0.862043
754 0.862726
757 0.863658
760 0.863962
763 0.868818
766 0.870976
769 0.874002
772 0.886676
775 0.887147
778 0.886842
781 0.886656
784 0.885917
787 0.885571
790 0.88421
793 0.882988
796 0.878684
799 0.877194
802 0.873574
805 0.870727
808 0.86859
811 0.870958
814 0.879846
817 0.882533
820 0.885522
823 0.885784
826 0.886966
829 0.886981
832 0.888291
835 0.888153
838 0.888657
841 0.88906
844 0.889387
847 0.889963
850 0.889548
853 0.889744
856 0.889692
859 0.889359
862 0.889212
865 0.889559
868 0.889743
871 0.888661
874 0.888928
877 0.889209
880 0.889827
883 0.889392
886 0.88949
889 0.889859
892 0.889398
895 0.889338
898 0.889403
901 0.889277
904 0.889371
907 0.889828
910 0.890123
913 0.890334
916 0.890529
919 0.890418
922 0.890403
925 0.890818
928 0.890549
931 0.888391
934 0.888574
937 0.888896
940 0.889402
943 0.88888
946 0.888512
949 0.888926
952 0.88882
955 0.890056
958 0.889929
961 0.889822
964 0.889866
967 0.889879
970 0.889667
973 0.889309
976 0.888662
979 0.887908
982 0.886204
985 0.886556
988 0.886918
991 0.888113
994 0.88832
997 0.888292
1000 0.88924
1003 0.889727
1006 0.889799
1009 0.889942
1012 0.886724
1015 0.886803
1018 0.886862
1021 0.88757
1024 0.887182
1027 0.887106
1030 0.887356
1033 0.887358
1036 0.887917
1039 0.887687
1042 0.887722
1045 0.887837
1048 0.887492
1051 0.887839
1054 0.887987
1057 0.887989
1060 0.888746
1063 0.887074
1066 0.886842
1069 0.88715
1072 0.887073
1075 0.887257
1078 0.887407
1081 0.887549
1084 0.887428
1087 0.885576
1090 0.885951
1093 0.88579
1096 0.885871
1099 0.886183
1102 0.88613
1105 0.886218
1108 0.886303
1111 0.885014
1114 0.885007
1117 0.885309
1120 0.88623
1123 0.886533
1126 0.886103
1129 0.8856
1132 0.885581
1135 0.885698
1138 0.886971
1141 0.887268
1144 0.88672
1147 0.886673
1150 0.887754
1153 0.888714
1156 0.888607
1159 0.888269
1162 0.886037
1165 0.885951
1168 0.886658
1171 0.887122
1174 0.887271
1177 0.887591
1180 0.887874
1183 0.887971
1186 0.886018
1189 0.886346
1192 0.886243
1195 0.886754
1198 0.887073
1201 0.887488
1204 0.887436
1207 0.887567
1210 0.887604
1213 0.888571
1216 0.888288
1219 0.888254
1222 0.888356
1225 0.88874
1228 0.888859
1231 0.889137
1234 0.888541
1237 0.888219
1240 0.887172
1243 0.887353
1246 0.888123
1249 0.888224
1252 0.887547
1255 0.887407
1258 0.887321
1261 0.885348
1264 0.88618
1267 0.886504
1270 0.886129
1273 0.88638
1276 0.887271
1279 0.887928
1282 0.887661
1285 0.887856
1288 0.887088
1291 0.887207
1294 0.887017
1297 0.887148
1300 0.887981
1303 0.888441
1306 0.888299
1309 0.88892
1312 0.887706
1315 0.88735
1318 0.887821
1321 0.888341
1324 0.888769
1327 0.88887
1330 0.888888
1333 0.888888
1336 0.888152
1339 0.888008
1342 0.888092
1345 0.887754
1348 0.887601
1351 0.887339
1354 0.887144
1357 0.887321
1360 0.887176
1363 0.886714
1366 0.886563
1369 0.886656
1372 0.888242
1375 0.888279
1378 0.888469
1381 0.88882
1384 0.888788
1387 0.889271
1390 0.889027
1393 0.889457
1396 0.890263
1399 0.890563
1402 0.891111
1405 0.891601
1408 0.891897
1411 0.891293
1414 0.890617
1417 0.891092
1420 0.890898
1423 0.891353
1426 0.890572
1429 0.890487
1432 0.88945
1435 0.889677
1438 0.890624
1441 0.889231
1444 0.888831
1447 0.889
1450 0.888443
1453 0.88956
1456 0.889442
1459 0.889559
1462 0.891113
1465 0.893262
1468 0.894396
1471 0.895243
1474 0.894756
1477 0.894666
1480 0.89426
1483 0.892882
1486 0.893054
1489 0.89413
1492 0.896004
1495 0.895328
1498 0.895774
1501 0.897329
1504 0.897917
1507 0.898377
1510 0.901079
1513 0.905084
1516 0.904378
1519 0.904799
1522 0.902512
1525 0.903319
1528 0.905256
1531 0.905681
1534 0.90226
1537 0.901223
1540 0.900043
1543 0.89655
1546 0.898954
1549 0.897797
1552 0.888839
1555 0.8826
1558 0.884657
1561 0.886488
1564 0.886556
1567 0.886984
1570 0.886089
1573 0.885159
1576 0.890403
1579 0.895638
1582 0.900988
1585 0.899874
1588 0.89806
1591 0.894496
1594 0.890499
1597 0.892402
1600 0.889777
1603 0.891244
1606 0.88885
1609 0.894318
1612 0.89931
1615 0.900112
1618 0.899348
1621 0.898671
1624 0.902117
1627 0.907823
1630 0.915632
1633 0.918321
1636 0.918907
1639 0.916956
1642 0.915097
1645 0.912138
1648 0.912503
1651 0.911201
1654 0.909859
1657 0.90407
1660 0.902469
1663 0.900049
1666 0.898477
1669 0.902034
1672 0.908516
1675 0.909612
1678 0.904683
1681 0.893838
1684 0.883869
1687 0.873458
1690 0.868091
1693 0.870233
1696 0.869188
1699 0.866926
1702 0.867128
1705 0.867879
1708 0.859337
1711 0.839593
1714 0.82752
1717 0.822589
1720 0.819467
1723 0.818831
1726 0.815049
1729 0.809757
1732 0.792634
1735 0.732216
1738 0.653503
1741 0.605663
1744 0.565522
1747 0.555083
1750 0.506558
1753 0.488554
1756 0.480341
1759 0.472097
1762 0.464361
1765 0.457046
1768 0.475681
1771 0.477088
1774 0.49093
1777 0.491827
1780 0.474572
1783 0.458669
1786 0.447044
1789 0.425479
1792 0.409114
1795 0.39237
1798 0.382508
1801 0.388152
1804 0.389948
1807 0.392599
1810 0.397906
1813 0.386987
1816 0.373666
1819 0.370926
1822 0.373967
1825 0.36897
1828 0.35714
1831 0.344468
1834 0.331726
1837 0.317228
1840 0.303263
1843 0.282519
1846 0.266617
1849 0.248832
1852 0.225252
1855 0.215274
1858 0.220506
1861 0.213498
1864 0.197021
1867 0.189946
1870 0.210857
1873 0.223767
1876 0.227792
1879 0.236488
1882 0.254433
1885 0.270509
1888 0.296872
1891 0.319518
1894 0.339076
1897 0.340639
1900 0.360518
1903 0.420279
1906 0.473148
1909 0.489162
1912 0.466944
1915 0.452191
1918 0.436483
1921 0.423357
1924 0.412661
1927 0.377551
1930 0.353879
1933 0.314652
1936 0.295416
1939 0.283347
1942 0.271257
1945 0.26504
1948 0.240334
1951 0.216462
1954 0.187881
1957 0.164539
1960 0.140458
1963 0.115912
1966 0.09087
1969 0.0635611
1972 0.0335078
1975 0.0181178
1978 0.00882556
1981 0.00777444
1984 0.00691778
1987 0.00552
1990 0.00454
1993 0.00464556
1996 0.00438889
1999 0.00409222
2002 0.0174567
2005 0.0507411
2008 0.0909044
2011 0.13551
2014 0.180239
2017 0.236311
2020 0.290206
2023 0.317044
2026 0.360469
2029 0.398791
2032 0.405518
2035 0.391579
2038 0.355647
2041 0.334632
2044 0.283643
2047 0.260039
2050 0.238896
2053 0.219207
2056 0.197627
2059 0.173874
2062 0.135388
2065 0.110507
2068 0.0872911
2071 0.0782222
2074 0.0600367
2077 0.0423922
2080 0.02635
2083 0.0149678
2086 0.0147378
2089 0.0134711
2092 0.0128267
2095 0.0128844
2098 0.0136211
2101 0.0176133
2104 0.0292611
2107 0.04548
2110 0.0686544
2113 0.09729
2116 0.129339
2119 0.171426
2122 0.215042
2125 0.278888
2128 0.362497
2131 0.434097
2134 0.476989
2137 0.512069
2140 0.512947
2143 0.504219
2146 0.49067
2149 0.475486
2152 0.390514
2155 0.338334
2158 0.326227
2161 0.316811
2164 0.311639
2167 0.298683
2170 0.283154
2173 0.2684
2176 0.234398
2179 0.207268
2182 0.167697
2185 0.134061
2188 0.105509
2191 0.0786044
2194 0.0570567
2197 0.0404333
2200 0.0267444
2203 0.01817
2206 0.0142444
2209 0.0106022
2212 0.00550444
2215 0.00219556
2218 0.00233
2221 0.00209
2224 0.00245222
2227 0.00268111
2230 0.00299889
2233 0.00312889
2236 0.00377667
2239 0.00359778
2242 0.00357778
2245 0.00341556
2248 0.00404222
2251 0.00469333
2254 0.00598556
2257 0.00571778
2260 0.00706444
2263 0.00815222
2266 0.0112389
2269 0.0267933
2272 0.0482089
2275 0.0709267
2278 0.0828511
2281 0.0923367
2284 0.0997444
2287 0.104531
2290 0.106341
2293 0.10419
2296 0.100947
2299 0.104902
2302 0.111256
2305 0.113099
2308 0.111083
2311 0.108516
2314 0.0983611
2317 0.0887344
2320 0.0778189
2323 0.0707033
2326 0.0619189
2329 0.0579933
2332 0.0516544
2335 0.0412211
2338 0.0333522
2341 0.0289511
2344 0.0240722
2347 0.0197833
2350 0.0174067
2353 0.0206244
2356 0.0186344
2359 0.0171156
2362 0.0159844
2365 0.0164156
2368 0.0166611
2371 0.0169211
2374 0.0175889
2377 0.0161056
2380 0.0148789
2383 0.0180433
2386 0.05135
2389 0.0785056
2392 0.0845822
2395 0.0896178
2398 0.0901678
2401 0.0887911
2404 0.08829
2407 0.0879367
2410 0.0830433
2413 0.0807622
2416 0.0610767
2419 0.0509422
2422 0.0354733
2425 0.0224022
2428 0.0105444
2431 0.00153222
2434 0.0245333
2437 0.0453556
2440 0.0515644
2443 0.0556444
2446 0.0563478
2449 0.05833
2452 0.05658
2455 0.0567967
2458 0.0556022
2461 0.0567756
2464 0.0482578
2467 0.0346911
2470 0.02497
2473 0.0173678
2476 0.01482
2479 0.0163367
2482 0.0169967
2485 0.0180344
2488 0.0191067
2491 0.0201711
2494 0.0197856
2497 0.0200811
2500 0.0203533
2503 0.0202433
2506 0.02057
2509 0.0351378
2512 0.0583033
2515 0.0758067
2518 0.0758689
2521 0.0800744
2524 0.0850478
2527 0.0887767
2530 0.0921667
2533 0.0913222
2536 0.0915844
2539 0.0926522
2542 0.0895333
2545 0.08829
2548 0.0847189
2551 0.0733544
2554 0.0648511
2557 0.0507189
2560 0.0360567
2563 0.0233722
2566 0.0120567
2569 0.00413222
2572 0.00160556
2575 0.00168222
2578 0.00165444
2581 0.00159444
2584 0.00152667
2587 0.00196889
2590 0.00181667
2593 0.00183778
2596 0.00177889
2599 0.00163778
2602 0.00165222
2605 0.00168667
2608 0.00184889
2611 0.00195556
2614 0.00164778
2617 0.00174556
2620 0.00164889
2623 0.00176667
2626 0.0191622
2629 0.0397967
2632 0.04875
2635 0.0528533
2638 0.0701389
2641 0.0966778
2644 0.131456
2647 0.163197
2650 0.191336
2653 0.211246
2656 0.214332
2659 0.219269
2662 0.220018
2665 0.209437
2668 0.197537
2671 0.199008
2674 0.203304
2677 0.206641
2680 0.19326
2683 0.171593
2686 0.155373
2689 0.145607
2692 0.13417
2695 0.122046
2698 0.106351
2701 0.0940422
2704 0.0790678
2707 0.0678667
2710 0.0639111
2713 0.0653978
2716 0.06669
2719 0.0661756
2722 0.0632756
2725 0.0639889
2728 0.0725544
2731 0.0910611
2734 0.104224
2737 0.11096
2740 0.113604
2743 0.114848
2746 0.117186
2749 0.122691
2752 0.124042
2755 0.126547
2758 0.127697
2761 0.129536
2764 0.13066
2767 0.133009
2770 0.133749
2773 0.135226
2776 0.13579
2779 0.138404
2782 0.14191
2785 0.141691
2788 0.140973
2791 0.143066
2794 0.142922
2797 0.14277
2800 0.142548
2803 0.142559
2806 0.142651
2809 0.14303
2812 0.142702
2815 0.143361
2818 0.143724
2821 0.144156
2824 0.144193
2827 0.143732
2830 0.143132
2833 0.143152
2836 0.146622
2839 0.146942
2842 0.146077
2845 0.144796
2848 0.144946
2851 0.146044
2854 0.145981
2857 0.146277
2860 0.146951
2863 0.145809
2866 0.147159
2869 0.148558
2872 0.150068
2875 0.14952
2878 0.149433
2881 0.155799
2884 0.159374
2887 0.162048
2890 0.162994
2893 0.160826
2896 0.15871
2899 0.158116
2902 0.15801
2905 0.156633
2908 0.156699
2911 0.155754
2914 0.155234
2917 0.155009
2920 0.153759
2923 0.154674
2926 0.154463
2929 0.155584
2932 0.159546
2935 0.161323
2938 0.163149
2941 0.165073
2944 0.166774
2947 0.173138
2950 0.181163
2953 0.189898
2956 0.199319
2959 0.213586
2962 0.238404
2965 0.254692
2968 0.274691
2971 0.297388
2974 0.323779
2977 0.34429
2980 0.358108
2983 0.387733
2986 0.447083
2989 0.454218
2992 0.511603
2995 0.561722
2998 0.637796
3001 0.756512
3004 0.811511
3007 0.838908
3010 0.843453
3013 0.888773
3016 0.891693
3019 0.900839
3022 0.905678
3025 0.906863
3028 0.907704
3031 0.91023
3034 0.910659
3037 0.913286
3040 0.913028
3043 0.911256
3046 0.91056
3049 0.90894
3052 0.908614
3055 0.908709
3058 0.907517
3061 0.904244
3064 0.901881
3067 0.898924
3070 0.898303
3073 0.896394
3076 0.893609
3079 0.892821
3082 0.892076
3085 0.891386
3088 0.887828
3091 0.885868
3094 0.882308
3097 0.880881
3100 0.878903
3103 0.880093
3106 0.881703
3109 0.882013
3112 0.883252
3115 0.881211
3118 0.87808
3121 0.87707
3124 0.877754
3127 0.876442
3130 0.874946
3133 0.871411
3136 0.867179
3139 0.865649
3142 0.863751
3145 0.860129
3148 0.858751
3151 0.857937
3154 0.857914
3157 0.857742
3160 0.857543
3163 0.858061
3166 0.858579
3169 0.858292
3172 0.858612
3175 0.858276
3178 0.857433
3181 0.853883
3184 0.852542
3187 0.851799
3190 0.848763
3193 0.846799
3196 0.845927
3199 0.845781
3202 0.845397
3205 0.845527
3208 0.84542
3211 0.844079
3214 0.84438
3217 0.843528
3220 0.843736
3223 0.843561
3226 0.842907
3229 0.841983
3232 0.841938
3235 0.841531
3238 0.841782
3241 0.841496
3244 0.8416
3247 0.841317
3250 0.841356
3253 0.842587
3256 0.84256
3259 0.842301
3262 0.842403
3265 0.842856
3268 0.842874
3271 0.842589
3274 0.842629
3277 0.842556
3280 0.842372
3283 0.843114
3286 0.842959
3289 0.843446
3292 0.843397
3295 0.843078
3298 0.842351
3301 0.842587
3304 0.842832
3307 0.842581
3310 0.842986
3313 0.842946
3316 0.842069
3319 0.842343
3322 0.842836
3325 0.842846
3328 0.843059
3331 0.84347
3334 0.843238
3337 0.841547
3340 0.84181
3343 0.841564
3346 0.840636
3349 0.839621
3352 0.839562
3355 0.84073
3358 0.841032
3361 0.843716
3364 0.844259
3367 0.84487
3370 0.845289
3373 0.845921
3376 0.84567
3379 0.846019
3382 0.845783
3385 0.84575
3388 0.84476
3391 0.844046
3394 0.844109
3397 0.843661
3400 0.843927
3403 0.844016
3406 0.844147
3409 0.843837
3412 0.844567
3415 0.844172
3418 0.843877
3421 0.843959
3424 0.844267
3427 0.84444
3430 0.844843
3433 0.844676
3436 0.846954
3439 0.84638
3442 0.846893
3445 0.846506
3448 0.846453
3451 0.846904
3454 0.847621
3457 0.84753
3460 0.847782
3463 0.848522
3466 0.848248
3469 0.848604
3472 0.848462
3475 0.848449
3478 0.848544
3481 0.84857
3484 0.848288
3487 0.848883
3490 0.848366
3493 0.848534
3496 0.848458
3499 0.848181
3502 0.848459
3505 0.848476
3508 0.848323
3511 0.84772
3514 0.847762
3517 0.847881
3520 0.847978
3523 0.848049
3526 0.848216
3529 0.847762
3532 0.848124
3535 0.848113
3538 0.849591
3541 0.849057
3544 0.848856
3547 0.848888
3550 0.84887
3553 0.848559
3556 0.848558
3559 0.848578
3562 0.848326
3565 0.848492
3568 0.848694
3571 0.847579
3574 0.847766
3577 0.847463
3580 0.847729
3583 0.847949
3586 0.847997
3589 0.848271
3592 0.848356
3595 0.847521
3598 0.847707
3601 0.848218
3604 0.848182
3607 0.848578
3610 0.848238
3613 0.848217
3616 0.84806
3619 0.847711
3622 0.847771
3625 0.847258
3628 0.847313
3631 0.847001
3634 0.847209
3637 0.847101
3640 0.846403
3643 0.846477
3646 0.846184
3649 0.845521
3652 0.845027
3655 0.845259
3658 0.845747
3661 0.845823
3664 0.846122
3667 0.846243
3670 0.847112
3673 0.84712
3676 0.847066
3679 0.847032
3682 0.847923
3685 0.848188
3688 0.848373
3691 0.848272
3694 0.848238
3697 0.847818
3700 0.847907
3703 0.848083
3706 0.84801
3709 0.848267
3712 0.848442
3715 0.848181
3718 0.848304
3721 0.848546
3724 0.848811
3727 0.848963
3730 0.848184
3733 0.848546
3736 0.84878
3739 0.849102
3742 0.849713
3745 0.850492
3748 0.850473
3751 0.84996
3754 0.850211
3757 0.850231
3760 0.849912
3763 0.849461
3766 0.848992
3769 0.847378
3772 0.847876
3775 0.848993
3778 0.849756
3781 0.850153
3784 0.850049
3787 0.849741
3790 0.849603
3793 0.849498
3796 0.848841
3799 0.84822
3802 0.846146
3805 0.844348
3808 0.843088
3811 0.843879
3814 0.844357
3817 0.844209
3820 0.849541
3823 0.849042
3826 0.849242
3829 0.849263
3832 0.849157
3835 0.849422
3838 0.849391
3841 0.849263
3844 0.849302
3847 0.84831
3850 0.84811
3853 0.84828
3856 0.848294
3859 0.84785
3862 0.848112
3865 0.84808
3868 0.848134
3871 0.849079
3874 0.848936
3877 0.849304
3880 0.849533
3883 0.84876
3886 0.84908
3889 0.848322
3892 0.848563
3895 0.849561
3898 0.850597
3901 0.85055
3904 0.850129
3907 0.849947
3910 0.849583
3913 0.849301
3916 0.849003
3919 0.849111
3922 0.849914
3925 0.849943
3928 0.849684
3931 0.849374
3934 0.84961
3937 0.849389
3940 0.849366
3943 0.849413
3946 0.850997
3949 0.85026
3952 0.85008
3955 0.850066
3958 0.850217
3961 0.850927
3964 0.850472
3967 0.850608
3970 0.851581
3973 0.851343
3976 0.850881
3979 0.850651
3982 0.85005
3985 0.849257
3988 0.848829
3991 0.850118
3994 0.850002
3997 0.850917
4000 0.850802
4003 0.850722
4006 0.850348
4009 0.8501
4012 0.84996
4015 0.850092
4018 0.849826
4021 0.850962
4024 0.850933
4027 0.850644
4030 0.850384
4033 0.850477
4036 0.850498
4039 0.850279
4042 0.850333
4045 0.850882
4048 0.851077
4051 0.850841
4054 0.850647
4057 0.850488
4060 0.850389
4063 0.85022
4066 0.850592
4069 0.851298
4072 0.849858
4075 0.849606
4078 0.849468
4081 0.849653
4084 0.849773
4087 0.849961
4090 0.849924
4093 0.849887
4096 0.851422
4099 0.851448
4102 0.851609
4105 0.851237
4108 0.850758
4111 0.851213
4114 0.851074
4117 0.851208
4120 0.852656
4123 0.852358
4126 0.852537
4129 0.852579
4132 0.852564
4135 0.852471
4138 0.8522
4141 0.851751
4144 0.851749
4147 0.852079
4150 0.850299
4153 0.849388
4156 0.848507
4159 0.847792
4162 0.848093
4165 0.848194
4168 0.849387
4171 0.849489
4174 0.850572
4177 0.851681
4180 0.852523
4183 0.853737
4186 0.85554
4189 0.8594
4192 0.863417
4195 0.865503
4198 0.865608
4201 0.864636
4204 0.864039
4207 0.866427
4210 0.867572
4213 0.868532
4216 0.871962
4219 0.874767
4222 0.877703
4225 0.879908
4228 0.883323
4231 0.889433
4234 0.895279
4237 0.901536
4240 0.902349
4243 0.896676
4246 0.890614
4249 0.887377
4252 0.881132
4255 0.882674
4258 0.881836
4261 0.883046
4264 0.887151
4267 0.895587
4270 0.901426
4273 0.906652
4276 0.908844
4279 0.910849
4282 0.91316
4285 0.91489
4288 0.919033
4291 0.918427
4294 0.910612
4297 0.897148
4300 0.894072
4303 0.895261
4306 0.89466
4309 0.889129
4312 0.885636
4315 0.883898
4318 0.872144
4321 0.864783
4324 0.844538
4327 0.830292
4330 0.787477
4333 0.779497
4336 0.769858
4339 0.76801
4342 0.768702
4345 0.744398
4348 0.7484
4351 0.752722
4354 0.749696
4357 0.742694
4360 0.734863
4363 0.729291
4366 0.728266
4369 0.723572
4372 0.723282
4375 0.719387
4378 0.727369
4381 0.70032
4384 0.694918
4387 0.685784
4390 0.670707
4393 0.657289
4396 0.620807
4399 0.604303
4402 0.586491
4405 0.567778
4408 0.54961
4411 0.529174
4414 0.533977
4417 0.556874
4420 0.566106
4423 0.595576
4426 0.618061
4429 0.618993
4432 0.615976
4435 0.613402
4438 0.603086
4441 0.597923
4444 0.605857
4447 0.617259
4450 0.629873
4453 0.622474
4456 0.620246
4459 0.621394
4462 0.626853
4465 0.633674
4468 0.646298
4471 0.66055
4474 0.688939
4477 0.68492
4480 0.661472
4483 0.628431
4486 0.624237
4489 0.594847
4492 0.599187
4495 0.594484
4498 0.610353
4501 0.629249
4504 0.664931
4507 0.704216
4510 0.743881
4513 0.778593
4516 0.82445
4519 0.848548
4522 0.8677
4525 0.883659
4528 0.89688
4531 0.912178
4534 0.918196
4537 0.923666
4540 0.925707
4543 0.928098
4546 0.928228
4549 0.919068
4552 0.908623
4555 0.900861
4558 0.884351
4561 0.86332
4564 0.853437
4567 0.806166
4570 0.805738
4573 0.745321
4576 0.72547
4579 0.708602
4582 0.694101
4585 0.693444
4588 0.697466
4591 0.70334
4594 0.747771
4597 0.761471
4600 0.761347
4603 0.756724
4606 0.754967
4609 0.752293
4612 0.754369
4615 0.74996
4618 0.742927
4621 0.70731
4624 0.609856
4627 0.587237
4630 0.573182
4633 0.581416
4636 0.594321
4639 0.631047
4642 0.678253
4645 0.711113
4648 0.725833
4651 0.727463
4654 0.735238
4657 0.734256
4660 0.694452
4663 0.674792
4666 0.660444
4669 0.655413
4672 0.635608
4675 0.632368
4678 0.559761
4681 0.482582
4684 0.450476
4687 0.381133
4690 0.373228
4693 0.374404
4696 0.370756
4699 0.374429
4702 0.382229
4705 0.391118
4708 0.394373
4711 0.413671
4714 0.474796
4717 0.51083
4720 0.575727
4723 0.582031
4726 0.582977
4729 0.58619
4732 0.54384
4735 0.533669
4738 0.512331
4741 0.483778
4744 0.463409
4747 0.405769
4750 0.360239
4753 0.331598
4756 0.290596
4759 0.267452
4762 0.236536
4765 0.210308
4768 0.178764
4771 0.156433
4774 0.135577
4777 0.109808
4780 0.0871844
4783 0.0717289
4786 0.0536511
4789 0.0380478
4792 0.0209133
4795 0.0120989
4798 0.00448444
4801 0.00074
4804 0.000525556
4807 0.0005
4810 0.000383333
4813 0.000298889
4816 0.000354444
4819 0.000308889
4822 0.000356667
4825 0.000285556
4828 0.000202222
4831 0.000178889
4834 0.00220889
4837 0.00200889
4840 0.00243
4843 0.00253667
4846 0.00287667
4849 0.00300111
4852 0.00308889
4855 0.00342333
4858 0.00341889
4861 0.00331111
4864 0.00295111
4867 0.00254667
4870 0.00261889
4873 0.00211778
4876 0.00185778
4879 0.00171778
4882 0.00160111
4885 0.00190889
4888 0.00192111
4891 0.00172667
4894 0.00157667
4897 0.00105333
4900 0.000467778
4903 0.000332222
4906 0.000218889
4909 0.000122222
4912 0.000113333
4915 0.000108889
4918 0.02495
4921 0.0445944
4924 0.0508089
4927 0.07273
4930 0.103656
4933 0.117972
4936 0.12387
4939 0.132808
4942 0.132199
4945 0.133318
4948 0.134494
4951 0.122113
4954 0.109424
4957 0.09507
4960 0.0867889
4963 0.0784422
4966 0.0648889
4969 0.0774744
4972 0.0913233
4975 0.10984
4978 0.118476
4981 0.113144
4984 0.111652
4987 0.112598
4990 0.110933
4993 0.109512
4996 0.107904
4999 0.109366
5002 0.0998567
5005 0.0911933
5008 0.0869722
5011 0.0771767
5014 0.0594067
5017 0.0444433
5020 0.0314944
5023 0.02981
5026 0.0242944
5029 0.0182133
5032 0.0163467
5035 0.0172011
5038 0.0180678
5041 0.01818
5044 0.0187567
5047 0.0203978
5050 0.02851
5053 0.0447222
5056 0.0626633
5059 0.0895122
5062 0.112821
5065 0.149057
5068 0.182348
5071 0.219408
5074 0.249302
5077 0.267488
5080 0.268994
5083 0.262559
5086 0.237172
5089 0.213757
5092 0.18756
5095 0.174969
5098 0.167682
5101 0.150784
5104 0.129297
5107 0.112486
5110 0.0967667
5113 0.0910367
5116 0.0822567
5119 0.0630533
5122 0.0407878
5125 0.0177078
5128 0.00350556
5131 0.000391111
5134 0.000504444
5137 0.000362222
5140 0.00031
5143 0.00029
5146 0.000286667
5149 0.000246667
5152 0.000218889
5155 0.000234444
5158 0.000237778
5161 0.000424444
5164 0.000292222
5167 0.000226667
5170 0.000191111
5173 0.000182222
5176 0.00018
5179 0.000183333
5182 0.00016
5185 3.77778e-05
5188 3.22222e-05
5191 2e-05
5194 0
5197 0.000234444
5200 0.000196667
5203 0.000194444
5206 0.000156667
5209 0.000147778
5212 0.000154444
5215 0.000168889
5218 0.000172222
5221 0.000305556
5224 0.000247778
5227 0.000222222
5230 0.000198889
5233 0.000175556
5236 0.000178889
5239 0.000171111
5242 0.000153333
5245 0.000344444
5248 0.000266667
5251 0.000282222
5254 0.000258889
5257 0.00443333
5260 0.0312656
5263 0.0537389
5266 0.0639444
5269 0.0717478
5272 0.0748167
5275 0.0755933
5278 0.0762233
5281 0.0762644
5284 0.0771056
5287 0.0769511
5290 0.0912411
5293 0.12203
5296 0.14416
5299 0.161678
5302 0.169189
5305 0.192004
5308 0.194586
5311 0.196402
5314 0.194283
5317 0.192181
5320 0.195034
5323 0.188857
5326 0.18217
5329 0.18779
5332 0.206323
5335 0.223071
5338 0.2288
5341 0.227651
5344 0.228361
5347 0.227312
5350 0.226907
5353 0.245197
5356 0.275713
5359 0.304702
5362 0.317182
5365 0.304477
5368 0.298666
5371 0.294537
5374 0.294666
5377 0.295399
5380 0.296491
5383 0.295578
5386 0.29906
5389 0.308547
5392 0.317363
5395 0.327152
5398 0.332661
5401 0.332546
5404 0.332621
5407 0.336424
5410 0.338597
5413 0.33797
5416 0.341566
5419 0.360333
5422 0.377236
5425 0.390154
5428 0.395522
5431 0.396847
5434 0.4007
5437 0.406177
5440 0.414139
5443 0.424024
5446 0.430851
5449 0.442273
5452 0.451102
5455 0.455443
5458 0.456519
5461 0.454833
5464 0.45992
5467 0.460156
5470 0.459612
5473 0.455462
5476 0.451453
5479 0.451409
5482 0.456857
5485 0.463878
5488 0.47356
5491 0.482347
5494 0.492026
5497 0.508806
5500 0.522862
5503 0.549248
5506 0.561322
5509 0.590587
5512 0.61508
5515 0.626361
5518 0.632866
5521 0.685284
5524 0.694046
5527 0.705516
5530 0.742332
5533 0.775869
5536 0.79869
5539 0.807801
5542 0.812456
5545 0.845767
5548 0.846491
5551 0.844617
5554 0.842631
5557 0.841971
5560 0.841473
5563 0.837873
5566 0.839203
5569 0.833787
5572 0.834791
5575 0.836167
5578 0.833131
5581 0.829667
5584 0.831218
5587 0.839048
5590 0.860076
5593 0.866689
5596 0.878322
5599 0.87788
5602 0.877513
5605 0.87765
5608 0.876984
5611 0.875222
5614 0.874036
5617 0.873094
5620 0.874633
5623 0.874098
5626 0.87496
5629 0.874848
5632 0.874802
5635 0.875408
5638 0.875253
5641 0.876009
5644 0.87763
5647 0.876472
5650 0.877164
5653 0.876267
5656 0.874834
5659 0.874258
5662 0.874609
5665 0.87467
5668 0.875528
5671 0.874648
5674 0.875603
5677 0.875961
5680 0.876406
5683 0.876896
5686 0.875754
5689 0.875451
5692 0.876094
5695 0.875841
5698 0.876356
5701 0.87595
5704 0.875118
5707 0.874682
5710 0.874476
5713 0.869992
5716 0.868206
5719 0.867716
5722 0.863448
5725 0.863251
5728 0.863391
5731 0.863106
5734 0.862462
5737 0.862458
