1 0.0752083
4 0.0782431
7 0.0922361
10 0.104667
13 0.109049
16 0.112486
19 0.114472
22 0.116181
25 0.119576
28 0.127278
31 0.129903
34 0.130785
37 0.130368
40 0.131368
43 0.13291
46 0.134875
49 0.135528
52 0.135736
55 0.134556
58 0.132937
61 0.132167
64 0.132417
67 0.133681
70 0.133847
73 0.137007
76 0.139972
79 0.142229
82 0.149194
85 0.165618
88 0.183097
91 0.199243
94 0.202715
97 0.205139
100 0.207278
103 0.208083
106 0.205493
109 0.213285
112 0.224556
115 0.234333
118 0.241056
121 0.237424
124 0.238132
127 0.238597
130 0.241194
133 0.24859
136 0.252229
139 0.255792
142 0.25475
145 0.252257
148 0.248451
151 0.244215
154 0.242347
157 0.237556
160 0.233556
163 0.231347
166 0.228576
169 0.227632
172 0.228042
175 0.226083
178 0.224736
181 0.225368
184 0.224729
187 0.221993
190 0.221597
193 0.221111
196 0.221618
199 0.221465
202 0.222444
205 0.223069
208 0.221861
211 0.222215
214 0.221556
217 0.221035
220 0.221292
223 0.220889
226 0.220667
229 0.220222
232 0.220285
235 0.220965
238 0.220438
241 0.219542
244 0.221167
247 0.220403
250 0.21975
253 0.218944
256 0.218792
259 0.218993
262 0.218083
265 0.218438
268 0.217951
271 0.218069
274 0.21759
277 0.216979
280 0.216347
283 0.216549
286 0.217444
289 0.215826
292 0.214396
295 0.214757
298 0.21475
301 0.214604
304 0.214743
307 0.214708
310 0.215417
313 0.216042
316 0.217972
319 0.217285
322 0.218229
325 0.21866
328 0.218736
331 0.218069
334 0.218292
337 0.218417
340 0.219042
343 0.224618
346 0.230576
349 0.232556
352 0.232222
355 0.231403
358 0.230951
361 0.231056
364 0.230479
367 0.230076
370 0.228368
373 0.227597
376 0.226375
379 0.225958
382 0.225417
385 0.226993
388 0.231757
391 0.237208
394 0.238722
397 0.242361
400 0.244333
403 0.246389
406 0.249604
409 0.254896
412 0.261424
415 0.272889
418 0.28316
421 0.292076
424 0.304271
427 0.317361
430 0.330056
433 0.343056
436 0.35534
439 0.363806
442 0.370757
445 0.382514
448 0.38609
451 0.392701
454 0.398215
457 0.402278
460 0.406625
463 0.410104
466 0.411514
469 0.411528
472 0.417729
475 0.417583
478 0.415569
481 0.415806
484 0.416069
487 0.415854
490 0.414062
493 0.41475
496 0.415396
499 0.418146
502 0.432194
505 0.451354
508 0.465319
511 0.473451
514 0.477007
517 0.485035
520 0.506625
523 0.516722
526 0.525542
529 0.530424
532 0.531431
535 0.534069
538 0.534458
541 0.532667
544 0.532708
547 0.531972
550 0.529104
553 0.527792
556 0.524799
559 0.522667
562 0.520243
565 0.517646
568 0.516396
571 0.518528
574 0.524535
577 0.534153
580 0.545257
583 0.557819
586 0.571681
589 0.584417
592 0.595653
595 0.622646
598 0.638868
601 0.650597
604 0.657451
607 0.672375
610 0.686118
613 0.693521
616 0.696347
619 0.696583
622 0.707472
625 0.707708
628 0.705764
631 0.7095
634 0.713389
637 0.716229
640 0.719104
643 0.719313
646 0.741153
649 0.744007
652 0.746361
655 0.748111
658 0.748701
661 0.747993
664 0.748924
667 0.748035
670 0.747021
673 0.746896
676 0.746347
679 0.746229
682 0.746729
685 0.746229
688 0.745222
691 0.745479
694 0.744632
697 0.749771
700 0.748701
703 0.748826
706 0.751125
709 0.753479
712 0.758333
715 0.759493
718 0.770062
721 0.816681
724 0.817521
727 0.817604
730 0.81741
733 0.819292
736 0.827
739 0.831924
742 0.837
745 0.854139
748 0.856118
751 0.861778
754 0.86259
757 0.863618
760 0.864069
763 0.868854
766 0.870931
769 0.873785
772 0.886924
775 0.887514
778 0.887215
781 0.887264
784 0.886507
787 0.886076
790 0.884569
793 0.883604
796 0.878882
799 0.876701
802 0.873139
805 0.87025
808 0.867958
811 0.870125
814 0.879278
817 0.882104
820 0.885382
823 0.885736
826 0.887076
829 0.887431
832 0.888514
835 0.888465
838 0.888917
841 0.889153
844 0.890014
847 0.890083
850 0.889917
853 0.889931
856 0.889542
859 0.889451
862 0.889125
865 0.889597
868 0.889736
871 0.888611
874 0.888958
877 0.889486
880 0.889764
883 0.889694
886 0.889701
889 0.889486
892 0.889389
895 0.888979
898 0.888951
901 0.889076
904 0.889306
907 0.890097
910 0.890243
913 0.890333
916 0.890632
919 0.89066
922 0.890528
925 0.890681
928 0.890465
931 0.889069
934 0.889236
937 0.889583
940 0.889972
943 0.889563
946 0.889097
949 0.889604
952 0.889403
955 0.890653
958 0.890771
961 0.890333
964 0.890215
967 0.890389
970 0.890056
973 0.889604
976 0.889139
979 0.888028
982 0.886417
985 0.887312
988 0.887528
991 0.888611
994 0.889146
997 0.888875
1000 0.889521
1003 0.890167
1006 0.89034
1009 0.890361
1012 0.886861
1015 0.887229
1018 0.887125
1021 0.88775
1024 0.887674
1027 0.887257
1030 0.88741
1033 0.887389
1036 0.888118
1039 0.888028
1042 0.888167
1045 0.888104
1048 0.887639
1051 0.887993
1054 0.888257
1057 0.888083
1060 0.888944
1063 0.887146
1066 0.887132
1069 0.887208
1072 0.886743
1075 0.887264
1078 0.887306
1081 0.887271
1084 0.887181
1087 0.886458
1090 0.886472
1093 0.886076
1096 0.886285
1099 0.886319
1102 0.886285
1105 0.88641
1108 0.886458
1111 0.885236
1114 0.884965
1117 0.885556
1120 0.886326
1123 0.88666
1126 0.885813
1129 0.8855
1132 0.885493
1135 0.885715
1138 0.887417
1141 0.887132
1144 0.886903
1147 0.88659
1150 0.887507
1153 0.888444
1156 0.888417
1159 0.888181
1162 0.885521
1165 0.885632
1168 0.886243
1171 0.886653
1174 0.887076
1177 0.887458
1180 0.887444
1183 0.887729
1186 0.886014
1189 0.886424
1192 0.886271
1195 0.886674
1198 0.886694
1201 0.887354
1204 0.887215
1207 0.887597
1210 0.887729
1213 0.889375
1216 0.889
1219 0.888826
1222 0.88875
1225 0.888993
1228 0.888625
1231 0.889056
1234 0.888278
1237 0.887833
1240 0.886569
1243 0.887132
1246 0.88791
1249 0.887854
1252 0.887354
1255 0.887188
1258 0.886917
1261 0.885167
1264 0.886042
1267 0.886153
1270 0.885757
1273 0.886208
1276 0.886806
1279 0.887715
1282 0.887639
1285 0.887792
1288 0.887424
1291 0.887312
1294 0.887167
1297 0.887424
1300 0.888118
1303 0.888382
1306 0.888125
1309 0.888847
1312 0.888069
1315 0.887896
1318 0.888174
1321 0.888444
1324 0.889104
1327 0.889306
1330 0.889368
1333 0.888965
1336 0.888312
1339 0.88809
1342 0.888299
1345 0.887868
1348 0.887625
1351 0.887188
1354 0.887021
1357 0.887306
1360 0.887139
1363 0.887146
1366 0.887111
1369 0.886944
1372 0.888319
1375 0.888431
1378 0.888687
1381 0.888681
1384 0.888813
1387 0.889465
1390 0.88941
1393 0.889528
1396 0.890403
1399 0.8905
1402 0.891382
1405 0.891701
1408 0.891542
1411 0.891618
1414 0.890965
1417 0.891229
1420 0.891153
1423 0.891208
1426 0.889965
1429 0.889931
1432 0.889333
1435 0.88984
1438 0.890056
1441 0.88825
1444 0.888694
1447 0.888799
1450 0.888243
1453 0.889514
1456 0.889222
1459 0.888951
1462 0.890924
1465 0.892972
1468 0.894493
1471 0.895139
1474 0.894215
1477 0.895188
1480 0.89391
1483 0.892972
1486 0.892646
1489 0.893833
1492 0.895403
1495 0.894424
1498 0.895528
1501 0.897535
1504 0.897875
1507 0.898632
1510 0.90116
1513 0.904986
1516 0.904257
1519 0.904438
1522 0.902361
1525 0.903486
1528 0.90525
1531 0.905653
1534 0.901424
1537 0.901312
1540 0.899201
1543 0.896819
1546 0.898861
1549 0.897903
1552 0.888111
1555 0.882326
1558 0.88466
1561 0.885924
1564 0.887472
1567 0.885785
1570 0.884924
1573 0.885757
1576 0.890403
1579 0.894799
1582 0.900917
1585 0.899438
1588 0.897576
1591 0.893958
1594 0.891354
1597 0.892514
1600 0.889542
1603 0.891903
1606 0.888979
1609 0.893951
1612 0.898639
1615 0.900444
1618 0.8995
1621 0.899181
1624 0.90216
1627 0.907653
1630 0.915687
1633 0.917806
1636 0.918701
1639 0.916771
1642 0.915049
1645 0.912083
1648 0.91259
1651 0.911792
1654 0.910208
1657 0.903701
1660 0.90216
1663 0.899521
1666 0.897868
1669 0.902264
1672 0.908687
1675 0.909299
1678 0.904646
1681 0.893292
1684 0.884563
1687 0.873556
1690 0.868958
1693 0.869569
1696 0.869604
1699 0.866861
1702 0.866792
1705 0.867951
1708 0.859187
1711 0.839146
1714 0.827743
1717 0.822257
1720 0.818903
1723 0.818458
1726 0.814889
1729 0.809875
1732 0.791736
1735 0.731799
1738 0.652431
1741 0.604854
1744 0.564333
1747 0.554569
1750 0.505125
1753 0.487382
1756 0.479056
1759 0.471201
1762 0.463785
1765 0.456465
1768 0.475639
1771 0.476819
1774 0.490528
1777 0.49191
1780 0.474174
1783 0.457521
1786 0.445417
1789 0.424938
1792 0.409243
1795 0.391882
1798 0.382542
1801 0.387542
1804 0.389965
1807 0.392389
1810 0.397722
1813 0.38609
1816 0.374049
1819 0.370056
1822 0.373278
1825 0.369063
1828 0.357514
1831 0.344431
1834 0.331576
1837 0.317028
1840 0.30334
1843 0.282653
1846 0.266313
1849 0.24859
1852 0.224507
1855 0.215333
1858 0.220021
1861 0.213111
1864 0.197243
1867 0.189861
1870 0.210014
1873 0.223479
1876 0.227583
1879 0.235417
1882 0.253736
1885 0.27009
1888 0.296764
1891 0.319167
1894 0.339104
1897 0.340153
1900 0.359924
1903 0.419826
1906 0.47259
1909 0.488569
1912 0.46584
1915 0.451958
1918 0.436063
1921 0.422639
1924 0.412299
1927 0.376861
1930 0.353778
1933 0.314097
1936 0.294931
1939 0.28325
1942 0.271167
1945 0.265347
1948 0.240007
1951 0.216549
1954 0.187035
1957 0.164667
1960 0.14041
1963 0.116014
1966 0.0912083
1969 0.0637708
1972 0.0339722
1975 0.0182778
1978 0.00898611
1981 0.00790972
1984 0.00725694
1987 0.00554861
1990 0.00456944
1993 0.00465972
1996 0.00447917
1999 0.00422917
2002 0.0176875
2005 0.0510556
2008 0.0913125
2011 0.136028
2014 0.180694
2017 0.236361
2020 0.289792
2023 0.317424
2026 0.36034
2029 0.398361
2032 0.405069
2035 0.390903
2038 0.355319
2041 0.333979
2044 0.283062
2047 0.259639
2050 0.238715
2053 0.219375
2056 0.198049
2059 0.173764
2062 0.135285
2065 0.110708
2068 0.0875972
2071 0.0784583
2074 0.0602639
2077 0.0426806
2080 0.0267292
2083 0.0153194
2086 0.0148958
2089 0.0135764
2092 0.0130833
2095 0.0131875
2098 0.0137569
2101 0.0177292
2104 0.0295139
2107 0.0458681
2110 0.0690347
2113 0.0979514
2116 0.129799
2119 0.172271
2122 0.215576
2125 0.278993
2128 0.362229
2131 0.434375
2134 0.477007
2137 0.512479
2140 0.513021
2143 0.503917
2146 0.490965
2149 0.475424
2152 0.390799
2155 0.338514
2158 0.325972
2161 0.31659
2164 0.311479
2167 0.298257
2170 0.282771
2173 0.268264
2176 0.23375
2179 0.207389
2182 0.167785
2185 0.134236
2188 0.105618
2191 0.0786181
2194 0.0572847
2197 0.0407014
2200 0.0270556
2203 0.0182778
2206 0.0143056
2209 0.0107778
2212 0.00565972
2215 0.00228472
2218 0.00238889
2221 0.00222222
2224 0.00254167
2227 0.00266667
2230 0.0030625
2233 0.00315972
2236 0.00377778
2239 0.00368056
2242 0.00361111
2245 0.0035
2248 0.00416667
2251 0.00476389
2254 0.00606944
2257 0.005875
2260 0.00720139
2263 0.00833333
2266 0.0114861
2269 0.0271181
2272 0.0486806
2275 0.0709236
2278 0.0828542
2281 0.0922153
2284 0.0997431
2287 0.104535
2290 0.106396
2293 0.104194
2296 0.100937
2299 0.105035
2302 0.111361
2305 0.112785
2308 0.11091
2311 0.10891
2314 0.0988542
2317 0.0883681
2320 0.0780278
2323 0.0708472
2326 0.0618472
2329 0.0578333
2332 0.0519861
2335 0.0412708
2338 0.0335
2341 0.0289444
2344 0.0241181
2347 0.0197569
2350 0.0175417
2353 0.0207361
2356 0.0186181
2359 0.0171389
2362 0.0157014
2365 0.016375
2368 0.0166319
2371 0.0167778
2374 0.0174722
2377 0.0160903
2380 0.0148889
2383 0.01825
2386 0.0513264
2389 0.0781458
2392 0.0843542
2395 0.0895278
2398 0.0894583
2401 0.0884097
2404 0.0880347
2407 0.0878264
2410 0.0827847
2413 0.0807847
2416 0.0605139
2419 0.0507292
2422 0.0356319
2425 0.0224653
2428 0.0106806
2431 0.00158333
2434 0.0246319
2437 0.045125
2440 0.0516319
2443 0.055375
2446 0.0561389
2449 0.0578889
2452 0.0565903
2455 0.0567708
2458 0.0553958
2461 0.0566458
2464 0.0483403
2467 0.0346944
2470 0.0249375
2473 0.0176042
2476 0.0149861
2479 0.0164444
2482 0.0170417
2485 0.0180972
2488 0.0191042
2491 0.0202847
2494 0.0199236
2497 0.0200347
2500 0.0204792
2503 0.0202153
2506 0.0208333
2509 0.0353681
2512 0.0583472
2515 0.0757778
2518 0.0757778
2521 0.0801181
2524 0.0849375
2527 0.0883958
2530 0.092125
2533 0.0916319
2536 0.0916319
2539 0.0925278
2542 0.0893889
2545 0.0883958
2548 0.0846111
2551 0.0732153
2554 0.0649931
2557 0.0510278
2560 0.0364931
2563 0.0235833
2566 0.0123194
2569 0.00438194
2572 0.00179861
2575 0.00186806
2578 0.00185417
2581 0.00176389
2584 0.00170833
2587 0.00209722
2590 0.00197222
2593 0.00197917
2596 0.00182639
2599 0.00174306
2602 0.00177778
2605 0.00185417
2608 0.00202778
2611 0.0020625
2614 0.00183333
2617 0.00186111
2620 0.00176389
2623 0.00190278
2626 0.0194861
2629 0.0400694
2632 0.0486667
2635 0.0528194
2638 0.0701597
2641 0.0969306
2644 0.130951
2647 0.162854
2650 0.190931
2653 0.210563
2656 0.213292
2659 0.218285
2662 0.219674
2665 0.208854
2668 0.197701
2671 0.198625
2674 0.203451
2677 0.206167
2680 0.192764
2683 0.171319
2686 0.155285
2689 0.145313
2692 0.134118
2695 0.121764
2698 0.106701
2701 0.0940625
2704 0.0792292
2707 0.0681389
2710 0.0642778
2713 0.0651944
2716 0.066625
2719 0.0662361
2722 0.0631319
2725 0.0637431
2728 0.0725972
2731 0.0911389
2734 0.104313
2737 0.110764
2740 0.113236
2743 0.1145
2746 0.116181
2749 0.122396
2752 0.123778
2755 0.126368
2758 0.127271
2761 0.129417
2764 0.130382
2767 0.132986
2770 0.133319
2773 0.135063
2776 0.135153
2779 0.137854
2782 0.141465
2785 0.14109
2788 0.140792
2791 0.143097
2794 0.142326
2797 0.142208
2800 0.142257
2803 0.14216
2806 0.142042
2809 0.142181
2812 0.142472
2815 0.142931
2818 0.143222
2821 0.143437
2824 0.143611
2827 0.143069
2830 0.142208
2833 0.142201
2836 0.146028
2839 0.146625
2842 0.145472
2845 0.144035
2848 0.144361
2851 0.145549
2854 0.145333
2857 0.145403
2860 0.146243
2863 0.145563
2866 0.146799
2869 0.148549
2872 0.149979
2875 0.149625
2878 0.149326
2881 0.156049
2884 0.159535
2887 0.161701
2890 0.162479
2893 0.160597
2896 0.158597
2899 0.157424
2902 0.157542
2905 0.155958
2908 0.156396
2911 0.15559
2914 0.155028
2917 0.154611
2920 0.153458
2923 0.154458
2926 0.154306
2929 0.155438
2932 0.159444
2935 0.161104
2938 0.162993
2941 0.164729
2944 0.166507
2947 0.173049
2950 0.181264
2953 0.190167
2956 0.199292
2959 0.213431
2962 0.238264
2965 0.254389
2968 0.274778
2971 0.297292
2974 0.323569
2977 0.344326
2980 0.358069
2983 0.387542
2986 0.447688
2989 0.454618
2992 0.511965
2995 0.562194
2998 0.637729
3001 0.756604
3004 0.811389
3007 0.838479
3010 0.843778
3013 0.888903
3016 0.891194
3019 0.900986
3022 0.905611
3025 0.907243
3028 0.907583
3031 0.910035
3034 0.910208
3037 0.912813
3040 0.913563
3043 0.911069
3046 0.910264
3049 0.908757
3052 0.908132
3055 0.908535
3058 0.907556
3061 0.90441
3064 0.901257
3067 0.898389
3070 0.897917
3073 0.895583
3076 0.893118
3079 0.891924
3082 0.892271
3085 0.891583
3088 0.888576
3091 0.885646
3094 0.882208
3097 0.880903
3100 0.87891
3103 0.880139
3106 0.880958
3109 0.881681
3112 0.883889
3115 0.881667
3118 0.878563
3121 0.877271
3124 0.878014
3127 0.876833
3130 0.87541
3133 0.871708
3136 0.867681
3139 0.866111
3142 0.864292
3145 0.861181
3148 0.859729
3151 0.858736
3154 0.858417
3157 0.858437
3160 0.858215
3163 0.858368
3166 0.859062
3169 0.858674
3172 0.858715
3175 0.858201
3178 0.857458
3181 0.854299
3184 0.85291
3187 0.852688
3190 0.849667
3193 0.847597
3196 0.846708
3199 0.846194
3202 0.845847
3205 0.845778
3208 0.845951
3211 0.844812
3214 0.845194
3217 0.843826
3220 0.843833
3223 0.8435
3226 0.842722
3229 0.841889
3232 0.841715
3235 0.841306
3238 0.842403
3241 0.841896
3244 0.84191
3247 0.841688
3250 0.841729
3253 0.842729
3256 0.842681
3259 0.842389
3262 0.842722
3265 0.843125
3268 0.843319
3271 0.843132
3274 0.842868
3277 0.842924
3280 0.842632
3283 0.843514
3286 0.843688
3289 0.844132
3292 0.843639
3295 0.843424
3298 0.842715
3301 0.843125
3304 0.843139
3307 0.843299
3310 0.843361
3313 0.843347
3316 0.842299
3319 0.842285
3322 0.842708
3325 0.842694
3328 0.84316
3331 0.843625
3334 0.843437
3337 0.842049
3340 0.842181
3343 0.841757
3346 0.840757
3349 0.839944
3352 0.839722
3355 0.840715
3358 0.841056
3361 0.843583
3364 0.844368
3367 0.845083
3370 0.845521
3373 0.846132
3376 0.845785
3379 0.846167
3382 0.846076
3385 0.845875
3388 0.845014
3391 0.84416
3394 0.84441
3397 0.843896
3400 0.844035
3403 0.844208
3406 0.844333
3409 0.843979
3412 0.845514
3415 0.845111
3418 0.844861
3421 0.84509
3424 0.845264
3427 0.845396
3430 0.84591
3433 0.845472
3436 0.847368
3439 0.847035
3442 0.847417
3445 0.846819
3448 0.846931
3451 0.847076
3454 0.848132
3457 0.848056
3460 0.848139
3463 0.849326
3466 0.849229
3469 0.849417
3472 0.849417
3475 0.849472
3478 0.849465
3481 0.849347
3484 0.849035
3487 0.849986
3490 0.849347
3493 0.849417
3496 0.849118
3499 0.848806
3502 0.849299
3505 0.849313
3508 0.849014
3511 0.848021
3514 0.848472
3517 0.848479
3520 0.848667
3523 0.84859
3526 0.848618
3529 0.848333
3532 0.848493
3535 0.848604
3538 0.849938
3541 0.849354
3544 0.849222
3547 0.849083
3550 0.849326
3553 0.848993
3556 0.848639
3559 0.848819
3562 0.849153
3565 0.849243
3568 0.849049
3571 0.848076
3574 0.848354
3577 0.848083
3580 0.848465
3583 0.8485
3586 0.848396
3589 0.848625
3592 0.848792
3595 0.847861
3598 0.847986
3601 0.848583
3604 0.84859
3607 0.848868
3610 0.848729
3613 0.848646
3616 0.848507
3619 0.848208
3622 0.848097
3625 0.847618
3628 0.847646
3631 0.847417
3634 0.847479
3637 0.847278
3640 0.846465
3643 0.846507
3646 0.846979
3649 0.846306
3652 0.845764
3655 0.846215
3658 0.846417
3661 0.846792
3664 0.847
3667 0.846993
3670 0.847458
3673 0.847625
3676 0.847799
3679 0.847674
3682 0.848604
3685 0.849007
3688 0.848986
3691 0.84884
3694 0.848951
3697 0.848215
3700 0.848424
3703 0.848667
3706 0.848444
3709 0.84859
3712 0.848674
3715 0.848535
3718 0.848688
3721 0.849257
3724 0.849389
3727 0.849431
3730 0.848576
3733 0.848993
3736 0.849326
3739 0.849785
3742 0.850389
3745 0.850785
3748 0.850701
3751 0.850674
3754 0.850993
3757 0.850701
3760 0.850514
3763 0.849715
3766 0.849271
3769 0.84766
3772 0.848549
3775 0.849722
3778 0.850618
3781 0.851236
3784 0.850694
3787 0.850083
3790 0.85025
3793 0.849847
3796 0.849722
3799 0.849326
3802 0.847229
3805 0.844993
3808 0.843576
3811 0.844715
3814 0.845278
3817 0.845417
3820 0.850403
3823 0.849646
3826 0.849722
3829 0.84991
3832 0.85034
3835 0.850444
3838 0.85066
3841 0.85009
3844 0.850118
3847 0.849257
3850 0.849181
3853 0.849167
3856 0.849111
3859 0.848514
3862 0.848688
3865 0.848701
3868 0.848521
3871 0.849903
3874 0.849299
3877 0.850069
3880 0.850063
3883 0.849417
3886 0.849632
3889 0.848722
3892 0.848903
3895 0.850056
3898 0.850965
3901 0.851208
3904 0.851083
3907 0.851146
3910 0.850958
3913 0.850542
3916 0.850208
3919 0.850243
3922 0.850597
3925 0.85059
3928 0.850326
3931 0.85025
3934 0.850417
3937 0.850417
3940 0.850243
3943 0.850028
3946 0.851625
3949 0.850799
3952 0.850597
3955 0.850833
3958 0.851181
3961 0.851722
3964 0.851174
3967 0.851264
3970 0.852257
3973 0.851924
3976 0.851243
3979 0.851097
3982 0.850542
3985 0.850014
3988 0.849375
3991 0.850743
3994 0.850632
3997 0.851979
4000 0.851562
4003 0.851632
4006 0.85116
4009 0.851069
4012 0.850653
4015 0.850694
4018 0.850389
4021 0.851625
4024 0.851757
4027 0.851875
4030 0.851437
4033 0.851632
4036 0.851764
4039 0.85159
4042 0.851736
4045 0.850854
4048 0.851208
4051 0.850958
4054 0.850986
4057 0.850889
4060 0.850688
4063 0.850542
4066 0.851049
4069 0.851743
4072 0.850938
4075 0.850417
4078 0.850583
4081 0.850542
4084 0.850562
4087 0.851118
4090 0.850701
4093 0.85075
4096 0.851806
4099 0.851729
4102 0.85191
4105 0.851639
4108 0.851292
4111 0.852007
4114 0.852111
4117 0.852007
4120 0.853472
4123 0.852889
4126 0.853062
4129 0.853021
4132 0.853111
4135 0.852951
4138 0.852472
4141 0.852403
4144 0.852292
4147 0.852569
4150 0.85134
4153 0.850431
4156 0.849444
4159 0.848812
4162 0.849049
4165 0.849083
4168 0.849799
4171 0.850063
4174 0.851542
4177 0.852417
4180 0.853493
4183 0.854083
4186 0.855792
4189 0.859785
4192 0.863187
4195 0.865889
4198 0.865743
4201 0.865299
4204 0.863569
4207 0.866424
4210 0.867618
4213 0.869285
4216 0.872424
4219 0.875069
4222 0.877743
4225 0.88034
4228 0.883285
4231 0.889938
4234 0.894847
4237 0.901458
4240 0.902194
4243 0.896507
4246 0.890361
4249 0.887174
4252 0.880646
4255 0.882646
4258 0.882542
4261 0.883188
4264 0.887201
4267 0.895271
4270 0.901556
4273 0.906431
4276 0.908965
4279 0.910764
4282 0.913944
4285 0.91484
4288 0.918937
4291 0.91809
4294 0.910715
4297 0.897424
4300 0.894243
4303 0.895646
4306 0.894493
4309 0.888715
4312 0.884875
4315 0.883715
4318 0.872299
4321 0.863972
4324 0.844306
4327 0.829681
4330 0.786188
4333 0.778743
4336 0.76959
4339 0.766604
4342 0.767917
4345 0.743931
4348 0.747056
4351 0.752007
4354 0.748833
4357 0.741313
4360 0.733979
4363 0.728771
4366 0.728139
4369 0.723153
4372 0.723382
4375 0.718868
4378 0.727583
4381 0.700181
4384 0.694507
4387 0.684889
4390 0.669826
4393 0.6565
4396 0.620215
4399 0.603806
4402 0.586313
4405 0.566826
4408 0.549549
4411 0.528965
4414 0.533597
4417 0.556007
4420 0.565222
4423 0.594347
4426 0.617722
4429 0.61875
4432 0.615375
4435 0.612861
4438 0.602292
4441 0.597403
4444 0.606194
4447 0.616111
4450 0.629083
4453 0.621403
4456 0.619743
4459 0.620771
4462 0.626403
4465 0.632965
4468 0.645444
4471 0.660104
4474 0.688875
4477 0.684181
4480 0.660528
4483 0.62791
4486 0.623097
4489 0.593917
4492 0.599
4495 0.593597
4498 0.608917
4501 0.629007
4504 0.663694
4507 0.703319
4510 0.743035
4513 0.777799
4516 0.824069
4519 0.84725
4522 0.868354
4525 0.883729
4528 0.89725
4531 0.911736
4534 0.917972
4537 0.923847
4540 0.925465
4543 0.927417
4546 0.926903
4549 0.919507
4552 0.907903
4555 0.90041
4558 0.884271
4561 0.863028
4564 0.85175
4567 0.805813
4570 0.806049
4573 0.743743
4576 0.725917
4579 0.70741
4582 0.693937
4585 0.692604
4588 0.695951
4591 0.702611
4594 0.746715
4597 0.760299
4600 0.761035
4603 0.755764
4606 0.754146
4609 0.751986
4612 0.754021
4615 0.748799
4618 0.741715
4621 0.707451
4624 0.609382
4627 0.586819
4630 0.572764
4633 0.580972
4636 0.594208
4639 0.631069
4642 0.678257
4645 0.710778
4648 0.725785
4651 0.72775
4654 0.735417
4657 0.733521
4660 0.69291
4663 0.673729
4666 0.660542
4669 0.655111
4672 0.634938
4675 0.631396
4678 0.559125
4681 0.48225
4684 0.449569
4687 0.380694
4690 0.37284
4693 0.374306
4696 0.370014
4699 0.374597
4702 0.381764
4705 0.390889
4708 0.394847
4711 0.413444
4714 0.47491
4717 0.510389
4720 0.575257
4723 0.582229
4726 0.58291
4729 0.585764
4732 0.542597
4735 0.53325
4738 0.511604
4741 0.483264
4744 0.463208
4747 0.405542
4750 0.35916
4753 0.331111
4756 0.289528
4759 0.267104
4762 0.23541
4765 0.210375
4768 0.178556
4771 0.156528
4774 0.135549
4777 0.11009
4780 0.0868889
4783 0.0717431
4786 0.0538403
4789 0.0381042
4792 0.0211736
4795 0.0122083
4798 0.00454861
4801 0.000708333
4804 0.000486111
4807 0.0005
4810 0.000368056
4813 0.000305556
4816 0.000361111
4819 0.000326389
4822 0.000375
4825 0.000277778
4828 0.000263889
4831 0.000215278
4834 0.00240278
4837 0.00217361
4840 0.00264583
4843 0.00274306
4846 0.00309028
4849 0.00322222
4852 0.00329861
4855 0.00366667
4858 0.00363194
4861 0.0034375
4864 0.00305556
4867 0.00268056
4870 0.00277083
4873 0.00225694
4876 0.00202083
4879 0.00185417
4882 0.00171528
4885 0.00211806
4888 0.00213194
4891 0.00192361
4894 0.00177778
4897 0.00120139
4900 0.000527778
4903 0.000430556
4906 0.0003125
4909 0.000111111
4912 0.000111111
4915 0.000118056
4918 0.0248958
4921 0.0445278
4924 0.0502431
4927 0.0724514
4930 0.103542
4933 0.117451
4936 0.123563
4939 0.132139
4942 0.131875
4945 0.132736
4948 0.134306
4951 0.121778
4954 0.109208
4957 0.0946597
4960 0.0869444
4963 0.0784444
4966 0.065
4969 0.0776111
4972 0.0915764
4975 0.109806
4978 0.118111
4981 0.112479
4984 0.11159
4987 0.113
4990 0.110479
4993 0.10891
4996 0.107229
4999 0.109049
5002 0.0996319
5005 0.0907708
5008 0.0870139
5011 0.0769306
5014 0.0593403
5017 0.0445694
5020 0.0317361
5023 0.0299514
5026 0.0242569
5029 0.0183472
5032 0.0163819
5035 0.0172847
5038 0.0180903
5041 0.0181667
5044 0.0188264
5047 0.0205
5050 0.0287361
5053 0.0449306
5056 0.0630764
5059 0.0899722
5062 0.113028
5065 0.149611
5068 0.182847
5071 0.219896
5074 0.249514
5077 0.267035
5080 0.268479
5083 0.262604
5086 0.237139
5089 0.213375
5092 0.187215
5095 0.174937
5098 0.167549
5101 0.151111
5104 0.129542
5107 0.112764
5110 0.0962569
5113 0.0907153
5116 0.0820972
5119 0.0631042
5122 0.0409306
5125 0.0179236
5128 0.00365278
5131 0.000402778
5134 0.0005
5137 0.000368056
5140 0.000298611
5143 0.000291667
5146 0.000298611
5149 0.00025
5152 0.000236111
5155 0.000236111
5158 0.000229167
5161 0.000451389
5164 0.000291667
5167 0.000222222
5170 0.000201389
5173 0.000180556
5176 0.000173611
5179 0.000194444
5182 0.000180556
5185 5.55556e-05
5188 4.16667e-05
5191 2.77778e-05
5194 0
5197 0.000270833
5200 0.000208333
5203 0.000194444
5206 0.0001875
5209 0.000173611
5212 0.000145833
5215 0.000194444
5218 0.000201389
5221 0.0003125
5224 0.000263889
5227 0.000263889
5230 0.000243056
5233 0.000208333
5236 0.000222222
5239 0.000215278
5242 0.000180556
5245 0.000347222
5248 0.000270833
5251 0.00025
5254 0.000222222
5257 0.00454861
5260 0.0314028
5263 0.0537083
5266 0.0636944
5269 0.07175
5272 0.0745417
5275 0.0751528
5278 0.0758611
5281 0.0758403
5284 0.0768958
5287 0.0769514
5290 0.0909931
5293 0.121979
5296 0.14384
5299 0.161556
5302 0.16884
5305 0.19191
5308 0.194569
5311 0.196285
5314 0.19434
5317 0.192576
5320 0.19509
5323 0.189222
5326 0.18216
5329 0.187458
5332 0.20634
5335 0.223014
5338 0.228542
5341 0.227167
5344 0.228417
5347 0.227403
5350 0.226944
5353 0.246007
5356 0.2755
5359 0.30434
5362 0.317035
5365 0.304458
5368 0.298771
5371 0.29434
5374 0.294021
5377 0.295125
5380 0.296639
5383 0.295701
5386 0.299104
5389 0.308917
5392 0.317229
5395 0.327389
5398 0.333368
5401 0.332389
5404 0.332278
5407 0.336222
5410 0.337847
5413 0.337556
5416 0.341375
5419 0.359958
5422 0.37616
5425 0.38925
5428 0.394653
5431 0.396382
5434 0.400229
5437 0.405778
5440 0.413271
5443 0.423667
5446 0.430625
5449 0.441
5452 0.451153
5455 0.455604
5458 0.456361
5461 0.454007
5464 0.45916
5467 0.459528
5470 0.458722
5473 0.454583
5476 0.450076
5479 0.450778
5482 0.455639
5485 0.463153
5488 0.472528
5491 0.48225
5494 0.491528
5497 0.508035
5500 0.522118
5503 0.547896
5506 0.560118
5509 0.589257
5512 0.613722
5515 0.625271
5518 0.631687
5521 0.684354
5524 0.692507
5527 0.704069
5530 0.741354
5533 0.774882
5536 0.797583
5539 0.806688
5542 0.811701
5545 0.844958
5548 0.845243
5551 0.843021
5554 0.841222
5557 0.841097
5560 0.840764
5563 0.836333
5566 0.838271
5569 0.833493
5572 0.833806
5575 0.836236
5578 0.832917
5581 0.829028
5584 0.831146
5587 0.838458
5590 0.860153
5593 0.866979
5596 0.878417
5599 0.877896
5602 0.87759
5605 0.877542
5608 0.876306
5611 0.874826
5614 0.873417
5617 0.873222
5620 0.874896
5623 0.874104
5626 0.874542
5629 0.874993
5632 0.874944
5635 0.875333
5638 0.875701
5641 0.876375
5644 0.877979
5647 0.876882
5650 0.877549
5653 0.876826
5656 0.875458
5659 0.874986
5662 0.874972
5665 0.87484
5668 0.87625
5671 0.87491
5674 0.876132
5677 0.876042
5680 0.876528
5683 0.877167
5686 0.876208
5689 0.875868
5692 0.876417
5695 0.876083
5698 0.876896
5701 0.876396
5704 0.875146
5707 0.874812
5710 0.874903
5713 0.870201
5716 0.868319
5719 0.867799
5722 0.863319
5725 0.863361
5728 0.863556
5731 0.863257
5734 0.862625
5737 0.8625
