1 0.0754815
4 0.0785093
7 0.0923981
10 0.105108
13 0.10942
16 0.112994
19 0.114889
22 0.116102
25 0.11979
28 0.127343
31 0.130247
34 0.130941
37 0.130793
40 0.13146
43 0.13292
46 0.13546
49 0.13559
52 0.135571
55 0.134759
58 0.133275
61 0.132312
64 0.132185
67 0.133738
70 0.134219
73 0.137096
76 0.14042
79 0.142083
82 0.14891
85 0.165707
88 0.182904
91 0.199167
94 0.202781
97 0.204781
100 0.207093
103 0.20788
106 0.205096
109 0.212762
112 0.224222
115 0.234182
118 0.240633
121 0.238346
124 0.237932
127 0.238769
130 0.241543
133 0.248593
136 0.252377
139 0.255849
142 0.254265
145 0.252228
148 0.248515
151 0.244691
154 0.241991
157 0.237333
160 0.233719
163 0.230978
166 0.228753
169 0.227747
172 0.228269
175 0.226512
178 0.224957
181 0.225062
184 0.224096
187 0.221957
190 0.221951
193 0.221367
196 0.222015
199 0.221951
202 0.222515
205 0.223194
208 0.222006
211 0.222389
214 0.221478
217 0.221062
220 0.221747
223 0.221056
226 0.22071
229 0.220423
232 0.220198
235 0.220951
238 0.220503
241 0.219614
244 0.221123
247 0.220691
250 0.219873
253 0.218682
256 0.218534
259 0.218744
262 0.218318
265 0.218519
268 0.218148
271 0.218157
274 0.217914
277 0.217383
280 0.216463
283 0.216824
286 0.217639
289 0.215679
292 0.214114
295 0.215099
298 0.214784
301 0.214444
304 0.214485
307 0.214525
310 0.215361
313 0.215707
316 0.21779
319 0.217204
322 0.218522
325 0.218907
328 0.219225
331 0.218725
334 0.218673
337 0.218704
340 0.219435
343 0.225148
346 0.231114
349 0.232873
352 0.23229
355 0.23159
358 0.231238
361 0.231256
364 0.230549
367 0.230117
370 0.229349
373 0.228272
376 0.22713
379 0.22616
382 0.226102
385 0.227534
388 0.232003
391 0.237333
394 0.239349
397 0.243059
400 0.244747
403 0.246787
406 0.250012
409 0.255389
412 0.261574
415 0.273201
418 0.283244
421 0.292185
424 0.30413
427 0.317352
430 0.329747
433 0.342198
436 0.355231
439 0.363657
442 0.371077
445 0.383253
448 0.386654
451 0.39275
454 0.398336
457 0.402478
460 0.406225
463 0.410327
466 0.411571
469 0.411994
472 0.418009
475 0.418182
478 0.416463
481 0.416398
484 0.41629
487 0.416299
490 0.415022
493 0.415457
496 0.415685
499 0.41863
502 0.432228
505 0.452065
508 0.465488
511 0.474003
514 0.477321
517 0.485645
520 0.506827
523 0.517265
526 0.525836
529 0.531343
532 0.532423
535 0.534698
538 0.53466
541 0.532642
544 0.532985
547 0.531985
550 0.529417
553 0.527346
556 0.524426
559 0.522565
562 0.520278
565 0.518009
568 0.516469
571 0.519451
574 0.525472
577 0.534978
580 0.546009
583 0.558444
586 0.571951
589 0.584836
592 0.596145
595 0.622926
598 0.639843
601 0.651262
604 0.657972
607 0.671991
610 0.685907
613 0.693731
616 0.696485
619 0.696657
622 0.708296
625 0.708216
628 0.706701
631 0.710284
634 0.714071
637 0.717241
640 0.719423
643 0.720654
646 0.741182
649 0.743883
652 0.747099
655 0.748685
658 0.749253
661 0.748938
664 0.749923
667 0.748775
670 0.747843
673 0.747207
676 0.746343
679 0.746318
682 0.74704
685 0.746269
688 0.745654
691 0.744941
694 0.744667
697 0.74983
700 0.748719
703 0.749099
706 0.751645
709 0.753642
712 0.758509
715 0.759546
718 0.770012
721 0.817818
724 0.818719
727 0.818747
730 0.818228
733 0.820056
736 0.827352
739 0.832673
742 0.837833
745 0.854417
748 0.856395
751 0.862176
754 0.862966
757 0.86383
760 0.864373
763 0.869043
766 0.87117
769 0.874179
772 0.886852
775 0.887429
778 0.887071
781 0.886941
784 0.886244
787 0.885827
790 0.884623
793 0.883404
796 0.878679
799 0.87746
802 0.87375
805 0.871278
808 0.868719
811 0.871191
814 0.880139
817 0.88262
820 0.885583
823 0.885901
826 0.887349
829 0.887531
832 0.88883
835 0.88841
838 0.888849
841 0.889358
844 0.88979
847 0.890278
850 0.88987
853 0.890299
856 0.889948
859 0.889787
862 0.889509
865 0.889877
868 0.890086
871 0.889028
874 0.889377
877 0.889704
880 0.890315
883 0.889827
886 0.889725
889 0.890256
892 0.889867
895 0.889852
898 0.889796
901 0.889562
904 0.88959
907 0.890346
910 0.890627
913 0.891093
916 0.891012
919 0.890889
922 0.890975
925 0.891272
928 0.891228
931 0.888873
934 0.889228
937 0.889259
940 0.88983
943 0.88938
946 0.888772
949 0.88909
952 0.889003
955 0.890324
958 0.890241
961 0.889988
964 0.889951
967 0.890015
970 0.889883
973 0.889713
976 0.889074
979 0.888086
982 0.886537
985 0.886917
988 0.887052
991 0.888318
994 0.888559
997 0.888735
1000 0.889543
1003 0.89025
1006 0.890182
1009 0.890309
1012 0.887228
1015 0.887043
1018 0.887136
1021 0.888028
1024 0.887423
1027 0.887386
1030 0.887593
1033 0.887386
1036 0.888025
1039 0.887781
1042 0.888037
1045 0.888012
1048 0.88784
1051 0.88792
1054 0.888259
1057 0.888176
1060 0.888923
1063 0.887787
1066 0.887602
1069 0.887627
1072 0.887401
1075 0.887559
1078 0.887657
1081 0.88783
1084 0.887583
1087 0.885799
1090 0.886213
1093 0.886117
1096 0.886509
1099 0.886537
1102 0.886698
1105 0.886704
1108 0.886923
1111 0.885682
1114 0.885688
1117 0.886114
1120 0.886796
1123 0.88713
1126 0.886586
1129 0.88617
1132 0.886333
1135 0.886361
1138 0.887682
1141 0.88809
1144 0.887275
1147 0.88716
1150 0.888176
1153 0.889367
1156 0.889244
1159 0.888772
1162 0.886111
1165 0.886012
1168 0.887
1171 0.887463
1174 0.887694
1177 0.887941
1180 0.888235
1183 0.888373
1186 0.886401
1189 0.887037
1192 0.886753
1195 0.887315
1198 0.887716
1201 0.888145
1204 0.887948
1207 0.888015
1210 0.888068
1213 0.889022
1216 0.888824
1219 0.888586
1222 0.888985
1225 0.889077
1228 0.889293
1231 0.889478
1234 0.889056
1237 0.889111
1240 0.887901
1243 0.888244
1246 0.889059
1249 0.888929
1252 0.888012
1255 0.887753
1258 0.887679
1261 0.886071
1264 0.886556
1267 0.886972
1270 0.886423
1273 0.88691
1276 0.887701
1279 0.888179
1282 0.888065
1285 0.888306
1288 0.887614
1291 0.887599
1294 0.887253
1297 0.887364
1300 0.888398
1303 0.888753
1306 0.88879
1309 0.889343
1312 0.888463
1315 0.888114
1318 0.888457
1321 0.888991
1324 0.889537
1327 0.889522
1330 0.88942
1333 0.889407
1336 0.888821
1339 0.888651
1342 0.888654
1345 0.888241
1348 0.888139
1351 0.887747
1354 0.887617
1357 0.887654
1360 0.887534
1363 0.887611
1366 0.887537
1369 0.887537
1372 0.889034
1375 0.888951
1378 0.889071
1381 0.889392
1384 0.889349
1387 0.890127
1390 0.889849
1393 0.890253
1396 0.890809
1399 0.891198
1402 0.891994
1405 0.892367
1408 0.892599
1411 0.89184
1414 0.891228
1417 0.891562
1420 0.891568
1423 0.891769
1426 0.890586
1429 0.890667
1432 0.889719
1435 0.889673
1438 0.89088
1441 0.889395
1444 0.88916
1447 0.888793
1450 0.888565
1453 0.889599
1456 0.889762
1459 0.889787
1462 0.891509
1465 0.893448
1468 0.893972
1471 0.89488
1474 0.89466
1477 0.8945
1480 0.894043
1483 0.893074
1486 0.893009
1489 0.893867
1492 0.895815
1495 0.894898
1498 0.895509
1501 0.897046
1504 0.898015
1507 0.898485
1510 0.901389
1513 0.905071
1516 0.90441
1519 0.904698
1522 0.902741
1525 0.903531
1528 0.905401
1531 0.905852
1534 0.902074
1537 0.900997
1540 0.900441
1543 0.896679
1546 0.898827
1549 0.89787
1552 0.888951
1555 0.882546
1558 0.884679
1561 0.886167
1564 0.886407
1567 0.886654
1570 0.88617
1573 0.88521
1576 0.890636
1579 0.895262
1582 0.901068
1585 0.899636
1588 0.89775
1591 0.893978
1594 0.890812
1597 0.892358
1600 0.88966
1603 0.890901
1606 0.888963
1609 0.894096
1612 0.898948
1615 0.900333
1618 0.899559
1621 0.89863
1624 0.901991
1627 0.907799
1630 0.915407
1633 0.918074
1636 0.919228
1639 0.916796
1642 0.915284
1645 0.911519
1648 0.912664
1651 0.911031
1654 0.909722
1657 0.904015
1660 0.902731
1663 0.900383
1666 0.89888
1669 0.902083
1672 0.907972
1675 0.909194
1678 0.904534
1681 0.89404
1684 0.883559
1687 0.873312
1690 0.868105
1693 0.869988
1696 0.86904
1699 0.866883
1702 0.867059
1705 0.867642
1708 0.859454
1711 0.83904
1714 0.827824
1717 0.821796
1720 0.819228
1723 0.818877
1726 0.814645
1729 0.809713
1732 0.792154
1735 0.731981
1738 0.653096
1741 0.605176
1744 0.565241
1747 0.554528
1750 0.50612
1753 0.488318
1756 0.480244
1759 0.471759
1762 0.463873
1765 0.457046
1768 0.47533
1771 0.477037
1774 0.490731
1777 0.492003
1780 0.474497
1783 0.458256
1786 0.446488
1789 0.425123
1792 0.409049
1795 0.391821
1798 0.382269
1801 0.387691
1804 0.389815
1807 0.392701
1810 0.397787
1813 0.387123
1816 0.373333
1819 0.370623
1822 0.373722
1825 0.368873
1828 0.357235
1831 0.34454
1834 0.331315
1837 0.317275
1840 0.302846
1843 0.282336
1846 0.266565
1849 0.248972
1852 0.225176
1855 0.215503
1858 0.220056
1861 0.213302
1864 0.196917
1867 0.189694
1870 0.210593
1873 0.22379
1876 0.227972
1879 0.236457
1882 0.254386
1885 0.270034
1888 0.296636
1891 0.319327
1894 0.338633
1897 0.340799
1900 0.36038
1903 0.419812
1906 0.472873
1909 0.488753
1912 0.466895
1915 0.451923
1918 0.436636
1921 0.423065
1924 0.412519
1927 0.377401
1930 0.35375
1933 0.314997
1936 0.295182
1939 0.283145
1942 0.271423
1945 0.264969
1948 0.24037
1951 0.216306
1954 0.187651
1957 0.164688
1960 0.140426
1963 0.115935
1966 0.0909167
1969 0.0637407
1972 0.0336759
1975 0.0182284
1978 0.00892593
1981 0.00785185
1984 0.007
1987 0.00545062
1990 0.0045216
1993 0.00460802
1996 0.00438272
1999 0.00408642
2002 0.0175401
2005 0.0509105
2008 0.0910864
2011 0.135577
2014 0.180451
2017 0.236657
2020 0.290244
2023 0.316975
2026 0.360324
2029 0.398679
2032 0.405432
2035 0.391154
2038 0.355253
2041 0.334349
2044 0.283657
2047 0.259701
2050 0.238836
2053 0.219225
2056 0.19792
2059 0.173528
2062 0.135241
2065 0.110222
2068 0.0870741
2071 0.0781512
2074 0.0601358
2077 0.0424105
2080 0.0264506
2083 0.0150833
2086 0.0147685
2089 0.0135185
2092 0.012963
2095 0.0129043
2098 0.0135772
2101 0.0177377
2104 0.0293981
2107 0.0457099
2110 0.0689136
2113 0.0975031
2116 0.129469
2119 0.171769
2122 0.215414
2125 0.279191
2128 0.362914
2131 0.434009
2134 0.476917
2137 0.511941
2140 0.512614
2143 0.504201
2146 0.49071
2149 0.475796
2152 0.390611
2155 0.338247
2158 0.326392
2161 0.316769
2164 0.311426
2167 0.298543
2170 0.283043
2173 0.268247
2176 0.234441
2179 0.207503
2182 0.167682
2185 0.134179
2188 0.105639
2191 0.0787037
2194 0.0570216
2197 0.0405432
2200 0.0268117
2203 0.018179
2206 0.0143117
2209 0.010679
2212 0.0055216
2215 0.0021821
2218 0.00228704
2221 0.00206173
2224 0.0024321
2227 0.00269136
2230 0.00310494
2233 0.00323457
2236 0.00383333
2239 0.00352469
2242 0.00349074
2245 0.0034321
2248 0.00400926
2251 0.00470679
2254 0.00607716
2257 0.00578704
2260 0.00707099
2263 0.00813889
2266 0.0113179
2269 0.0268642
2272 0.0482716
2275 0.070963
2278 0.0827685
2281 0.0922994
2284 0.0995833
2287 0.104549
2290 0.106139
2293 0.104145
2296 0.100793
2299 0.104735
2302 0.111194
2305 0.113074
2308 0.110966
2311 0.108423
2314 0.098216
2317 0.0886574
2320 0.0777932
2323 0.0706512
2326 0.0618673
2329 0.0581389
2332 0.0515833
2335 0.0411698
2338 0.0333364
2341 0.0290679
2344 0.0241698
2347 0.0197778
2350 0.0175401
2353 0.0205802
2356 0.0186667
2359 0.0170401
2362 0.0160062
2365 0.016358
2368 0.0165864
2371 0.0167932
2374 0.0175772
2377 0.0160741
2380 0.0149198
2383 0.0180154
2386 0.051287
2389 0.0783796
2392 0.084537
2395 0.0895556
2398 0.0900617
2401 0.0885864
2404 0.0879691
2407 0.0878056
2410 0.0828025
2413 0.080716
2416 0.0609907
2419 0.0508056
2422 0.0354228
2425 0.0224259
2428 0.010571
2431 0.00151543
2434 0.0244691
2437 0.0453519
2440 0.0516173
2443 0.0557315
2446 0.0560185
2449 0.0581914
2452 0.0565556
2455 0.0567099
2458 0.0553889
2461 0.056713
2464 0.0483179
2467 0.0346296
2470 0.0249105
2473 0.0174691
2476 0.0148519
2479 0.0163395
2482 0.0170216
2485 0.0180247
2488 0.0190988
2491 0.02025
2494 0.019821
2497 0.0200833
2500 0.020358
2503 0.0202593
2506 0.0206111
2509 0.0350895
2512 0.0584043
2515 0.0757994
2518 0.0757377
2521 0.0801265
2524 0.0850741
2527 0.0886512
2530 0.091892
2533 0.0914506
2536 0.0913148
2539 0.0925154
2542 0.0894012
2545 0.0884043
2548 0.0848796
2551 0.0734012
2554 0.0649907
2557 0.050716
2560 0.0362932
2563 0.0233889
2566 0.0120988
2569 0.0042037
2572 0.00169136
2575 0.00173457
2578 0.00170062
2581 0.00166975
2584 0.00159568
2587 0.00202469
2590 0.00187654
2593 0.00188889
2596 0.00185185
2599 0.00172531
2602 0.00172222
2605 0.00175617
2608 0.00196605
2611 0.00202469
2614 0.00170988
2617 0.00178395
2620 0.00171914
2623 0.00184877
2626 0.0193272
2629 0.039787
2632 0.048679
2635 0.0529105
2638 0.0701728
2641 0.0965895
2644 0.131275
2647 0.162898
2650 0.191154
2653 0.210981
2656 0.214599
2659 0.21934
2662 0.219728
2665 0.209179
2668 0.197361
2671 0.198877
2674 0.203204
2677 0.206383
2680 0.193191
2683 0.171657
2686 0.155256
2689 0.145438
2692 0.134512
2695 0.121957
2698 0.106438
2701 0.0941204
2704 0.0791574
2707 0.0679198
2710 0.0640679
2713 0.0652963
2716 0.0667006
2719 0.0662623
2722 0.0633302
2725 0.0639599
2728 0.072787
2731 0.0912068
2734 0.104293
2737 0.111074
2740 0.1135
2743 0.114747
2746 0.117065
2749 0.122565
2752 0.12409
2755 0.126571
2758 0.127562
2761 0.129414
2764 0.130593
2767 0.132951
2770 0.133593
2773 0.13483
2776 0.135756
2779 0.138528
2782 0.141806
2785 0.141698
2788 0.141056
2791 0.143009
2794 0.142858
2797 0.142593
2800 0.142485
2803 0.142315
2806 0.142543
2809 0.142991
2812 0.14263
2815 0.14325
2818 0.143491
2821 0.143929
2824 0.144086
2827 0.143633
2830 0.142932
2833 0.143049
2836 0.146327
2839 0.146636
2842 0.145954
2845 0.14466
2848 0.144957
2851 0.14592
2854 0.145855
2857 0.146204
2860 0.147262
2863 0.14583
2866 0.147182
2869 0.148463
2872 0.149713
2875 0.149241
2878 0.149117
2881 0.155602
2884 0.159284
2887 0.161611
2890 0.162861
2893 0.160809
2896 0.15871
2899 0.158068
2902 0.157759
2905 0.156485
2908 0.156948
2911 0.155775
2914 0.155105
2917 0.155012
2920 0.153707
2923 0.154559
2926 0.154429
2929 0.155383
2932 0.159228
2935 0.161077
2938 0.162917
2941 0.164892
2944 0.16666
2947 0.173031
2950 0.181213
2953 0.189935
2956 0.199448
2959 0.213627
2962 0.238583
2965 0.25483
2968 0.274602
2971 0.297426
2974 0.323938
2977 0.344321
2980 0.358386
2983 0.387719
2986 0.447173
2989 0.454015
2992 0.511549
2995 0.562046
2998 0.637988
3001 0.756006
3004 0.811037
3007 0.838645
3010 0.843167
3013 0.888401
3016 0.891929
3019 0.900731
3022 0.905494
3025 0.906917
3028 0.908003
3031 0.910463
3034 0.911052
3037 0.913108
3040 0.912765
3043 0.91158
3046 0.91067
3049 0.909108
3052 0.908454
3055 0.90858
3058 0.907806
3061 0.904167
3064 0.902025
3067 0.898901
3070 0.898343
3073 0.896713
3076 0.894031
3079 0.893299
3082 0.89234
3085 0.891812
3088 0.887935
3091 0.885657
3094 0.881978
3097 0.880605
3100 0.878741
3103 0.879676
3106 0.881611
3109 0.88179
3112 0.883253
3115 0.881253
3118 0.87808
3121 0.877043
3124 0.877651
3127 0.876395
3130 0.875373
3133 0.87163
3136 0.867213
3139 0.865728
3142 0.863923
3145 0.860593
3148 0.859133
3151 0.858343
3154 0.858272
3157 0.858293
3160 0.857966
3163 0.857873
3166 0.858565
3169 0.858377
3172 0.858892
3175 0.858673
3178 0.857673
3181 0.854262
3184 0.852562
3187 0.851846
3190 0.848991
3193 0.84716
3196 0.846383
3199 0.845963
3202 0.845531
3205 0.845867
3208 0.84583
3211 0.844019
3214 0.844627
3217 0.84362
3220 0.843735
3223 0.843657
3226 0.842969
3229 0.841997
3232 0.842086
3235 0.841537
3238 0.842003
3241 0.841935
3244 0.841994
3247 0.841383
3250 0.841478
3253 0.842441
3256 0.842586
3259 0.842219
3262 0.842367
3265 0.842806
3268 0.842877
3271 0.842586
3274 0.842735
3277 0.842571
3280 0.842383
3283 0.843049
3286 0.842948
3289 0.843426
3292 0.843691
3295 0.843077
3298 0.842454
3301 0.842685
3304 0.842735
3307 0.842556
3310 0.84275
3313 0.843299
3316 0.842244
3319 0.842432
3322 0.843145
3325 0.842991
3328 0.843096
3331 0.843494
3334 0.843059
3337 0.842031
3340 0.842052
3343 0.841772
3346 0.84091
3349 0.839836
3352 0.839704
3355 0.840738
3358 0.840994
3361 0.84366
3364 0.844244
3367 0.844651
3370 0.844914
3373 0.845765
3376 0.84567
3379 0.845781
3382 0.845623
3385 0.845407
3388 0.84446
3391 0.843895
3394 0.843895
3397 0.843481
3400 0.843534
3403 0.843691
3406 0.843735
3409 0.843577
3412 0.844679
3415 0.844093
3418 0.843546
3421 0.843593
3424 0.843904
3427 0.844299
3430 0.844682
3433 0.844596
3436 0.846978
3439 0.84638
3442 0.846836
3445 0.846441
3448 0.846457
3451 0.846824
3454 0.847556
3457 0.847324
3460 0.8475
3463 0.848491
3466 0.848401
3469 0.848633
3472 0.84863
3475 0.848457
3478 0.848593
3481 0.848432
3484 0.848235
3487 0.848809
3490 0.848401
3493 0.848546
3496 0.848315
3499 0.848071
3502 0.848713
3505 0.848559
3508 0.84841
3511 0.847614
3514 0.847722
3517 0.848049
3520 0.848133
3523 0.847981
3526 0.847994
3529 0.84791
3532 0.848157
3535 0.84809
3538 0.84913
3541 0.848549
3544 0.848395
3547 0.848568
3550 0.848528
3553 0.848466
3556 0.848488
3559 0.848361
3562 0.84842
3565 0.848682
3568 0.848716
3571 0.847454
3574 0.847685
3577 0.847438
3580 0.847636
3583 0.847664
3586 0.84791
3589 0.848037
3592 0.848099
3595 0.847583
3598 0.847728
3601 0.848034
3604 0.848012
3607 0.848417
3610 0.848031
3613 0.848028
3616 0.847741
3619 0.847485
3622 0.847824
3625 0.847364
3628 0.847401
3631 0.847222
3634 0.847259
3637 0.847259
3640 0.84684
3643 0.846784
3646 0.845852
3649 0.845651
3652 0.844877
3655 0.845108
3658 0.84571
3661 0.845796
3664 0.846003
3667 0.846071
3670 0.846951
3673 0.84709
3676 0.846978
3679 0.846941
3682 0.847836
3685 0.847889
3688 0.848287
3691 0.848164
3694 0.848142
3697 0.847895
3700 0.848009
3703 0.848349
3706 0.847988
3709 0.84821
3712 0.848444
3715 0.847963
3718 0.847895
3721 0.848562
3724 0.849028
3727 0.848981
3730 0.848272
3733 0.848556
3736 0.848892
3739 0.849114
3742 0.849809
3745 0.85034
3748 0.850478
3751 0.850201
3754 0.850688
3757 0.850318
3760 0.850176
3763 0.84962
3766 0.849201
3769 0.847599
3772 0.847843
3775 0.848932
3778 0.849691
3781 0.850367
3784 0.850225
3787 0.849787
3790 0.849765
3793 0.84946
3796 0.848864
3799 0.848142
3802 0.846238
3805 0.844194
3808 0.842981
3811 0.84412
3814 0.844281
3817 0.843972
3820 0.849673
3823 0.84938
3826 0.848812
3829 0.849077
3832 0.849201
3835 0.84917
3838 0.849157
3841 0.84892
3844 0.849133
3847 0.848556
3850 0.848142
3853 0.848099
3856 0.847948
3859 0.847509
3862 0.84787
3865 0.847843
3868 0.848096
3871 0.849111
3874 0.849096
3877 0.849448
3880 0.849664
3883 0.849015
3886 0.849466
3889 0.84859
3892 0.848843
3895 0.849938
3898 0.850309
3901 0.850719
3904 0.850043
3907 0.850083
3910 0.849806
3913 0.849432
3916 0.849071
3919 0.849154
3922 0.849861
3925 0.85012
3928 0.849796
3931 0.849488
3934 0.849497
3937 0.849299
3940 0.849238
3943 0.849336
3946 0.851123
3949 0.850398
3952 0.850093
3955 0.849978
3958 0.850198
3961 0.850809
3964 0.850364
3967 0.850426
3970 0.852096
3973 0.851673
3976 0.85092
3979 0.850806
3982 0.850198
3985 0.849414
3988 0.848861
3991 0.850429
3994 0.850302
3997 0.850846
4000 0.850812
4003 0.850756
4006 0.850025
4009 0.849731
4012 0.84963
4015 0.849799
4018 0.849605
4021 0.85112
4024 0.851142
4027 0.850787
4030 0.850343
4033 0.850287
4036 0.850472
4039 0.850235
4042 0.850395
4045 0.850512
4048 0.850719
4051 0.850596
4054 0.850596
4057 0.850275
4060 0.850253
4063 0.849864
4066 0.850284
4069 0.851127
4072 0.849664
4075 0.849333
4078 0.849315
4081 0.849522
4084 0.849596
4087 0.849796
4090 0.849824
4093 0.849784
4096 0.851793
4099 0.851491
4102 0.851679
4105 0.851235
4108 0.850784
4111 0.851102
4114 0.850898
4117 0.851167
4120 0.852719
4123 0.852688
4126 0.852762
4129 0.85271
4132 0.852654
4135 0.852401
4138 0.852062
4141 0.851611
4144 0.85171
4147 0.851824
4150 0.85033
4153 0.849426
4156 0.84862
4159 0.847932
4162 0.848019
4165 0.848417
4168 0.849596
4171 0.849796
4174 0.851015
4177 0.851889
4180 0.852623
4183 0.853738
4186 0.855503
4189 0.859765
4192 0.863775
4195 0.865438
4198 0.865667
4201 0.8645
4204 0.863457
4207 0.866278
4210 0.86717
4213 0.868568
4216 0.872114
4219 0.875093
4222 0.877343
4225 0.880031
4228 0.883617
4231 0.889673
4234 0.895889
4237 0.901389
4240 0.902404
4243 0.897188
4246 0.890701
4249 0.887383
4252 0.881559
4255 0.88292
4258 0.882025
4261 0.883265
4264 0.887253
4267 0.895617
4270 0.901827
4273 0.906216
4276 0.908889
4279 0.910833
4282 0.913034
4285 0.915083
4288 0.918861
4291 0.918389
4294 0.910725
4297 0.897824
4300 0.894164
4303 0.895278
4306 0.89463
4309 0.888889
4312 0.88538
4315 0.883676
4318 0.872401
4321 0.86429
4324 0.844478
4327 0.830299
4330 0.787151
4333 0.779256
4336 0.7695
4339 0.767623
4342 0.768315
4345 0.744241
4348 0.748028
4351 0.752636
4354 0.749747
4357 0.742639
4360 0.734846
4363 0.729352
4366 0.728494
4369 0.72384
4372 0.72341
4375 0.719633
4378 0.726972
4381 0.700451
4384 0.694519
4387 0.685031
4390 0.670225
4393 0.657074
4396 0.620528
4399 0.603849
4402 0.585948
4405 0.567679
4408 0.549435
4411 0.528827
4414 0.533904
4417 0.55675
4420 0.566367
4423 0.595762
4426 0.618019
4429 0.61892
4432 0.615756
4435 0.613664
4438 0.60266
4441 0.597278
4444 0.605562
4447 0.617012
4450 0.629636
4453 0.622494
4456 0.620448
4459 0.621432
4462 0.626883
4465 0.633204
4468 0.645966
4471 0.660528
4474 0.68842
4477 0.684775
4480 0.66134
4483 0.628469
4486 0.623719
4489 0.594472
4492 0.598775
4495 0.594179
4498 0.610336
4501 0.62884
4504 0.66429
4507 0.703608
4510 0.743179
4513 0.778667
4516 0.824059
4519 0.848324
4522 0.867213
4525 0.883596
4528 0.896302
4531 0.91159
4534 0.918219
4537 0.923531
4540 0.925951
4543 0.928423
4546 0.928065
4549 0.918414
4552 0.908241
4555 0.90096
4558 0.884321
4561 0.863136
4564 0.853284
4567 0.806059
4570 0.805472
4573 0.744722
4576 0.724775
4579 0.708074
4582 0.693852
4585 0.692556
4588 0.69708
4591 0.70312
4594 0.747373
4597 0.761262
4600 0.761404
4603 0.756744
4606 0.75471
4609 0.751978
4612 0.754373
4615 0.749519
4618 0.742543
4621 0.707176
4624 0.609769
4627 0.587389
4630 0.572855
4633 0.581296
4636 0.594398
4639 0.63079
4642 0.678179
4645 0.710824
4648 0.726167
4651 0.727068
4654 0.735324
4657 0.734414
4660 0.69437
4663 0.674395
4666 0.660815
4669 0.655593
4672 0.635512
4675 0.632463
4678 0.55983
4681 0.482673
4684 0.450756
4687 0.380617
4690 0.373154
4693 0.374194
4696 0.37034
4699 0.374244
4702 0.382127
4705 0.391102
4708 0.394469
4711 0.41354
4714 0.474515
4717 0.51079
4720 0.575583
4723 0.581948
4726 0.583022
4729 0.586105
4732 0.543593
4735 0.533478
4738 0.512315
4741 0.483343
4744 0.463358
4747 0.405867
4750 0.360287
4753 0.331438
4756 0.290571
4759 0.267543
4762 0.236358
4765 0.210235
4768 0.1785
4771 0.156448
4774 0.135552
4777 0.109833
4780 0.0872006
4783 0.071892
4786 0.0537253
4789 0.0379846
4792 0.0209753
4795 0.0121358
4798 0.00455247
4801 0.000731481
4804 0.000518519
4807 0.000484568
4810 0.00037963
4813 0.000302469
4816 0.000364198
4819 0.00032716
4822 0.00037037
4825 0.000290123
4828 0.000219136
4831 0.000194444
4834 0.00231481
4837 0.00210802
4840 0.00249383
4843 0.00259259
4846 0.00294753
4849 0.00305247
4852 0.00316975
4855 0.00355556
4858 0.00352469
4861 0.00341049
4864 0.00295679
4867 0.00262037
4870 0.00267593
4873 0.00216667
4876 0.00192901
4879 0.00179012
4882 0.0016358
4885 0.00199383
4888 0.00200617
4891 0.00179012
4894 0.00162654
4897 0.00112346
4900 0.000503086
4903 0.000373457
4906 0.000237654
4909 0.000141975
4912 0.000145062
4915 0.000141975
4918 0.0250957
4921 0.0445586
4924 0.0507346
4927 0.072716
4930 0.103744
4933 0.117821
4936 0.123719
4939 0.13288
4942 0.13217
4945 0.133099
4948 0.134083
4951 0.12196
4954 0.109228
4957 0.0949938
4960 0.0866481
4963 0.0782716
4966 0.0649969
4969 0.0776883
4972 0.091142
4975 0.109738
4978 0.11846
4981 0.112969
4984 0.111617
4987 0.112429
4990 0.110605
4993 0.10934
4996 0.10758
4999 0.109198
5002 0.0996235
5005 0.0909938
5008 0.0868179
5011 0.0770309
5014 0.0594907
5017 0.0444444
5020 0.031537
5023 0.0298333
5026 0.0242407
5029 0.0181698
5032 0.0163642
5035 0.0171728
5038 0.0181265
5041 0.0181698
5044 0.0187654
5047 0.0206111
5050 0.0285031
5053 0.044892
5056 0.0627377
5059 0.0896574
5062 0.112948
5065 0.149284
5068 0.18238
5071 0.219559
5074 0.249389
5077 0.2675
5080 0.269148
5083 0.262352
5086 0.23692
5089 0.213605
5092 0.187543
5095 0.174901
5098 0.167747
5101 0.150855
5104 0.129352
5107 0.112534
5110 0.0966327
5113 0.0909691
5116 0.0822377
5119 0.0629722
5122 0.0408889
5125 0.0178025
5128 0.00358951
5131 0.000425926
5134 0.000521605
5137 0.000354938
5140 0.00032716
5143 0.000314815
5146 0.000311728
5149 0.000271605
5152 0.00025
5155 0.000259259
5158 0.000271605
5161 0.000475309
5164 0.000287037
5167 0.000216049
5170 0.000169753
5173 0.00016358
5176 0.000194444
5179 0.000194444
5182 0.00016358
5185 3.7037e-05
5188 3.08642e-05
5191 1.85185e-05
5194 0
5197 0.000243827
5200 0.000203704
5203 0.000197531
5206 0.000151235
5209 0.000151235
5212 0.000148148
5215 0.00016358
5218 0.00016358
5221 0.000302469
5224 0.000240741
5227 0.000231481
5230 0.000209877
5233 0.00020679
5236 0.000209877
5239 0.000200617
5242 0.00017284
5245 0.000348765
5248 0.000268519
5251 0.000274691
5254 0.00025
5257 0.00448148
5260 0.0312469
5263 0.0536173
5266 0.0638519
5269 0.0717006
5272 0.0747963
5275 0.0755216
5278 0.076213
5281 0.0761605
5284 0.0768951
5287 0.0769722
5290 0.0911111
5293 0.121972
5296 0.144191
5299 0.161488
5302 0.169148
5305 0.192003
5308 0.194463
5311 0.196315
5314 0.194596
5317 0.192114
5320 0.194932
5323 0.188617
5326 0.182235
5329 0.187515
5332 0.206497
5335 0.22329
5338 0.228753
5341 0.227691
5344 0.228386
5347 0.227127
5350 0.226716
5353 0.245108
5356 0.275673
5359 0.304392
5362 0.317139
5365 0.304287
5368 0.298577
5371 0.294373
5374 0.294775
5377 0.295056
5380 0.296321
5383 0.29559
5386 0.299151
5389 0.30858
5392 0.317537
5395 0.327367
5398 0.33233
5401 0.332466
5404 0.332568
5407 0.336451
5410 0.338336
5413 0.337877
5416 0.341426
5419 0.360127
5422 0.37679
5425 0.389481
5428 0.395336
5431 0.396574
5434 0.400617
5437 0.40608
5440 0.414247
5443 0.423858
5446 0.430531
5449 0.442145
5452 0.451111
5455 0.455522
5458 0.455954
5461 0.454401
5464 0.459861
5467 0.460275
5470 0.459284
5473 0.45567
5476 0.451306
5479 0.451457
5482 0.457065
5485 0.464019
5488 0.473472
5491 0.482343
5494 0.492219
5497 0.509133
5500 0.523488
5503 0.54946
5506 0.561824
5509 0.59134
5512 0.615537
5515 0.626673
5518 0.632753
5521 0.685398
5524 0.693917
5527 0.705731
5530 0.742716
5533 0.776145
5536 0.798614
5539 0.807895
5542 0.812571
5545 0.845775
5548 0.846546
5551 0.84516
5554 0.843287
5557 0.842559
5560 0.841799
5563 0.83834
5566 0.839549
5569 0.834151
5572 0.83521
5575 0.836583
5578 0.833596
5581 0.830164
5584 0.831698
5587 0.839676
5590 0.860244
5593 0.866651
5596 0.878735
5599 0.878858
5602 0.87808
5605 0.878059
5608 0.877194
5611 0.875352
5614 0.874299
5617 0.873037
5620 0.874944
5623 0.874565
5626 0.875071
5629 0.875003
5632 0.874904
5635 0.875583
5638 0.875506
5641 0.87613
5644 0.877731
5647 0.876827
5650 0.877367
5653 0.876404
5656 0.875157
5659 0.874164
5662 0.874753
5665 0.874636
5668 0.875537
5671 0.874759
5674 0.875546
5677 0.876164
5680 0.876503
5683 0.876793
5686 0.875438
5689 0.875244
5692 0.875744
5695 0.875886
5698 0.876269
5701 0.875818
5704 0.875284
5707 0.874698
5710 0.874454
5713 0.870025
5716 0.868259
5719 0.867846
5722 0.86354
5725 0.863123
5728 0.863318
5731 0.863336
5734 0.862741
5737 0.862614
