1 0.0755102
4 0.0787092
7 0.092
10 0.104888
13 0.108709
16 0.11302
19 0.114816
22 0.116005
25 0.119464
28 0.127097
31 0.129724
34 0.130724
37 0.130673
40 0.131546
43 0.133352
46 0.135347
49 0.135827
52 0.135622
55 0.134526
58 0.132806
61 0.132148
64 0.132148
67 0.133842
70 0.134122
73 0.137179
76 0.140459
79 0.142235
82 0.149051
85 0.165704
88 0.18302
91 0.199658
94 0.202633
97 0.205148
100 0.207546
103 0.208102
106 0.205321
109 0.212679
112 0.223893
115 0.23401
118 0.240566
121 0.237816
124 0.237791
127 0.238668
130 0.241327
133 0.249199
136 0.251944
139 0.255454
142 0.254133
145 0.25302
148 0.248429
151 0.244439
154 0.242311
157 0.237781
160 0.233811
163 0.230765
166 0.228765
169 0.227964
172 0.228367
175 0.22648
178 0.224801
181 0.225311
184 0.224291
187 0.222143
190 0.221939
193 0.221464
196 0.221923
199 0.222184
202 0.222464
205 0.22327
208 0.222163
211 0.222429
214 0.221622
217 0.221179
220 0.221852
223 0.22099
226 0.220781
229 0.220245
232 0.220122
235 0.220796
238 0.220454
241 0.219459
244 0.221255
247 0.220546
250 0.219714
253 0.218821
256 0.218668
259 0.218969
262 0.218224
265 0.21827
268 0.217908
271 0.218153
274 0.217816
277 0.217337
280 0.216413
283 0.216811
286 0.217541
289 0.215566
292 0.214056
295 0.215061
298 0.214776
301 0.214378
304 0.214454
307 0.214444
310 0.215408
313 0.215796
316 0.217903
319 0.21748
322 0.218878
325 0.219602
328 0.219694
331 0.219128
334 0.219107
337 0.218985
340 0.219684
343 0.225367
346 0.231056
349 0.232821
352 0.23252
355 0.231908
358 0.231444
361 0.231219
364 0.230806
367 0.230347
370 0.229204
373 0.228617
376 0.227332
379 0.2265
382 0.226296
385 0.227878
388 0.232184
391 0.237505
394 0.239469
397 0.243117
400 0.244689
403 0.246954
406 0.250204
409 0.255607
412 0.261653
415 0.273444
418 0.283755
421 0.292321
424 0.304255
427 0.317561
430 0.329612
433 0.342526
436 0.355418
439 0.36376
442 0.371429
445 0.383071
448 0.386913
451 0.393133
454 0.398857
457 0.402541
460 0.406281
463 0.410347
466 0.411617
469 0.412097
472 0.41798
475 0.418066
478 0.416908
481 0.416699
484 0.416092
487 0.415862
490 0.414837
493 0.415352
496 0.415673
499 0.418668
502 0.4325
505 0.451923
508 0.465138
511 0.473939
514 0.477306
517 0.485357
520 0.507
523 0.517423
526 0.526459
529 0.531255
532 0.532372
535 0.534311
538 0.534724
541 0.532454
544 0.532781
547 0.532143
550 0.529811
553 0.52748
556 0.524082
559 0.522347
562 0.520301
565 0.518056
568 0.516219
571 0.519041
574 0.525
577 0.534582
580 0.545495
583 0.558077
586 0.571321
589 0.583949
592 0.595556
595 0.622204
598 0.638689
601 0.650908
604 0.657378
607 0.671332
610 0.685918
613 0.693474
616 0.69625
619 0.696306
622 0.707061
625 0.706867
628 0.705597
631 0.709872
634 0.713694
637 0.716153
640 0.718929
643 0.71999
646 0.74101
649 0.743893
652 0.746719
655 0.748204
658 0.748342
661 0.747969
664 0.749158
667 0.747765
670 0.747036
673 0.745995
676 0.745495
679 0.745097
682 0.746281
685 0.745709
688 0.744189
691 0.74352
694 0.743628
697 0.749551
700 0.748199
703 0.747745
706 0.750918
709 0.753051
712 0.758087
715 0.758643
718 0.769327
721 0.816577
724 0.817694
727 0.817821
730 0.817015
733 0.819117
736 0.826245
739 0.830872
742 0.836138
745 0.853816
748 0.855622
751 0.861286
754 0.862041
757 0.86276
760 0.86349
763 0.868434
766 0.870505
769 0.87323
772 0.885577
775 0.886015
778 0.88552
781 0.885342
784 0.884515
787 0.884378
790 0.882923
793 0.882204
796 0.877566
799 0.876378
802 0.872709
805 0.87
808 0.867653
811 0.870031
814 0.878847
817 0.881158
820 0.884944
823 0.885138
826 0.886143
829 0.886439
832 0.887658
835 0.887413
838 0.888082
841 0.88849
844 0.888638
847 0.888918
850 0.888714
853 0.888959
856 0.888531
859 0.888255
862 0.887995
865 0.888184
868 0.888643
871 0.88802
874 0.888031
877 0.888255
880 0.889209
883 0.888786
886 0.888872
889 0.888959
892 0.888566
895 0.888582
898 0.888469
901 0.88851
904 0.888638
907 0.888929
910 0.889168
913 0.889357
916 0.889536
919 0.889526
922 0.889724
925 0.890117
928 0.889878
931 0.887582
934 0.887908
937 0.888138
940 0.888709
943 0.888551
946 0.887816
949 0.887903
952 0.887903
955 0.889
958 0.888969
961 0.888827
964 0.888918
967 0.888684
970 0.888454
973 0.888184
976 0.887786
979 0.886832
982 0.885806
985 0.886408
988 0.886434
991 0.887541
994 0.887423
997 0.887403
1000 0.888255
1003 0.888474
1006 0.889092
1009 0.889097
1012 0.885505
1015 0.885663
1018 0.886056
1021 0.886658
1024 0.886413
1027 0.885944
1030 0.886689
1033 0.886316
1036 0.887122
1039 0.886974
1042 0.886918
1045 0.886832
1048 0.886811
1051 0.886776
1054 0.887408
1057 0.887184
1060 0.88799
1063 0.886464
1066 0.886311
1069 0.886301
1072 0.88624
1075 0.886311
1078 0.886306
1081 0.886418
1084 0.886291
1087 0.884316
1090 0.88476
1093 0.884393
1096 0.884913
1099 0.885
1102 0.885077
1105 0.885179
1108 0.885505
1111 0.884097
1114 0.884153
1117 0.884291
1120 0.885189
1123 0.88575
1126 0.885189
1129 0.884464
1132 0.88449
1135 0.884337
1138 0.885934
1141 0.886219
1144 0.885908
1147 0.88599
1150 0.886923
1153 0.887862
1156 0.887903
1159 0.887077
1162 0.884673
1165 0.884689
1168 0.885418
1171 0.886066
1174 0.886245
1177 0.886679
1180 0.886944
1183 0.886893
1186 0.885138
1189 0.885597
1192 0.885321
1195 0.885679
1198 0.886005
1201 0.886612
1204 0.886587
1207 0.886434
1210 0.886597
1213 0.888138
1216 0.887638
1219 0.887556
1222 0.887699
1225 0.887893
1228 0.887821
1231 0.888092
1234 0.887633
1237 0.887531
1240 0.88625
1243 0.886418
1246 0.887173
1249 0.887097
1252 0.886694
1255 0.886439
1258 0.886367
1261 0.884571
1264 0.885648
1267 0.885791
1270 0.885663
1273 0.88576
1276 0.886357
1279 0.887041
1282 0.886781
1285 0.887015
1288 0.886209
1291 0.885959
1294 0.885893
1297 0.886056
1300 0.886934
1303 0.887449
1306 0.887092
1309 0.887837
1312 0.886862
1315 0.886429
1318 0.887046
1321 0.887607
1324 0.887872
1327 0.888189
1330 0.888168
1333 0.88799
1336 0.886714
1339 0.886923
1342 0.887214
1345 0.886684
1348 0.886735
1351 0.886306
1354 0.886117
1357 0.886393
1360 0.886163
1363 0.886087
1366 0.886204
1369 0.885893
1372 0.887321
1375 0.88748
1378 0.887413
1381 0.887704
1384 0.887607
1387 0.888995
1390 0.888383
1393 0.889046
1396 0.889469
1399 0.889592
1402 0.889969
1405 0.890495
1408 0.89074
1411 0.890852
1414 0.89001
1417 0.890429
1420 0.890122
1423 0.89075
1426 0.890005
1429 0.889735
1432 0.888888
1435 0.888689
1438 0.889883
1441 0.888995
1444 0.888097
1447 0.888561
1450 0.887786
1453 0.888786
1456 0.889143
1459 0.889204
1462 0.890158
1465 0.893337
1468 0.894449
1471 0.895321
1474 0.894316
1477 0.893974
1480 0.894051
1483 0.892097
1486 0.892469
1489 0.893306
1492 0.895536
1495 0.895607
1498 0.894995
1501 0.896372
1504 0.897347
1507 0.898291
1510 0.900832
1513 0.905082
1516 0.904923
1519 0.905112
1522 0.902199
1525 0.903781
1528 0.905138
1531 0.906327
1534 0.902786
1537 0.901122
1540 0.900133
1543 0.897138
1546 0.899015
1549 0.898066
1552 0.88875
1555 0.882332
1558 0.884383
1561 0.886107
1564 0.887031
1567 0.886566
1570 0.886357
1573 0.884577
1576 0.890393
1579 0.895679
1582 0.900571
1585 0.899724
1588 0.898056
1591 0.895026
1594 0.890189
1597 0.892077
1600 0.889357
1603 0.891643
1606 0.889597
1609 0.89348
1612 0.898995
1615 0.899408
1618 0.899918
1621 0.8985
1624 0.902367
1627 0.90748
1630 0.915439
1633 0.918026
1636 0.919041
1639 0.91727
1642 0.914755
1645 0.912704
1648 0.912071
1651 0.910633
1654 0.910286
1657 0.904189
1660 0.902526
1663 0.900082
1666 0.898046
1669 0.902107
1672 0.908444
1675 0.909327
1678 0.904571
1681 0.893592
1684 0.88349
1687 0.873041
1690 0.86801
1693 0.870046
1696 0.869893
1699 0.867449
1702 0.867051
1705 0.867546
1708 0.859612
1711 0.839347
1714 0.827949
1717 0.822587
1720 0.819684
1723 0.818827
1726 0.814724
1729 0.810474
1732 0.791735
1735 0.731867
1738 0.652679
1741 0.604852
1744 0.564459
1747 0.554327
1750 0.505852
1753 0.487918
1756 0.479827
1759 0.471617
1762 0.463974
1765 0.457036
1768 0.475209
1771 0.476454
1774 0.490347
1777 0.491429
1780 0.474643
1783 0.457872
1786 0.446515
1789 0.425005
1792 0.409148
1795 0.391378
1798 0.38226
1801 0.388122
1804 0.389658
1807 0.392699
1810 0.397372
1813 0.387046
1816 0.373663
1819 0.370362
1822 0.374352
1825 0.369444
1828 0.35751
1831 0.344005
1834 0.331179
1837 0.316684
1840 0.30277
1843 0.282077
1846 0.266597
1849 0.248031
1852 0.224944
1855 0.215235
1858 0.219918
1861 0.213077
1864 0.197158
1867 0.189806
1870 0.210265
1873 0.223179
1876 0.226699
1879 0.235821
1882 0.254408
1885 0.270388
1888 0.296122
1891 0.319102
1894 0.338663
1897 0.3405
1900 0.36
1903 0.42
1906 0.4725
1909 0.489214
1912 0.466643
1915 0.451699
1918 0.436031
1921 0.422929
1924 0.41252
1927 0.377367
1930 0.354087
1933 0.314883
1936 0.295321
1939 0.283531
1942 0.270806
1945 0.264602
1948 0.240265
1951 0.216546
1954 0.187837
1957 0.164949
1960 0.140444
1963 0.11627
1966 0.0911224
1969 0.0638673
1972 0.0338469
1975 0.0182755
1978 0.00890306
1981 0.00785204
1984 0.00695408
1987 0.00560204
1990 0.00456122
1993 0.00478061
1996 0.00442347
1999 0.00416837
2002 0.017699
2005 0.050898
2008 0.0911582
2011 0.135699
2014 0.180653
2017 0.236316
2020 0.290286
2023 0.316551
2026 0.360265
2029 0.39798
2032 0.404546
2035 0.390602
2038 0.355434
2041 0.333694
2044 0.283408
2047 0.260051
2050 0.239133
2053 0.219051
2056 0.197776
2059 0.173648
2062 0.135429
2065 0.110495
2068 0.0874745
2071 0.0782908
2074 0.0600204
2077 0.0425612
2080 0.0265969
2083 0.0152653
2086 0.0149082
2089 0.0136939
2092 0.0129898
2095 0.0130663
2098 0.0136429
2101 0.0178469
2104 0.0294082
2107 0.0458265
2110 0.0689643
2113 0.0977908
2116 0.130005
2119 0.171719
2122 0.215439
2125 0.279439
2128 0.362668
2131 0.434296
2134 0.476852
2137 0.511878
2140 0.512148
2143 0.503173
2146 0.489883
2149 0.475337
2152 0.390464
2155 0.338046
2158 0.326179
2161 0.316888
2164 0.311954
2167 0.298735
2170 0.283133
2173 0.268515
2176 0.234071
2179 0.207352
2182 0.168077
2185 0.134005
2188 0.105617
2191 0.0787551
2194 0.0571582
2197 0.0406173
2200 0.0267704
2203 0.0181786
2206 0.014199
2209 0.0106735
2212 0.0057449
2215 0.00238776
2218 0.00237245
2221 0.00216837
2224 0.00247959
2227 0.00281122
2230 0.00317857
2233 0.00314796
2236 0.00376531
2239 0.00368367
2242 0.00359184
2245 0.00352551
2248 0.00411224
2251 0.00480612
2254 0.00617347
2257 0.00586224
2260 0.00716327
2263 0.00836735
2266 0.0115408
2269 0.0271327
2272 0.0485408
2275 0.0711582
2278 0.0828827
2281 0.0923469
2284 0.099699
2287 0.10474
2290 0.105918
2293 0.104179
2296 0.100791
2299 0.104607
2302 0.111046
2305 0.112954
2308 0.111321
2311 0.108372
2314 0.0984133
2317 0.0890255
2320 0.0777194
2323 0.0706224
2326 0.0617959
2329 0.0579745
2332 0.0518776
2335 0.0413827
2338 0.0335408
2341 0.029102
2344 0.0239439
2347 0.0198418
2350 0.0174184
2353 0.0206531
2356 0.018648
2359 0.0171378
2362 0.0158776
2365 0.0162908
2368 0.0167041
2371 0.0168061
2374 0.0175102
2377 0.0160561
2380 0.0148724
2383 0.0181378
2386 0.0513163
2389 0.0782347
2392 0.084699
2395 0.0891684
2398 0.0899643
2401 0.0883418
2404 0.0880663
2407 0.0875867
2410 0.0828571
2413 0.080602
2416 0.0608418
2419 0.0509898
2422 0.0354796
2425 0.022449
2428 0.0106531
2431 0.00159694
2434 0.0245612
2437 0.0452194
2440 0.0516327
2443 0.0555969
2446 0.0564643
2449 0.0581837
2452 0.0562041
2455 0.0565306
2458 0.0556888
2461 0.0566735
2464 0.0485
2467 0.0349133
2470 0.0251531
2473 0.0174949
2476 0.0150969
2479 0.0165051
2482 0.0171224
2485 0.0181633
2488 0.0191837
2491 0.0202857
2494 0.0200204
2497 0.0200663
2500 0.0204643
2503 0.0202653
2506 0.020801
2509 0.0351837
2512 0.0584847
2515 0.0757245
2518 0.0759286
2521 0.0803929
2524 0.0850306
2527 0.0889337
2530 0.0924133
2533 0.091648
2536 0.0916837
2539 0.0923622
2542 0.0895408
2545 0.0883724
2548 0.084449
2551 0.0731531
2554 0.0649439
2557 0.0508418
2560 0.0362245
2563 0.0234439
2566 0.0122704
2569 0.00437755
2572 0.0017398
2575 0.00182143
2578 0.00181633
2581 0.00178571
2584 0.00169388
2587 0.00205612
2590 0.002
2593 0.00201531
2596 0.00195918
2599 0.00179592
2602 0.00180102
2605 0.00185714
2608 0.00202551
2611 0.00211735
2614 0.00183163
2617 0.00192347
2620 0.00180102
2623 0.00193878
2626 0.0194286
2629 0.0399592
2632 0.0488265
2635 0.0528469
2638 0.0703827
2641 0.096699
2644 0.131423
2647 0.163173
2650 0.190745
2653 0.211051
2656 0.214
2659 0.218954
2662 0.219689
2665 0.209
2668 0.197485
2671 0.198816
2674 0.203362
2677 0.206352
2680 0.193026
2683 0.171821
2686 0.155745
2689 0.145276
2692 0.133974
2695 0.121801
2698 0.106495
2701 0.0943418
2704 0.0794082
2707 0.0681173
2710 0.0642908
2713 0.0652602
2716 0.0666786
2719 0.0661531
2722 0.0632041
2725 0.0641173
2728 0.0729031
2731 0.0914082
2734 0.104316
2737 0.110944
2740 0.113587
2743 0.114597
2746 0.116944
2749 0.12223
2752 0.124036
2755 0.12676
2758 0.127954
2761 0.129046
2764 0.130556
2767 0.132929
2770 0.133281
2773 0.13499
2776 0.135653
2779 0.138219
2782 0.141878
2785 0.141643
2788 0.140832
2791 0.142633
2794 0.142939
2797 0.142281
2800 0.142194
2803 0.142286
2806 0.142408
2809 0.142867
2812 0.142592
2815 0.143316
2818 0.143607
2821 0.144031
2824 0.143964
2827 0.143546
2830 0.142878
2833 0.143092
2836 0.146342
2839 0.146872
2842 0.14599
2845 0.144806
2848 0.144949
2851 0.145954
2854 0.145745
2857 0.146061
2860 0.146643
2863 0.14576
2866 0.147107
2869 0.14877
2872 0.150066
2875 0.14948
2878 0.149403
2881 0.155913
2884 0.159301
2887 0.162041
2890 0.162791
2893 0.16099
2896 0.158929
2899 0.158235
2902 0.157934
2905 0.156673
2908 0.157005
2911 0.155556
2914 0.154959
2917 0.154806
2920 0.153633
2923 0.154546
2926 0.154332
2929 0.155357
2932 0.159286
2935 0.161097
2938 0.163515
2941 0.165255
2944 0.166878
2947 0.173291
2950 0.181296
2953 0.189964
2956 0.199663
2959 0.213694
2962 0.238602
2965 0.254786
2968 0.27449
2971 0.297306
2974 0.324015
2977 0.344163
2980 0.358214
2983 0.387694
2986 0.446755
2989 0.453617
2992 0.511163
2995 0.561684
2998 0.637786
3001 0.755638
3004 0.811122
3007 0.837985
3010 0.843026
3013 0.888867
3016 0.8915
3019 0.901046
3022 0.905622
3025 0.906964
3028 0.90826
3031 0.910449
3034 0.910959
3037 0.91373
3040 0.913184
3043 0.911235
3046 0.91074
3049 0.909495
3052 0.908806
3055 0.909066
3058 0.907694
3061 0.90401
3064 0.901648
3067 0.898413
3070 0.89877
3073 0.896087
3076 0.8935
3079 0.892929
3082 0.892122
3085 0.891633
3088 0.887801
3091 0.885597
3094 0.882469
3097 0.880332
3100 0.878434
3103 0.879378
3106 0.881173
3109 0.88177
3112 0.882959
3115 0.881148
3118 0.878031
3121 0.877219
3124 0.877444
3127 0.876092
3130 0.87477
3133 0.87176
3136 0.867245
3139 0.866311
3142 0.864684
3145 0.860755
3148 0.859327
3151 0.85849
3154 0.858653
3157 0.858235
3160 0.85799
3163 0.858092
3166 0.858893
3169 0.858403
3172 0.859056
3175 0.858189
3178 0.857306
3181 0.853852
3184 0.852622
3187 0.852245
3190 0.849495
3193 0.847056
3196 0.845755
3199 0.84599
3202 0.845724
3205 0.84549
3208 0.845556
3211 0.844474
3214 0.844541
3217 0.843495
3220 0.844122
3223 0.843837
3226 0.843316
3229 0.842245
3232 0.84227
3235 0.841719
3238 0.842378
3241 0.841827
3244 0.841755
3247 0.841168
3250 0.841383
3253 0.842816
3256 0.842842
3259 0.842383
3262 0.842903
3265 0.843709
3268 0.843806
3271 0.84326
3274 0.843316
3277 0.843194
3280 0.842796
3283 0.843709
3286 0.843347
3289 0.84377
3292 0.8435
3295 0.843393
3298 0.842597
3301 0.842878
3304 0.842923
3307 0.842561
3310 0.843041
3313 0.843224
3316 0.842515
3319 0.84276
3322 0.843112
3325 0.842857
3328 0.843163
3331 0.843648
3334 0.843291
3337 0.841571
3340 0.841806
3343 0.841867
3346 0.840908
3349 0.839806
3352 0.839531
3355 0.840867
3358 0.841087
3361 0.844122
3364 0.844801
3367 0.845138
3370 0.845638
3373 0.846071
3376 0.845821
3379 0.846173
3382 0.846097
3385 0.845878
3388 0.844668
3391 0.844291
3394 0.844311
3397 0.843663
3400 0.844
3403 0.844082
3406 0.844306
3409 0.843995
3412 0.844633
3415 0.84425
3418 0.843959
3421 0.844061
3424 0.844444
3427 0.844638
3430 0.845041
3433 0.844893
3436 0.846913
3439 0.846546
3442 0.846765
3445 0.846332
3448 0.846393
3451 0.846842
3454 0.847316
3457 0.847577
3460 0.847755
3463 0.848495
3466 0.848255
3469 0.848393
3472 0.848398
3475 0.848296
3478 0.848383
3481 0.848546
3484 0.848469
3487 0.848617
3490 0.848255
3493 0.84849
3496 0.848602
3499 0.848587
3502 0.848949
3505 0.848821
3508 0.848913
3511 0.847388
3514 0.847413
3517 0.847515
3520 0.847617
3523 0.847714
3526 0.847918
3529 0.847505
3532 0.84798
3535 0.84775
3538 0.849321
3541 0.848719
3544 0.848673
3547 0.848653
3550 0.848883
3553 0.848408
3556 0.84849
3559 0.84849
3562 0.848352
3565 0.848423
3568 0.848464
3571 0.847658
3574 0.847918
3577 0.847791
3580 0.847684
3583 0.847806
3586 0.847862
3589 0.848046
3592 0.848031
3595 0.847128
3598 0.847607
3601 0.84799
3604 0.848102
3607 0.848418
3610 0.848046
3613 0.848036
3616 0.847872
3619 0.847469
3622 0.847964
3625 0.847546
3628 0.847592
3631 0.847204
3634 0.847296
3637 0.847403
3640 0.84676
3643 0.846673
3646 0.845867
3649 0.84548
3652 0.84452
3655 0.844745
3658 0.845352
3661 0.845464
3664 0.845796
3667 0.845745
3670 0.847
3673 0.847051
3676 0.847209
3679 0.847133
3682 0.847878
3685 0.848184
3688 0.848398
3691 0.848168
3694 0.848316
3697 0.847898
3700 0.848082
3703 0.848291
3706 0.848357
3709 0.848673
3712 0.848571
3715 0.848531
3718 0.848883
3721 0.848342
3724 0.848878
3727 0.848867
3730 0.847923
3733 0.848306
3736 0.848546
3739 0.848852
3742 0.849587
3745 0.850056
3748 0.850173
3751 0.849816
3754 0.850097
3757 0.849852
3760 0.850015
3763 0.84948
3766 0.849036
3769 0.846995
3772 0.84802
3775 0.849301
3778 0.84973
3781 0.850112
3784 0.850026
3787 0.850036
3790 0.84974
3793 0.849628
3796 0.848551
3799 0.84802
3802 0.846122
3805 0.844194
3808 0.843214
3811 0.84399
3814 0.844306
3817 0.843913
3820 0.849969
3823 0.849347
3826 0.849122
3829 0.849372
3832 0.849566
3835 0.84977
3838 0.849526
3841 0.849352
3844 0.849561
3847 0.848607
3850 0.848531
3853 0.848679
3856 0.848418
3859 0.848143
3862 0.848158
3865 0.848276
3868 0.848235
3871 0.849046
3874 0.848628
3877 0.849179
3880 0.849342
3883 0.848719
3886 0.84926
3889 0.848495
3892 0.848622
3895 0.84948
3898 0.850684
3901 0.850694
3904 0.850026
3907 0.849995
3910 0.849566
3913 0.849378
3916 0.84901
3919 0.849148
3922 0.850321
3925 0.85026
3928 0.849745
3931 0.849633
3934 0.849781
3937 0.849602
3940 0.849449
3943 0.849423
3946 0.850832
3949 0.850117
3952 0.849939
3955 0.849923
3958 0.850173
3961 0.850679
3964 0.849969
3967 0.850306
3970 0.852184
3973 0.851724
3976 0.851051
3979 0.850668
3982 0.849929
3985 0.849112
3988 0.848622
3991 0.850031
3994 0.849913
3997 0.851556
4000 0.850872
4003 0.850622
4006 0.850439
4009 0.850036
4012 0.849704
4015 0.849893
4018 0.849602
4021 0.851347
4024 0.851107
4027 0.850653
4030 0.850235
4033 0.850352
4036 0.850133
4039 0.850015
4042 0.85024
4045 0.850551
4048 0.85051
4051 0.850541
4054 0.850474
4057 0.850092
4060 0.850209
4063 0.849893
4066 0.850337
4069 0.850944
4072 0.850199
4075 0.849898
4078 0.849821
4081 0.850005
4084 0.84998
4087 0.850056
4090 0.849923
4093 0.849934
4096 0.851959
4099 0.851929
4102 0.851913
4105 0.851852
4108 0.851036
4111 0.851556
4114 0.851408
4117 0.851439
4120 0.852832
4123 0.852469
4126 0.852689
4129 0.852801
4132 0.85273
4135 0.852638
4138 0.851883
4141 0.851719
4144 0.851694
4147 0.852
4150 0.8505
4153 0.849827
4156 0.848913
4159 0.84825
4162 0.848571
4165 0.848663
4168 0.849429
4171 0.850158
4174 0.851117
4177 0.852056
4180 0.853061
4183 0.854082
4186 0.855469
4189 0.859801
4192 0.863546
4195 0.865842
4198 0.865827
4201 0.864903
4204 0.863944
4207 0.866949
4210 0.867541
4213 0.869005
4216 0.871541
4219 0.87499
4222 0.877311
4225 0.880194
4228 0.883168
4231 0.888964
4234 0.895872
4237 0.901536
4240 0.901934
4243 0.896745
4246 0.890235
4249 0.887102
4252 0.881469
4255 0.883041
4258 0.882372
4261 0.88298
4264 0.887337
4267 0.896122
4270 0.902087
4273 0.90675
4276 0.90852
4279 0.91074
4282 0.912974
4285 0.915362
4288 0.918526
4291 0.917755
4294 0.910949
4297 0.897434
4300 0.894153
4303 0.895235
4306 0.894653
4309 0.888776
4312 0.88599
4315 0.883459
4318 0.871347
4321 0.864954
4324 0.844429
4327 0.829893
4330 0.787439
4333 0.779122
4336 0.769964
4339 0.767536
4342 0.767643
4345 0.744107
4348 0.747281
4351 0.751969
4354 0.749332
4357 0.741714
4360 0.734602
4363 0.728296
4366 0.728087
4369 0.722929
4372 0.722628
4375 0.718551
4378 0.727168
4381 0.700117
4384 0.694643
4387 0.684918
4390 0.669607
4393 0.656423
4396 0.620403
4399 0.603342
4402 0.585872
4405 0.567378
4408 0.548699
4411 0.528653
4414 0.533969
4417 0.556719
4420 0.565112
4423 0.59599
4426 0.618133
4429 0.618781
4432 0.615378
4435 0.61325
4438 0.602459
4441 0.59774
4444 0.60575
4447 0.616673
4450 0.629117
4453 0.621801
4456 0.619219
4459 0.620862
4462 0.626878
4465 0.633133
4468 0.646495
4471 0.660168
4474 0.688577
4477 0.684781
4480 0.661327
4483 0.628536
4486 0.624469
4489 0.594546
4492 0.598633
4495 0.594184
4498 0.609959
4501 0.628536
4504 0.664536
4507 0.703383
4510 0.742883
4513 0.778092
4516 0.823648
4519 0.848087
4522 0.867255
4525 0.883179
4528 0.896811
4531 0.911653
4534 0.918051
4537 0.922888
4540 0.925026
4543 0.928235
4546 0.928005
4549 0.919138
4552 0.907689
4555 0.900694
4558 0.883459
4561 0.862765
4564 0.853791
4567 0.805668
4570 0.806316
4573 0.745133
4576 0.724949
4579 0.708827
4582 0.693719
4585 0.692684
4588 0.695995
4591 0.702811
4594 0.746827
4597 0.760699
4600 0.760985
4603 0.756398
4606 0.754704
4609 0.75226
4612 0.753526
4615 0.75026
4618 0.743378
4621 0.706648
4624 0.610128
4627 0.588092
4630 0.572969
4633 0.580872
4636 0.594352
4639 0.630872
4642 0.678413
4645 0.710811
4648 0.725418
4651 0.727148
4654 0.735372
4657 0.734117
4660 0.693724
4663 0.673837
4666 0.660026
4669 0.654806
4672 0.634765
4675 0.631806
4678 0.559556
4681 0.482638
4684 0.44974
4687 0.381168
4690 0.372842
4693 0.374791
4696 0.369934
4699 0.373832
4702 0.381898
4705 0.391153
4708 0.394046
4711 0.413806
4714 0.474709
4717 0.510362
4720 0.57527
4723 0.581821
4726 0.582051
4729 0.585648
4732 0.542786
4735 0.533
4738 0.511612
4741 0.483704
4744 0.462786
4747 0.4055
4750 0.360005
4753 0.331122
4756 0.290128
4759 0.266995
4762 0.235816
4765 0.20998
4768 0.178332
4771 0.156281
4774 0.135811
4777 0.109724
4780 0.0870459
4783 0.0714796
4786 0.0536633
4789 0.0381888
4792 0.0210255
4795 0.0121378
4798 0.00452041
4801 0.00072449
4804 0.000535714
4807 0.000505102
4810 0.000377551
4813 0.000285714
4816 0.000372449
4819 0.000321429
4822 0.000387755
4825 0.000280612
4828 0.000214286
4831 0.000168367
4834 0.00234694
4837 0.00209694
4840 0.00256633
4843 0.00264286
4846 0.00305102
4849 0.00313776
4852 0.00325
4855 0.00353571
4858 0.00357143
4861 0.00342857
4864 0.00305612
4867 0.00269898
4870 0.00279592
4873 0.0022551
4876 0.002
4879 0.00188265
4882 0.00170918
4885 0.00206633
4888 0.00204082
4891 0.00190306
4894 0.00172449
4897 0.00118367
4900 0.000540816
4903 0.000387755
4906 0.000255102
4909 0.000142857
4912 0.000137755
4915 0.000112245
4918 0.0250051
4921 0.0443163
4924 0.0506173
4927 0.0726684
4930 0.103444
4933 0.117816
4936 0.123801
4939 0.132372
4942 0.131872
4945 0.132964
4948 0.134316
4951 0.121429
4954 0.109245
4957 0.0947041
4960 0.0869898
4963 0.0782245
4966 0.0650255
4969 0.0773418
4972 0.0917092
4975 0.109607
4978 0.118168
4981 0.112413
4984 0.111816
4987 0.111816
4990 0.110663
4993 0.108765
4996 0.107367
4999 0.109082
5002 0.0995816
5005 0.0912551
5008 0.0867908
5011 0.0770102
5014 0.0593776
5017 0.0445765
5020 0.0318724
5023 0.0299439
5026 0.0243163
5029 0.0181786
5032 0.01625
5035 0.0171327
5038 0.0178622
5041 0.0181429
5044 0.0186633
5047 0.0204745
5050 0.0287398
5053 0.0451071
5056 0.063051
5059 0.0899439
5062 0.112985
5065 0.149281
5068 0.182536
5071 0.219372
5074 0.249041
5077 0.267235
5080 0.268954
5083 0.262561
5086 0.236679
5089 0.213791
5092 0.187694
5095 0.174878
5098 0.167816
5101 0.151133
5104 0.129347
5107 0.112485
5110 0.0965408
5113 0.0909541
5116 0.0823061
5119 0.0629541
5122 0.040949
5125 0.0178112
5128 0.00362245
5131 0.00044898
5134 0.0005
5137 0.000382653
5140 0.000311224
5143 0.000295918
5146 0.000280612
5149 0.000239796
5152 0.000204082
5155 0.000209184
5158 0.000229592
5161 0.000418367
5164 0.000280612
5167 0.000244898
5170 0.000209184
5173 0.000214286
5176 0.000204082
5179 0.000229592
5182 0.00019898
5185 4.08163e-05
5188 2.55102e-05
5191 1.53061e-05
5194 0
5197 0.000244898
5200 0.000214286
5203 0.000204082
5206 0.000173469
5209 0.000153061
5212 0.000163265
5215 0.000183673
5218 0.000178571
5221 0.000295918
5224 0.000204082
5227 0.000193878
5230 0.000178571
5233 0.000183673
5236 0.000183673
5239 0.000173469
5242 0.000168367
5245 0.000367347
5248 0.00030102
5251 0.00030102
5254 0.000260204
5257 0.00455612
5260 0.0313316
5263 0.0535714
5266 0.0639847
5269 0.0715969
5272 0.0748265
5275 0.0753673
5278 0.0760357
5281 0.0760867
5284 0.0769286
5287 0.076801
5290 0.0912041
5293 0.121954
5296 0.143944
5299 0.161173
5302 0.168832
5305 0.191954
5308 0.194199
5311 0.196112
5314 0.193959
5317 0.191954
5320 0.194847
5323 0.188791
5326 0.181964
5329 0.187607
5332 0.206214
5335 0.223122
5338 0.228413
5341 0.227168
5344 0.22851
5347 0.226898
5350 0.226617
5353 0.245199
5356 0.275485
5359 0.304699
5362 0.316816
5365 0.303857
5368 0.298526
5371 0.294357
5374 0.294587
5377 0.295138
5380 0.296107
5383 0.295352
5386 0.298842
5389 0.308541
5392 0.317296
5395 0.32723
5398 0.33327
5401 0.333194
5404 0.332556
5407 0.336969
5410 0.338898
5413 0.33798
5416 0.341694
5419 0.360531
5422 0.377
5425 0.389633
5428 0.394781
5431 0.396469
5434 0.400587
5437 0.406393
5440 0.414082
5443 0.423735
5446 0.43098
5449 0.441699
5452 0.451112
5455 0.455112
5458 0.456036
5461 0.454153
5464 0.459653
5467 0.459658
5470 0.459194
5473 0.454949
5476 0.450633
5479 0.451199
5482 0.456556
5485 0.46324
5488 0.472862
5491 0.481878
5494 0.491526
5497 0.509138
5500 0.523689
5503 0.550005
5506 0.561811
5509 0.590821
5512 0.615398
5515 0.626097
5518 0.632704
5521 0.685413
5524 0.694158
5527 0.705546
5530 0.742531
5533 0.776352
5536 0.798714
5539 0.807577
5542 0.812791
5545 0.846061
5548 0.846903
5551 0.84498
5554 0.843378
5557 0.841837
5560 0.84175
5563 0.838505
5566 0.839194
5569 0.833898
5572 0.835306
5575 0.83676
5578 0.833194
5581 0.829459
5584 0.831505
5587 0.839633
5590 0.860112
5593 0.866995
5596 0.878551
5599 0.878526
5602 0.878117
5605 0.877872
5608 0.876673
5611 0.875327
5614 0.874403
5617 0.873429
5620 0.875296
5623 0.87524
5626 0.875107
5629 0.875439
5632 0.87551
5635 0.875709
5638 0.875449
5641 0.876566
5644 0.878102
5647 0.877235
5650 0.877974
5653 0.877153
5656 0.875638
5659 0.87523
5662 0.875332
5665 0.875286
5668 0.875934
5671 0.874638
5674 0.875684
5677 0.876357
5680 0.876801
5683 0.877056
5686 0.875714
5689 0.875699
5692 0.876566
5695 0.875403
5698 0.876903
5701 0.875786
5704 0.875306
5707 0.875026
5710 0.874883
5713 0.870393
5716 0.868653
5719 0.868332
5722 0.863622
5725 0.863316
5728 0.863551
5731 0.863117
5734 0.862454
5737 0.862485
