1 0.0754375
4 0.0785069
7 0.0923924
10 0.105273
13 0.109339
16 0.113061
19 0.114924
22 0.116113
25 0.11999
28 0.127693
31 0.130377
34 0.131089
37 0.130847
40 0.131668
43 0.133122
46 0.135597
49 0.135854
52 0.135828
55 0.134774
58 0.133361
61 0.13263
64 0.132446
67 0.133858
70 0.134311
73 0.137276
76 0.140352
79 0.142231
82 0.149128
85 0.165613
88 0.183054
91 0.199281
94 0.202802
97 0.205358
100 0.207408
103 0.208106
106 0.205542
109 0.213019
112 0.224594
115 0.23446
118 0.24091
121 0.238222
124 0.237976
127 0.238519
130 0.241483
133 0.248826
136 0.252337
139 0.255748
142 0.254483
145 0.252554
148 0.248436
151 0.24484
154 0.242328
157 0.237712
160 0.23403
163 0.231045
166 0.228854
169 0.227946
172 0.228175
175 0.226453
178 0.224816
181 0.225009
184 0.22421
187 0.22196
190 0.221835
193 0.221352
196 0.221894
199 0.221974
202 0.222512
205 0.223293
208 0.222214
211 0.222682
214 0.221929
217 0.221328
220 0.221868
223 0.220939
226 0.220627
229 0.22029
232 0.220226
235 0.220832
238 0.220495
241 0.219585
244 0.221208
247 0.220722
250 0.219873
253 0.218892
256 0.218719
259 0.218984
262 0.218361
265 0.218486
268 0.218132
271 0.218502
274 0.218099
277 0.217557
280 0.216576
283 0.217023
286 0.217748
289 0.215924
292 0.214467
295 0.215224
298 0.214964
301 0.214656
304 0.214708
307 0.214648
310 0.215464
313 0.215703
316 0.217946
319 0.217431
322 0.218865
325 0.219363
328 0.219497
331 0.219071
334 0.219146
337 0.219054
340 0.219748
343 0.225417
346 0.231177
349 0.233106
352 0.232714
355 0.231872
358 0.231418
361 0.231299
364 0.230571
367 0.230187
370 0.229165
373 0.228422
376 0.227241
379 0.226323
382 0.22626
385 0.227628
388 0.232026
391 0.237385
394 0.239187
397 0.24301
400 0.244601
403 0.246854
406 0.249986
409 0.255188
412 0.261253
415 0.272826
418 0.283292
421 0.292123
424 0.304175
427 0.317148
430 0.329439
433 0.342144
436 0.355214
439 0.363639
442 0.371175
445 0.382811
448 0.386611
451 0.392892
454 0.398483
457 0.402771
460 0.406365
463 0.410394
466 0.411602
469 0.412052
472 0.41812
475 0.418441
478 0.416729
481 0.416373
484 0.416198
487 0.416339
490 0.41504
493 0.415618
496 0.415958
499 0.418819
502 0.432545
505 0.452045
508 0.465549
511 0.473957
514 0.477677
517 0.485771
520 0.507248
523 0.517243
526 0.526153
529 0.530844
532 0.532273
535 0.534569
538 0.535134
541 0.532936
544 0.533151
547 0.531866
550 0.529408
553 0.527601
556 0.524762
559 0.522715
562 0.520705
565 0.518337
568 0.516682
571 0.519512
574 0.525462
577 0.534927
580 0.546259
583 0.558689
586 0.57172
589 0.584498
592 0.596094
595 0.622944
598 0.639681
601 0.651476
604 0.658212
607 0.672438
610 0.686304
613 0.693826
616 0.696727
619 0.697146
622 0.708444
625 0.708377
628 0.706774
631 0.710625
634 0.714634
637 0.717241
640 0.719917
643 0.720891
646 0.741823
649 0.744911
652 0.747418
655 0.748972
658 0.749156
661 0.748762
664 0.749453
667 0.748589
670 0.748179
673 0.747295
676 0.746498
679 0.746238
682 0.747446
685 0.746792
688 0.745795
691 0.745259
694 0.745283
697 0.75051
700 0.749405
703 0.749038
706 0.751885
709 0.754071
712 0.758762
715 0.760057
718 0.770528
721 0.817516
724 0.818292
727 0.818019
730 0.818345
733 0.820325
736 0.827417
739 0.83283
742 0.838089
745 0.854731
748 0.856455
751 0.86204
754 0.862665
757 0.863651
760 0.864116
763 0.869056
766 0.871024
769 0.873936
772 0.886703
775 0.887106
778 0.88675
781 0.88662
784 0.886019
787 0.885649
790 0.884156
793 0.882976
796 0.878696
799 0.877122
802 0.873214
805 0.87033
808 0.868491
811 0.870929
814 0.879658
817 0.882377
820 0.885422
823 0.885781
826 0.887194
829 0.887278
832 0.888465
835 0.888319
838 0.888573
841 0.889177
844 0.889519
847 0.890267
850 0.889837
853 0.889873
856 0.889844
859 0.889491
862 0.889351
865 0.889642
868 0.889773
871 0.88879
874 0.889135
877 0.889437
880 0.889889
883 0.889436
886 0.889392
889 0.88967
892 0.889509
895 0.889385
898 0.889503
901 0.889443
904 0.88958
907 0.890083
910 0.890281
913 0.890481
916 0.890681
919 0.890578
922 0.890608
925 0.890988
928 0.890821
931 0.88838
934 0.888788
937 0.888821
940 0.8892
943 0.888523
946 0.888062
949 0.88837
952 0.88842
955 0.890028
958 0.889931
961 0.889917
964 0.890115
967 0.890082
970 0.889717
973 0.88925
976 0.888606
979 0.887773
982 0.88629
985 0.886615
988 0.886901
991 0.888226
994 0.888491
997 0.888458
1000 0.88925
1003 0.889832
1006 0.889844
1009 0.89
1012 0.886929
1015 0.886771
1018 0.886774
1021 0.88751
1024 0.887215
1027 0.887024
1030 0.887323
1033 0.887271
1036 0.887953
1039 0.887929
1042 0.887715
1045 0.88787
1048 0.887646
1051 0.887825
1054 0.888118
1057 0.888033
1060 0.888714
1063 0.887167
1066 0.887179
1069 0.887297
1072 0.887083
1075 0.887062
1078 0.887339
1081 0.887528
1084 0.887507
1087 0.88558
1090 0.885958
1093 0.88579
1096 0.885976
1099 0.886198
1102 0.886082
1105 0.886052
1108 0.886149
1111 0.885082
1114 0.885012
1117 0.885503
1120 0.886483
1123 0.886844
1126 0.886361
1129 0.885821
1132 0.885875
1135 0.885965
1138 0.887467
1141 0.887635
1144 0.88697
1147 0.886821
1150 0.887868
1153 0.888967
1156 0.888845
1159 0.88845
1162 0.88588
1165 0.88595
1168 0.88678
1171 0.887203
1174 0.887158
1177 0.887314
1180 0.88766
1183 0.88788
1186 0.886139
1189 0.886495
1192 0.886333
1195 0.886769
1198 0.887142
1201 0.887622
1204 0.887563
1207 0.887665
1210 0.887694
1213 0.88875
1216 0.888385
1219 0.888554
1222 0.888637
1225 0.888948
1228 0.888964
1231 0.88934
1234 0.888691
1237 0.888247
1240 0.887432
1243 0.887677
1246 0.888424
1249 0.888648
1252 0.88774
1255 0.887509
1258 0.887323
1261 0.885743
1264 0.88655
1267 0.886964
1270 0.886451
1273 0.88671
1276 0.887413
1279 0.88808
1282 0.887776
1285 0.888042
1288 0.887212
1291 0.887257
1294 0.887106
1297 0.886972
1300 0.887958
1303 0.88822
1306 0.888031
1309 0.888738
1312 0.887932
1315 0.887734
1318 0.888161
1321 0.888578
1324 0.888927
1327 0.888974
1330 0.889076
1333 0.889056
1336 0.888342
1339 0.888222
1342 0.88837
1345 0.887965
1348 0.887814
1351 0.88745
1354 0.887163
1357 0.88722
1360 0.887139
1363 0.886889
1366 0.886764
1369 0.886899
1372 0.888495
1375 0.888424
1378 0.888549
1381 0.888934
1384 0.888873
1387 0.889523
1390 0.889385
1393 0.889832
1396 0.890587
1399 0.890682
1402 0.89145
1405 0.891684
1408 0.891839
1411 0.891444
1414 0.890997
1417 0.891382
1420 0.89105
1423 0.891349
1426 0.890814
1429 0.890672
1432 0.889858
1435 0.889785
1438 0.890608
1441 0.88926
1444 0.888786
1447 0.889017
1450 0.888516
1453 0.889575
1456 0.889568
1459 0.889899
1462 0.891345
1465 0.89337
1468 0.894474
1471 0.895335
1474 0.894444
1477 0.894993
1480 0.894519
1483 0.893023
1486 0.892946
1489 0.894045
1492 0.895675
1495 0.895002
1498 0.895806
1501 0.897005
1504 0.897797
1507 0.898325
1510 0.901255
1513 0.905054
1516 0.904439
1519 0.905045
1522 0.902538
1525 0.903526
1528 0.905337
1531 0.906156
1534 0.902215
1537 0.901238
1540 0.899894
1543 0.896398
1546 0.898714
1549 0.897802
1552 0.888865
1555 0.882672
1558 0.884687
1561 0.886625
1564 0.88684
1567 0.886809
1570 0.886184
1573 0.885158
1576 0.890113
1579 0.895531
1582 0.901286
1585 0.899875
1588 0.897665
1591 0.894627
1594 0.890715
1597 0.892262
1600 0.889759
1603 0.891141
1606 0.888668
1609 0.894382
1612 0.899396
1615 0.900203
1618 0.899177
1621 0.898701
1624 0.901781
1627 0.907568
1630 0.915455
1633 0.91799
1636 0.918785
1639 0.916667
1642 0.915095
1645 0.912083
1648 0.912679
1651 0.911391
1654 0.909797
1657 0.904075
1660 0.902564
1663 0.900186
1666 0.898295
1669 0.902003
1672 0.908451
1675 0.909361
1678 0.90462
1681 0.893901
1684 0.883825
1687 0.873184
1690 0.867747
1693 0.870307
1696 0.869175
1699 0.866816
1702 0.866812
1705 0.867613
1708 0.859153
1711 0.839497
1714 0.827663
1717 0.822661
1720 0.819401
1723 0.818799
1726 0.814861
1729 0.809917
1732 0.792486
1735 0.73224
1738 0.653304
1741 0.605682
1744 0.565358
1747 0.554851
1750 0.506372
1753 0.488469
1756 0.480203
1759 0.47205
1762 0.464198
1765 0.456936
1768 0.475396
1771 0.477125
1774 0.490719
1777 0.491727
1780 0.474425
1783 0.458635
1786 0.447047
1789 0.425469
1792 0.409335
1795 0.392208
1798 0.382347
1801 0.388253
1804 0.389934
1807 0.392556
1810 0.397894
1813 0.386891
1816 0.373467
1819 0.370837
1822 0.374446
1825 0.369069
1828 0.357167
1831 0.344698
1834 0.331681
1837 0.317135
1840 0.303297
1843 0.282392
1846 0.266566
1849 0.248816
1852 0.225319
1855 0.215247
1858 0.220245
1861 0.213486
1864 0.196962
1867 0.189906
1870 0.210748
1873 0.223722
1876 0.227811
1879 0.236137
1882 0.2545
1885 0.27037
1888 0.296998
1891 0.319458
1894 0.339028
1897 0.340873
1900 0.360377
1903 0.420106
1906 0.473092
1909 0.488965
1912 0.46658
1915 0.451691
1918 0.43654
1921 0.423311
1924 0.412269
1927 0.377505
1930 0.353896
1933 0.314674
1936 0.295316
1939 0.283453
1942 0.271233
1945 0.265005
1948 0.240325
1951 0.216392
1954 0.187766
1957 0.16434
1960 0.140351
1963 0.115885
1966 0.0909583
1969 0.0636163
1972 0.0335885
1975 0.0181181
1978 0.00888542
1981 0.00781944
1984 0.00695139
1987 0.00548958
1990 0.00451215
1993 0.00465625
1996 0.00439236
1999 0.00409722
2002 0.0174583
2005 0.0507587
2008 0.0908576
2011 0.135516
2014 0.180293
2017 0.236382
2020 0.289899
2023 0.316814
2026 0.36033
2029 0.398623
2032 0.405165
2035 0.391401
2038 0.355398
2041 0.334604
2044 0.283655
2047 0.259991
2050 0.239
2053 0.219345
2056 0.197809
2059 0.173762
2062 0.135642
2065 0.110474
2068 0.0873316
2071 0.0783455
2074 0.0600521
2077 0.0425104
2080 0.0264097
2083 0.0150556
2086 0.0147153
2089 0.0135052
2092 0.0129288
2095 0.0129271
2098 0.013625
2101 0.0176389
2104 0.0292865
2107 0.0455347
2110 0.0687882
2113 0.0973993
2116 0.129408
2119 0.171486
2122 0.215255
2125 0.278983
2128 0.362373
2131 0.434035
2134 0.476793
2137 0.511969
2140 0.512792
2143 0.503917
2146 0.490429
2149 0.475542
2152 0.39046
2155 0.33834
2158 0.326365
2161 0.316976
2164 0.311611
2167 0.2987
2170 0.283097
2173 0.268521
2176 0.234318
2179 0.207187
2182 0.167684
2185 0.134016
2188 0.105557
2191 0.0786319
2194 0.0570799
2197 0.0404497
2200 0.0267552
2203 0.0181806
2206 0.0142517
2209 0.0106111
2212 0.00548264
2215 0.00219271
2218 0.00231597
2221 0.00209028
2224 0.00244792
2227 0.00268229
2230 0.00300347
2233 0.00313715
2236 0.00376215
2239 0.00356076
2242 0.00355729
2245 0.00339931
2248 0.00403299
2251 0.00474306
2254 0.00597569
2257 0.00572049
2260 0.00704861
2263 0.00813021
2266 0.011276
2269 0.0268715
2272 0.0481806
2275 0.0709184
2278 0.0828594
2281 0.0922969
2284 0.0995191
2287 0.104493
2290 0.106398
2293 0.104043
2296 0.10092
2299 0.104984
2302 0.111359
2305 0.113312
2308 0.111012
2311 0.108358
2314 0.0984219
2317 0.0886111
2320 0.0775712
2323 0.0707083
2326 0.0619618
2329 0.0579983
2332 0.0516354
2335 0.04125
2338 0.0333542
2341 0.0289948
2344 0.0240503
2347 0.0197326
2350 0.0174323
2353 0.0206997
2356 0.0186285
2359 0.0170903
2362 0.0160608
2365 0.0163438
2368 0.0166684
2371 0.0168021
2374 0.0176024
2377 0.0160208
2380 0.014967
2383 0.0180122
2386 0.051316
2389 0.0782274
2392 0.0844236
2395 0.0895972
2398 0.090026
2401 0.0887274
2404 0.088191
2407 0.087875
2410 0.0829167
2413 0.0806736
2416 0.0610469
2419 0.0508698
2422 0.0354826
2425 0.0223247
2428 0.0105069
2431 0.00147396
2434 0.0244826
2437 0.0453854
2440 0.0516233
2443 0.0556493
2446 0.0562448
2449 0.0582847
2452 0.0566302
2455 0.0567413
2458 0.0557014
2461 0.0566667
2464 0.0482431
2467 0.0347708
2470 0.0249045
2473 0.0174219
2476 0.0148333
2479 0.0163299
2482 0.0169358
2485 0.0180052
2488 0.0190451
2491 0.0201736
2494 0.0197656
2497 0.0200781
2500 0.0203455
2503 0.0201667
2506 0.0206076
2509 0.0351198
2512 0.0583281
2515 0.0757899
2518 0.0758785
2521 0.0801181
2524 0.0851389
2527 0.088625
2530 0.0923021
2533 0.0913003
2536 0.091526
2539 0.0927778
2542 0.0894635
2545 0.0883403
2548 0.084684
2551 0.0733194
2554 0.0648299
2557 0.0508108
2560 0.0360747
2563 0.0233472
2566 0.0120382
2569 0.00416493
2572 0.0016441
2575 0.0017066
2578 0.00167882
2581 0.00165104
2584 0.00157465
2587 0.00199306
2590 0.0018316
2593 0.00187153
2596 0.0017934
2599 0.00166319
2602 0.00165799
2605 0.00169792
2608 0.00185417
2611 0.00198785
2614 0.00168403
2617 0.00177778
2620 0.00167535
2623 0.00179167
2626 0.0192135
2629 0.0397222
2632 0.0487569
2635 0.0529149
2638 0.0702292
2641 0.0967205
2644 0.131396
2647 0.163141
2650 0.191082
2653 0.211217
2656 0.214108
2659 0.219271
2662 0.219866
2665 0.20942
2668 0.19759
2671 0.199082
2674 0.203455
2677 0.206675
2680 0.19316
2683 0.171491
2686 0.155356
2689 0.145609
2692 0.134149
2695 0.121929
2698 0.106479
2701 0.0940503
2704 0.0790399
2707 0.0679028
2710 0.0638767
2713 0.0654253
2716 0.0666319
2719 0.0660938
2722 0.0633715
2725 0.0640747
2728 0.0726285
2731 0.091184
2734 0.104267
2737 0.11096
2740 0.11353
2743 0.114672
2746 0.117115
2749 0.122453
2752 0.124201
2755 0.126444
2758 0.127946
2761 0.129542
2764 0.13067
2767 0.133014
2770 0.133578
2773 0.134955
2776 0.135786
2779 0.138347
2782 0.141896
2785 0.141762
2788 0.140936
2791 0.14292
2794 0.142809
2797 0.142554
2800 0.142408
2803 0.142271
2806 0.142627
2809 0.14299
2812 0.142655
2815 0.143366
2818 0.143731
2821 0.144167
2824 0.144165
2827 0.143639
2830 0.14325
2833 0.143236
2836 0.146448
2839 0.146877
2842 0.146036
2845 0.14475
2848 0.144905
2851 0.145918
2854 0.145833
2857 0.146115
2860 0.146743
2863 0.145741
2866 0.147063
2869 0.14853
2872 0.149931
2875 0.149434
2878 0.149479
2881 0.155925
2884 0.159432
2887 0.161602
2890 0.16278
2893 0.160747
2896 0.158573
2899 0.158057
2902 0.158014
2905 0.156747
2908 0.156788
2911 0.155901
2914 0.155205
2917 0.154969
2920 0.15362
2923 0.154595
2926 0.154583
2929 0.155528
2932 0.159457
2935 0.161181
2938 0.163161
2941 0.16492
2944 0.166799
2947 0.173092
2950 0.181165
2953 0.190075
2956 0.199403
2959 0.213634
2962 0.238276
2965 0.254644
2968 0.27472
2971 0.297344
2974 0.32374
2977 0.344241
2980 0.35816
2983 0.387682
2986 0.447094
2989 0.454038
2992 0.511448
2995 0.561597
2998 0.637854
3001 0.756139
3004 0.811486
3007 0.838818
3010 0.843661
3013 0.88876
3016 0.891844
3019 0.900628
3022 0.905205
3025 0.90687
3028 0.907646
3031 0.910174
3034 0.910604
3037 0.913394
3040 0.91309
3043 0.911368
3046 0.910595
3049 0.909156
3052 0.908436
3055 0.908708
3058 0.907783
3061 0.904175
3064 0.901939
3067 0.898726
3070 0.898431
3073 0.896446
3076 0.893658
3079 0.8927
3082 0.891873
3085 0.89137
3088 0.887592
3091 0.88578
3094 0.88195
3097 0.880411
3100 0.878477
3103 0.879825
3106 0.881344
3109 0.881561
3112 0.882953
3115 0.881165
3118 0.87774
3121 0.87683
3124 0.877356
3127 0.87608
3130 0.874762
3133 0.87097
3136 0.867142
3139 0.865578
3142 0.863707
3145 0.860066
3148 0.858583
3151 0.857851
3154 0.857804
3157 0.857854
3160 0.857436
3163 0.85792
3166 0.858319
3169 0.858165
3172 0.858486
3175 0.85803
3178 0.857269
3181 0.853877
3184 0.852661
3187 0.851528
3190 0.848538
3193 0.846641
3196 0.845483
3199 0.845514
3202 0.845207
3205 0.845155
3208 0.845196
3211 0.84366
3214 0.844116
3217 0.843391
3220 0.843568
3223 0.843269
3226 0.84258
3229 0.841726
3232 0.841672
3235 0.841196
3238 0.841774
3241 0.841453
3244 0.841318
3247 0.841061
3250 0.841135
3253 0.842333
3256 0.842241
3259 0.841894
3262 0.842321
3265 0.842764
3268 0.842958
3271 0.84272
3274 0.842644
3277 0.842523
3280 0.842219
3283 0.842837
3286 0.842715
3289 0.843161
3292 0.843059
3295 0.842799
3298 0.842325
3301 0.842443
3304 0.84275
3307 0.842613
3310 0.842955
3313 0.842785
3316 0.841814
3319 0.842292
3322 0.842859
3325 0.842762
3328 0.842927
3331 0.843337
3334 0.843005
3337 0.841486
3340 0.841585
3343 0.841302
3346 0.84038
3349 0.839429
3352 0.839384
3355 0.840488
3358 0.84075
3361 0.843396
3364 0.844155
3367 0.844722
3370 0.845054
3373 0.84579
3376 0.845594
3379 0.84583
3382 0.845573
3385 0.845641
3388 0.844674
3391 0.84395
3394 0.844082
3397 0.843585
3400 0.843701
3403 0.843811
3406 0.84403
3409 0.843799
3412 0.844358
3415 0.843861
3418 0.843448
3421 0.843502
3424 0.843932
3427 0.844141
3430 0.844543
3433 0.84449
3436 0.846783
3439 0.846167
3442 0.846602
3445 0.846205
3448 0.84628
3451 0.846583
3454 0.847333
3457 0.847292
3460 0.847493
3463 0.848247
3466 0.84799
3469 0.848252
3472 0.848155
3475 0.848189
3478 0.848278
3481 0.848177
3484 0.848014
3487 0.848788
3490 0.848181
3493 0.848333
3496 0.848385
3499 0.848123
3502 0.848257
3505 0.848342
3508 0.848186
3511 0.847193
3514 0.847457
3517 0.847561
3520 0.847531
3523 0.847628
3526 0.847797
3529 0.847446
3532 0.84784
3535 0.847826
3538 0.849187
3541 0.848762
3544 0.848448
3547 0.848615
3550 0.84855
3553 0.8483
3556 0.848274
3559 0.848113
3562 0.848589
3565 0.848585
3568 0.8488
3571 0.847375
3574 0.847771
3577 0.847474
3580 0.847625
3583 0.847726
3586 0.847795
3589 0.848057
3592 0.848217
3595 0.847245
3598 0.847519
3601 0.847856
3604 0.847932
3607 0.848332
3610 0.847925
3613 0.847965
3616 0.847639
3619 0.847377
3622 0.847663
3625 0.847038
3628 0.847101
3631 0.846924
3634 0.847085
3637 0.847135
3640 0.846429
3643 0.846462
3646 0.845807
3649 0.845326
3652 0.844698
3655 0.844903
3658 0.845375
3661 0.845418
3664 0.845604
3667 0.845606
3670 0.846568
3673 0.846648
3676 0.846483
3679 0.846679
3682 0.847616
3685 0.847806
3688 0.848045
3691 0.847998
3694 0.847938
3697 0.84767
3700 0.847288
3703 0.847517
3706 0.847679
3709 0.847863
3712 0.847906
3715 0.847759
3718 0.847998
3721 0.848097
3724 0.848363
3727 0.848677
3730 0.847925
3733 0.848189
3736 0.848481
3739 0.8488
3742 0.849408
3745 0.849832
3748 0.85001
3751 0.849741
3754 0.849981
3757 0.849828
3760 0.849495
3763 0.849003
3766 0.848497
3769 0.846908
3772 0.847309
3775 0.848538
3778 0.849347
3781 0.849595
3784 0.849453
3787 0.849323
3790 0.849309
3793 0.849113
3796 0.848512
3799 0.847922
3802 0.845707
3805 0.843892
3808 0.842639
3811 0.843514
3814 0.843922
3817 0.843858
3820 0.849405
3823 0.849196
3826 0.849325
3829 0.849538
3832 0.849562
3835 0.849608
3838 0.8495
3841 0.849187
3844 0.84929
3847 0.848724
3850 0.848384
3853 0.848436
3856 0.848405
3859 0.847797
3862 0.847873
3865 0.848007
3868 0.848267
3871 0.848932
3874 0.849021
3877 0.849503
3880 0.849569
3883 0.848957
3886 0.849285
3889 0.848366
3892 0.848653
3895 0.849906
3898 0.850892
3901 0.850979
3904 0.850483
3907 0.850264
3910 0.849915
3913 0.849688
3916 0.849363
3919 0.849396
3922 0.849804
3925 0.849818
3928 0.849608
3931 0.849406
3934 0.849523
3937 0.849295
3940 0.849297
3943 0.849274
3946 0.85092
3949 0.850057
3952 0.850049
3955 0.849997
3958 0.850127
3961 0.850743
3964 0.850399
3967 0.850507
3970 0.851623
3973 0.851351
3976 0.850858
3979 0.850672
3982 0.850049
3985 0.84926
3988 0.848832
3991 0.85005
3994 0.849899
3997 0.851092
4000 0.850873
4003 0.850819
4006 0.850434
4009 0.850078
4012 0.849943
4015 0.850052
4018 0.849738
4021 0.851109
4024 0.851097
4027 0.850821
4030 0.850342
4033 0.85033
4036 0.850431
4039 0.850165
4042 0.850349
4045 0.850585
4048 0.850809
4051 0.850547
4054 0.850457
4057 0.85034
4060 0.850212
4063 0.850066
4066 0.850477
4069 0.851217
4072 0.84988
4075 0.849767
4078 0.849726
4081 0.849766
4084 0.849873
4087 0.850099
4090 0.85003
4093 0.850052
4096 0.851309
4099 0.851222
4102 0.851411
4105 0.85109
4108 0.850571
4111 0.851085
4114 0.85087
4117 0.85104
4120 0.852995
4123 0.852503
4126 0.852606
4129 0.852622
4132 0.852752
4135 0.852549
4138 0.852238
4141 0.851882
4144 0.851931
4147 0.852057
4150 0.850182
4153 0.849307
4156 0.848406
4159 0.847873
4162 0.848003
4165 0.848125
4168 0.849332
4171 0.849665
4174 0.850806
4177 0.851696
4180 0.8528
4183 0.853851
4186 0.855653
4189 0.85976
4192 0.863705
4195 0.865576
4198 0.865637
4201 0.865014
4204 0.864016
4207 0.866462
4210 0.867998
4213 0.86899
4216 0.871806
4219 0.874649
4222 0.877826
4225 0.880005
4228 0.883401
4231 0.889726
4234 0.895335
4237 0.901538
4240 0.902424
4243 0.896778
4246 0.89066
4249 0.887524
4252 0.881437
4255 0.882736
4258 0.882115
4261 0.882927
4264 0.886922
4267 0.89571
4270 0.901769
4273 0.906877
4276 0.908649
4279 0.91074
4282 0.913288
4285 0.914927
4288 0.918821
4291 0.918356
4294 0.910694
4297 0.897271
4300 0.893939
4303 0.895097
4306 0.89487
4309 0.889288
4312 0.88538
4315 0.883556
4318 0.872196
4321 0.864927
4324 0.844641
4327 0.830313
4330 0.787634
4333 0.779351
4336 0.769335
4339 0.767561
4342 0.768432
4345 0.744243
4348 0.74809
4351 0.752615
4354 0.749906
4357 0.742566
4360 0.734778
4363 0.729144
4366 0.728172
4369 0.723535
4372 0.723007
4375 0.719102
4378 0.726811
4381 0.700283
4384 0.694623
4387 0.685418
4390 0.670389
4393 0.657062
4396 0.620535
4399 0.604469
4402 0.586196
4405 0.567585
4408 0.549146
4411 0.52909
4414 0.53412
4417 0.556611
4420 0.566007
4423 0.596094
4426 0.617951
4429 0.618861
4432 0.616012
4435 0.613165
4438 0.602908
4441 0.597587
4444 0.605833
4447 0.617168
4450 0.630023
4453 0.622349
4456 0.620097
4459 0.621309
4462 0.626733
4465 0.633618
4468 0.646234
4471 0.660556
4474 0.689024
4477 0.685
4480 0.661316
4483 0.628391
4486 0.624203
4489 0.594747
4492 0.59896
4495 0.594191
4498 0.609931
4501 0.629054
4504 0.664651
4507 0.704226
4510 0.743667
4513 0.778234
4516 0.823988
4519 0.848437
4522 0.867484
4525 0.883766
4528 0.896741
4531 0.911929
4534 0.91829
4537 0.923736
4540 0.925648
4543 0.927818
4546 0.928101
4549 0.919078
4552 0.908021
4555 0.901009
4558 0.88433
4561 0.863109
4564 0.853156
4567 0.805998
4570 0.805299
4573 0.745278
4576 0.725392
4579 0.708585
4582 0.693806
4585 0.693262
4588 0.697127
4591 0.70345
4594 0.747387
4597 0.761646
4600 0.761248
4603 0.756526
4606 0.754403
4609 0.752418
4612 0.754403
4615 0.750095
4618 0.742514
4621 0.707509
4624 0.609908
4627 0.587168
4630 0.573019
4633 0.581012
4636 0.594269
4639 0.63105
4642 0.678243
4645 0.71133
4648 0.725979
4651 0.727295
4654 0.73555
4657 0.734585
4660 0.694377
4663 0.674687
4666 0.660288
4669 0.655401
4672 0.635366
4675 0.632233
4678 0.559453
4681 0.482595
4684 0.450236
4687 0.381005
4690 0.373243
4693 0.374273
4696 0.370425
4699 0.374441
4702 0.382184
4705 0.391042
4708 0.394076
4711 0.413536
4714 0.474705
4717 0.510752
4720 0.575531
4723 0.581972
4726 0.583142
4729 0.585866
4732 0.54351
4735 0.533634
4738 0.512184
4741 0.484134
4744 0.463344
4747 0.405736
4750 0.360116
4753 0.331347
4756 0.290366
4759 0.267366
4762 0.236144
4765 0.210354
4768 0.178675
4771 0.156561
4774 0.135622
4777 0.109809
4780 0.0871458
4783 0.0718507
4786 0.0536493
4789 0.0380521
4792 0.0209479
4795 0.012066
4798 0.00447396
4801 0.000722222
4804 0.000506944
4807 0.000454861
4810 0.000336806
4813 0.000248264
4816 0.000315972
4819 0.000288194
4822 0.00034375
4825 0.000272569
4828 0.000206597
4831 0.000189236
4834 0.00224479
4837 0.00204688
4840 0.00247396
4843 0.00256944
4846 0.00291667
4849 0.00303125
4852 0.003125
4855 0.00346875
4858 0.00345486
4861 0.00330903
4864 0.00292187
4867 0.00255208
4870 0.00263021
4873 0.00211806
4876 0.00186979
4879 0.00175521
4882 0.00162674
4885 0.00193924
4888 0.00192708
4891 0.00173438
4894 0.00161285
4897 0.00107465
4900 0.000484375
4903 0.000342014
4906 0.000215278
4909 0.000100694
4912 0.000100694
4915 9.89583e-05
4918 0.024967
4921 0.0446389
4924 0.0508003
4927 0.0727257
4930 0.103833
4933 0.117892
4936 0.12374
4939 0.132852
4942 0.132285
4945 0.133288
4948 0.134385
4951 0.121861
4954 0.109299
4957 0.0949062
4960 0.0867274
4963 0.078375
4966 0.0648073
4969 0.0774948
4972 0.0913316
4975 0.109847
4978 0.118446
4981 0.113274
4984 0.111495
4987 0.112592
4990 0.110712
4993 0.109458
4996 0.1078
4999 0.109299
5002 0.0997517
5005 0.0911076
5008 0.0868785
5011 0.0770399
5014 0.0593993
5017 0.0444323
5020 0.0315087
5023 0.029842
5026 0.0242986
5029 0.0181024
5032 0.0162899
5035 0.0172483
5038 0.0180312
5041 0.0182135
5044 0.0186979
5047 0.020467
5050 0.0285608
5053 0.0447309
5056 0.062651
5059 0.0896267
5062 0.112854
5065 0.149151
5068 0.182438
5071 0.219274
5074 0.249156
5077 0.267425
5080 0.269003
5083 0.262457
5086 0.236974
5089 0.213842
5092 0.187502
5095 0.174937
5098 0.167628
5101 0.150747
5104 0.129205
5107 0.112602
5110 0.0967778
5113 0.0910069
5116 0.0822847
5119 0.0630052
5122 0.0408247
5125 0.017717
5128 0.00352257
5131 0.000402778
5134 0.000482639
5137 0.000354167
5140 0.000309028
5143 0.000309028
5146 0.000300347
5149 0.000260417
5152 0.000232639
5155 0.000236111
5158 0.000244792
5161 0.000440972
5164 0.000284722
5167 0.000217014
5170 0.000192708
5173 0.000190972
5176 0.000180556
5179 0.000185764
5182 0.000166667
5185 4.51389e-05
5188 3.64583e-05
5191 2.43056e-05
5194 0
5197 0.000246528
5200 0.000194444
5203 0.0001875
5206 0.000145833
5209 0.000140625
5212 0.000145833
5215 0.000168403
5218 0.000166667
5221 0.000295139
5224 0.000241319
5227 0.000227431
5230 0.000215278
5233 0.000185764
5236 0.000192708
5239 0.000173611
5242 0.000152778
5245 0.000333333
5248 0.000272569
5251 0.000263889
5254 0.000246528
5257 0.00444792
5260 0.0312969
5263 0.0537465
5266 0.063908
5269 0.0715486
5272 0.0748611
5275 0.0756267
5278 0.0762361
5281 0.0763177
5284 0.077
5287 0.076967
5290 0.0911424
5293 0.121887
5296 0.144076
5299 0.16153
5302 0.169078
5305 0.191892
5308 0.194642
5311 0.196408
5314 0.194396
5317 0.192153
5320 0.195078
5323 0.188859
5326 0.182104
5329 0.187484
5332 0.206236
5335 0.223196
5338 0.228839
5341 0.227655
5344 0.228238
5347 0.227405
5350 0.226835
5353 0.245181
5356 0.27578
5359 0.304613
5362 0.317236
5365 0.30422
5368 0.298477
5371 0.294523
5374 0.29475
5377 0.295174
5380 0.296431
5383 0.2957
5386 0.299082
5389 0.308392
5392 0.31737
5395 0.327391
5398 0.332668
5401 0.332559
5404 0.332828
5407 0.336531
5410 0.338535
5413 0.338047
5416 0.341399
5419 0.360514
5422 0.377083
5425 0.390267
5428 0.39555
5431 0.397175
5434 0.400837
5437 0.406297
5440 0.414245
5443 0.423828
5446 0.430717
5449 0.442071
5452 0.450851
5455 0.455365
5458 0.456446
5461 0.454542
5464 0.459569
5467 0.459917
5470 0.459363
5473 0.455339
5476 0.451342
5479 0.451437
5482 0.456906
5485 0.463908
5488 0.473564
5491 0.482332
5494 0.492156
5497 0.508972
5500 0.523425
5503 0.549391
5506 0.561418
5509 0.591028
5512 0.615361
5515 0.626705
5518 0.633182
5521 0.685226
5524 0.693951
5527 0.705384
5530 0.742462
5533 0.775856
5536 0.798785
5539 0.807852
5542 0.812731
5545 0.846139
5548 0.846812
5551 0.844554
5554 0.842714
5557 0.842108
5560 0.8415
5563 0.838122
5566 0.839352
5569 0.833901
5572 0.834484
5575 0.835891
5578 0.832946
5581 0.829453
5584 0.831394
5587 0.839264
5590 0.860069
5593 0.866901
5596 0.878432
5599 0.877943
5602 0.877597
5605 0.877748
5608 0.877016
5611 0.875531
5614 0.874495
5617 0.873318
5620 0.874644
5623 0.874309
5626 0.874967
5629 0.874977
5632 0.874943
5635 0.875345
5638 0.875342
5641 0.87612
5644 0.877759
5647 0.876714
5650 0.877278
5653 0.876448
5656 0.874983
5659 0.874557
5662 0.874811
5665 0.874747
5668 0.875644
5671 0.87483
5674 0.875825
5677 0.876205
5680 0.876719
5683 0.876938
5686 0.875868
5689 0.87572
5692 0.876035
5695 0.875439
5698 0.876259
5701 0.875825
5704 0.874977
5707 0.874545
5710 0.874283
5713 0.869944
5716 0.867972
5719 0.867507
5722 0.863528
5725 0.863156
5728 0.863455
5731 0.86313
5734 0.862675
5737 0.862543
