1 0.0755444
4 0.0785296
7 0.092466
10 0.105191
13 0.109216
16 0.11322
19 0.115124
22 0.116246
25 0.120154
28 0.127666
31 0.130382
34 0.131132
37 0.130957
40 0.131753
43 0.133225
46 0.135578
49 0.135778
52 0.135849
55 0.134701
58 0.133309
61 0.132831
64 0.132574
67 0.133867
70 0.134337
73 0.137303
76 0.140333
79 0.142293
82 0.148972
85 0.165629
88 0.183019
91 0.19949
94 0.202837
97 0.205155
100 0.20729
103 0.208303
106 0.20541
109 0.213164
112 0.224673
115 0.234507
118 0.241087
121 0.238373
124 0.238364
127 0.238633
130 0.241518
133 0.248947
136 0.252232
139 0.255806
142 0.254577
145 0.252601
148 0.24868
151 0.245004
154 0.242357
157 0.237626
160 0.233956
163 0.231148
166 0.228874
169 0.228089
172 0.228222
175 0.226436
178 0.224719
181 0.225034
184 0.224213
187 0.221846
190 0.221891
193 0.221371
196 0.221888
199 0.221833
202 0.222419
205 0.223321
208 0.222234
211 0.222679
214 0.221993
217 0.221491
220 0.221818
223 0.22104
226 0.220893
229 0.220574
232 0.220352
235 0.220911
238 0.220481
241 0.219464
244 0.22141
247 0.221
250 0.220108
253 0.219176
256 0.218929
259 0.219271
262 0.218429
265 0.218686
268 0.218271
271 0.218266
274 0.217991
277 0.217408
280 0.216456
283 0.216784
286 0.217657
289 0.215868
292 0.214404
295 0.215308
298 0.215149
301 0.214896
304 0.214746
307 0.214676
310 0.215577
313 0.215932
316 0.218152
319 0.217525
322 0.218802
325 0.219223
328 0.219447
331 0.219016
334 0.219059
337 0.218969
340 0.219731
343 0.225382
346 0.231417
349 0.233185
352 0.232737
355 0.231963
358 0.231475
361 0.231331
364 0.23068
367 0.230148
370 0.229055
373 0.228269
376 0.227161
379 0.226389
382 0.226169
385 0.227661
388 0.232104
391 0.237555
394 0.239299
397 0.243114
400 0.244843
403 0.247065
406 0.250021
409 0.255439
412 0.261688
415 0.27308
418 0.283374
421 0.291953
424 0.30424
427 0.317197
430 0.329602
433 0.342112
436 0.355133
439 0.363575
442 0.371043
445 0.382902
448 0.386756
451 0.392834
454 0.398521
457 0.402726
460 0.406513
463 0.410635
466 0.412009
469 0.412365
472 0.418359
475 0.418383
478 0.416614
481 0.416478
484 0.41621
487 0.416348
490 0.414999
493 0.415713
496 0.416257
499 0.419207
502 0.432709
505 0.45238
508 0.465704
511 0.474269
514 0.477839
517 0.485997
520 0.507325
523 0.517195
526 0.52626
529 0.531314
532 0.532473
535 0.534722
538 0.534969
541 0.532879
544 0.532975
547 0.531854
550 0.529497
553 0.52755
556 0.524686
559 0.522753
562 0.52084
565 0.518348
568 0.516709
571 0.518964
574 0.525522
577 0.534889
580 0.546228
583 0.55841
586 0.571876
589 0.584469
592 0.595899
595 0.622941
598 0.639772
601 0.651411
604 0.658361
607 0.672408
610 0.686404
613 0.69396
616 0.696938
619 0.697303
622 0.708432
625 0.708049
628 0.70672
631 0.710547
634 0.714216
637 0.717115
640 0.719712
643 0.720652
646 0.741602
649 0.744734
652 0.747167
655 0.748981
658 0.749485
661 0.748834
664 0.74962
667 0.748626
670 0.747846
673 0.7473
676 0.746664
679 0.746312
682 0.747123
685 0.746678
688 0.745641
691 0.745331
694 0.745141
697 0.75057
700 0.749386
703 0.749198
706 0.751513
709 0.753596
712 0.758444
715 0.759833
718 0.77071
721 0.817392
724 0.81824
727 0.818101
730 0.818001
733 0.820068
736 0.827371
739 0.832527
742 0.837777
745 0.854513
748 0.856324
751 0.861939
754 0.862436
757 0.863345
760 0.86388
763 0.868814
766 0.870972
769 0.873882
772 0.886673
775 0.887028
778 0.886618
781 0.886411
784 0.8857
787 0.885343
790 0.884004
793 0.88284
796 0.87826
799 0.876744
802 0.873352
805 0.870651
808 0.868364
811 0.870988
814 0.879762
817 0.88254
820 0.885355
823 0.885598
826 0.886907
829 0.886972
832 0.888198
835 0.888064
838 0.88841
841 0.888814
844 0.889284
847 0.889703
850 0.889408
853 0.889683
856 0.889506
859 0.889007
862 0.889049
865 0.88938
868 0.889544
871 0.888429
874 0.888726
877 0.889034
880 0.889632
883 0.889204
886 0.889317
889 0.889624
892 0.889148
895 0.889259
898 0.889185
901 0.889194
904 0.889355
907 0.889682
910 0.889987
913 0.890142
916 0.890281
919 0.890195
922 0.890161
925 0.89053
928 0.890411
931 0.888111
934 0.888362
937 0.888561
940 0.889146
943 0.888657
946 0.888173
949 0.888509
952 0.888343
955 0.88975
958 0.889738
961 0.889388
964 0.88946
967 0.889503
970 0.889219
973 0.888818
976 0.888201
979 0.887361
982 0.8862
985 0.88629
988 0.886583
991 0.887725
994 0.887966
997 0.887926
1000 0.888867
1003 0.889317
1006 0.889605
1009 0.889679
1012 0.886482
1015 0.886538
1018 0.88655
1021 0.887361
1024 0.886945
1027 0.886709
1030 0.886933
1033 0.887001
1036 0.887281
1039 0.887198
1042 0.887433
1045 0.887472
1048 0.887149
1051 0.887343
1054 0.887587
1057 0.887553
1060 0.888284
1063 0.887093
1066 0.886985
1069 0.887037
1072 0.886781
1075 0.887105
1078 0.887192
1081 0.887219
1084 0.88701
1087 0.885342
1090 0.885663
1093 0.885447
1096 0.885504
1099 0.885839
1102 0.885784
1105 0.885772
1108 0.885836
1111 0.884858
1114 0.884892
1117 0.885388
1120 0.886143
1123 0.886411
1126 0.88601
1129 0.885499
1132 0.885624
1135 0.885655
1138 0.886851
1141 0.88704
1144 0.886525
1147 0.886359
1150 0.887466
1153 0.888467
1156 0.888396
1159 0.887985
1162 0.885476
1165 0.885445
1168 0.886358
1171 0.88679
1174 0.886851
1177 0.887121
1180 0.887342
1183 0.887599
1186 0.886015
1189 0.886163
1192 0.886059
1195 0.886536
1198 0.886914
1201 0.88737
1204 0.887315
1207 0.887311
1210 0.887441
1213 0.888521
1216 0.888044
1219 0.888016
1222 0.888164
1225 0.888512
1228 0.888598
1231 0.888815
1234 0.888241
1237 0.88797
1240 0.886936
1243 0.88722
1246 0.887967
1249 0.887964
1252 0.887272
1255 0.88705
1258 0.886994
1261 0.885364
1264 0.886265
1267 0.886568
1270 0.886163
1273 0.886402
1276 0.887129
1279 0.887845
1282 0.88768
1285 0.8878
1288 0.886947
1291 0.887037
1294 0.88682
1297 0.886904
1300 0.887794
1303 0.888163
1306 0.88791
1309 0.888675
1312 0.887691
1315 0.88738
1318 0.887787
1321 0.888374
1324 0.888686
1327 0.888726
1330 0.888731
1333 0.888629
1336 0.887947
1339 0.887951
1342 0.888022
1345 0.887488
1348 0.887393
1351 0.88713
1354 0.886928
1357 0.886962
1360 0.887031
1363 0.886778
1366 0.886584
1369 0.886775
1372 0.888164
1375 0.888216
1378 0.888312
1381 0.888714
1384 0.888612
1387 0.889025
1390 0.888963
1393 0.889297
1396 0.890121
1399 0.890537
1402 0.891077
1405 0.891507
1408 0.891723
1411 0.891214
1414 0.890746
1417 0.891033
1420 0.890757
1423 0.891197
1426 0.890321
1429 0.890102
1432 0.88928
1435 0.889608
1438 0.890345
1441 0.888999
1444 0.88863
1447 0.888828
1450 0.888401
1453 0.889294
1456 0.889426
1459 0.889802
1462 0.891183
1465 0.89318
1468 0.894428
1471 0.895169
1474 0.894467
1477 0.895146
1480 0.894146
1483 0.892581
1486 0.892962
1489 0.893925
1492 0.895991
1495 0.895013
1498 0.895678
1501 0.897194
1504 0.897797
1507 0.898362
1510 0.901067
1513 0.904839
1516 0.904337
1519 0.905212
1522 0.902561
1525 0.903642
1528 0.905391
1531 0.905899
1534 0.902265
1537 0.901392
1540 0.900074
1543 0.896726
1546 0.898666
1549 0.89791
1552 0.88895
1555 0.882564
1558 0.884685
1561 0.886296
1564 0.886728
1567 0.886768
1570 0.886354
1573 0.884689
1576 0.890324
1579 0.895962
1582 0.901083
1585 0.900012
1588 0.897982
1591 0.894114
1594 0.890447
1597 0.892121
1600 0.889896
1603 0.891272
1606 0.88857
1609 0.893861
1612 0.899538
1615 0.900457
1618 0.89945
1621 0.898837
1624 0.902056
1627 0.907527
1630 0.915525
1633 0.918112
1636 0.918975
1639 0.916831
1642 0.915044
1645 0.912183
1648 0.912389
1651 0.911464
1654 0.90966
1657 0.904077
1660 0.90262
1663 0.900294
1666 0.898416
1669 0.901975
1672 0.908598
1675 0.909183
1678 0.90475
1681 0.894027
1684 0.883967
1687 0.873633
1690 0.86795
1693 0.870237
1696 0.869386
1699 0.866902
1702 0.866914
1705 0.867735
1708 0.859185
1711 0.839275
1714 0.827883
1717 0.82254
1720 0.819132
1723 0.818784
1726 0.814864
1729 0.809849
1732 0.792467
1735 0.732283
1738 0.653543
1741 0.605762
1744 0.56542
1747 0.554805
1750 0.506213
1753 0.48818
1756 0.480536
1759 0.471978
1762 0.464195
1765 0.457034
1768 0.475404
1771 0.477178
1774 0.490728
1777 0.492164
1780 0.474463
1783 0.458534
1786 0.447049
1789 0.42529
1792 0.409303
1795 0.392284
1798 0.382564
1801 0.388068
1804 0.389871
1807 0.392555
1810 0.397911
1813 0.386852
1816 0.373595
1819 0.370865
1822 0.374293
1825 0.368916
1828 0.357305
1831 0.344549
1834 0.331661
1837 0.317354
1840 0.303146
1843 0.282626
1846 0.266589
1849 0.24891
1852 0.225148
1855 0.215284
1858 0.22043
1861 0.213534
1864 0.197166
1867 0.189772
1870 0.210709
1873 0.223759
1876 0.227441
1879 0.236334
1882 0.254649
1885 0.270429
1888 0.296836
1891 0.319544
1894 0.338858
1897 0.340766
1900 0.360379
1903 0.420417
1906 0.473028
1909 0.488951
1912 0.466969
1915 0.451839
1918 0.436281
1921 0.423086
1924 0.412346
1927 0.377561
1930 0.35384
1933 0.314592
1936 0.295114
1939 0.283499
1942 0.271314
1945 0.264964
1948 0.240404
1951 0.216294
1954 0.187515
1957 0.164513
1960 0.14043
1963 0.115861
1966 0.0909438
1969 0.0636716
1972 0.033605
1975 0.0181834
1978 0.00892456
1981 0.00783728
1984 0.00695562
1987 0.00551331
1990 0.00455178
1993 0.00463314
1996 0.0044216
1999 0.0040932
2002 0.0175192
2005 0.050753
2008 0.0908269
2011 0.135675
2014 0.18043
2017 0.236441
2020 0.290021
2023 0.317089
2026 0.360441
2029 0.39872
2032 0.405178
2035 0.391401
2038 0.355433
2041 0.334626
2044 0.283618
2047 0.25976
2050 0.238808
2053 0.21913
2056 0.197757
2059 0.17362
2062 0.135385
2065 0.11043
2068 0.0871893
2071 0.0782944
2074 0.0601257
2077 0.0424645
2080 0.0264275
2083 0.0150311
2086 0.0148062
2089 0.0134689
2092 0.0128462
2095 0.0128846
2098 0.0135991
2101 0.0176154
2104 0.0293018
2107 0.0455118
2110 0.0688151
2113 0.0973787
2116 0.129291
2119 0.171476
2122 0.215145
2125 0.278849
2128 0.362559
2131 0.433848
2134 0.476922
2137 0.512034
2140 0.512825
2143 0.503993
2146 0.490536
2149 0.475504
2152 0.390496
2155 0.338274
2158 0.326392
2161 0.316857
2164 0.311493
2167 0.298855
2170 0.283287
2173 0.268426
2176 0.23441
2179 0.207231
2182 0.167646
2185 0.133911
2188 0.105577
2191 0.0786095
2194 0.0570459
2197 0.0405133
2200 0.0267618
2203 0.0180828
2206 0.0141731
2209 0.0105976
2212 0.00558136
2215 0.00225296
2218 0.00233728
2221 0.00210207
2224 0.00245118
2227 0.00269527
2230 0.00306361
2233 0.00311391
2236 0.00380621
2239 0.00364497
2242 0.00360207
2245 0.0034497
2248 0.00404142
2251 0.00470118
2254 0.00605621
2257 0.0057426
2260 0.00706953
2263 0.00814645
2266 0.0112456
2269 0.0268077
2272 0.0481908
2275 0.0709615
2278 0.0828462
2281 0.0921405
2284 0.0997234
2287 0.104654
2290 0.106238
2293 0.104183
2296 0.100883
2299 0.104929
2302 0.111312
2305 0.113056
2308 0.111186
2311 0.108277
2314 0.0982737
2317 0.0886287
2320 0.0777574
2323 0.0706746
2326 0.0618654
2329 0.0580355
2332 0.0517293
2335 0.0412618
2338 0.0334541
2341 0.0289172
2344 0.0240828
2347 0.0198299
2350 0.0173876
2353 0.0206169
2356 0.0186021
2359 0.0171169
2362 0.015963
2365 0.0164068
2368 0.0165814
2371 0.0168639
2374 0.0176243
2377 0.0161036
2380 0.0149719
2383 0.0180429
2386 0.0513033
2389 0.0784793
2392 0.0846139
2395 0.0896509
2398 0.0901524
2401 0.0886213
2404 0.0881775
2407 0.0879453
2410 0.0830695
2413 0.0807189
2416 0.0610296
2419 0.0508891
2422 0.0355192
2425 0.0224349
2428 0.0105858
2431 0.00153254
2434 0.0245133
2437 0.0455222
2440 0.0515592
2443 0.0555562
2446 0.0563536
2449 0.0583328
2452 0.0566775
2455 0.0568447
2458 0.0555932
2461 0.0566953
2464 0.0483743
2467 0.0347988
2470 0.0249201
2473 0.0174601
2476 0.0149364
2479 0.0163876
2482 0.017037
2485 0.0180503
2488 0.0190666
2491 0.0201657
2494 0.0197633
2497 0.0201568
2500 0.0203565
2503 0.0202278
2506 0.0205754
2509 0.0351598
2512 0.0582663
2515 0.0757278
2518 0.0758802
2521 0.0800769
2524 0.0850148
2527 0.0887352
2530 0.0922041
2533 0.0913269
2536 0.0916154
2539 0.0926287
2542 0.0894822
2545 0.0882293
2548 0.0845725
2551 0.0732456
2554 0.0648432
2557 0.0507633
2560 0.0361154
2563 0.0233876
2566 0.0120799
2569 0.00417308
2572 0.00164349
2575 0.00171302
2578 0.0016997
2581 0.00163314
2584 0.0015503
2587 0.00199408
2590 0.00181657
2593 0.00183432
2596 0.0017929
2599 0.00166716
2602 0.00166716
2605 0.00170414
2608 0.00186538
2611 0.00201923
2614 0.0017071
2617 0.00177071
2620 0.0016568
2623 0.00180325
2626 0.0191849
2629 0.0397988
2632 0.0487692
2635 0.052855
2638 0.0702411
2641 0.0967145
2644 0.131392
2647 0.163263
2650 0.191309
2653 0.211278
2656 0.214263
2659 0.219342
2662 0.219891
2665 0.209506
2668 0.197479
2671 0.199114
2674 0.203355
2677 0.206685
2680 0.193299
2683 0.171749
2686 0.155435
2689 0.145624
2692 0.134426
2695 0.121905
2698 0.106459
2701 0.0941228
2704 0.0791361
2707 0.0678861
2710 0.063895
2713 0.0654527
2716 0.0667027
2719 0.0660754
2722 0.0632766
2725 0.0639793
2728 0.0725621
2731 0.0911405
2734 0.104148
2737 0.110929
2740 0.11357
2743 0.114777
2746 0.117167
2749 0.122528
2752 0.123957
2755 0.126651
2758 0.127828
2761 0.12966
2764 0.130774
2767 0.132899
2770 0.133672
2773 0.135033
2776 0.1358
2779 0.138426
2782 0.141899
2785 0.141765
2788 0.141001
2791 0.14291
2794 0.142917
2797 0.142701
2800 0.142595
2803 0.142553
2806 0.142678
2809 0.143052
2812 0.142738
2815 0.143309
2818 0.143725
2821 0.144077
2824 0.144198
2827 0.143849
2830 0.143367
2833 0.143265
2836 0.146586
2839 0.146941
2842 0.146186
2845 0.144873
2848 0.144972
2851 0.146024
2854 0.146046
2857 0.146277
2860 0.146876
2863 0.145899
2866 0.147278
2869 0.1487
2872 0.15013
2875 0.149641
2878 0.149525
2881 0.155981
2884 0.159509
2887 0.161939
2890 0.162994
2893 0.161007
2896 0.158808
2899 0.15822
2902 0.158053
2905 0.15667
2908 0.15692
2911 0.155939
2914 0.15537
2917 0.155068
2920 0.153891
2923 0.154719
2926 0.154658
2929 0.155741
2932 0.159587
2935 0.161333
2938 0.163166
2941 0.16508
2944 0.166808
2947 0.173226
2950 0.181288
2953 0.190044
2956 0.199426
2959 0.21375
2962 0.238623
2965 0.254814
2968 0.274821
2971 0.297355
2974 0.323922
2977 0.344544
2980 0.358206
2983 0.387688
2986 0.446981
2989 0.45433
2992 0.511376
2995 0.561436
2998 0.637753
3001 0.756105
3004 0.811206
3007 0.838858
3010 0.843269
3013 0.888735
3016 0.891707
3019 0.90059
3022 0.905476
3025 0.906809
3028 0.907716
3031 0.910315
3034 0.910905
3037 0.91329
3040 0.9132
3043 0.911142
3046 0.910408
3049 0.909074
3052 0.908658
3055 0.908771
3058 0.907781
3061 0.904262
3064 0.902061
3067 0.899095
3070 0.898469
3073 0.896238
3076 0.893685
3079 0.892954
3082 0.89225
3085 0.891516
3088 0.888062
3091 0.885928
3094 0.882183
3097 0.880794
3100 0.878615
3103 0.879914
3106 0.881487
3109 0.881969
3112 0.883429
3115 0.881419
3118 0.877959
3121 0.877102
3124 0.877749
3127 0.876357
3130 0.875096
3133 0.87146
3136 0.867253
3139 0.86576
3142 0.863888
3145 0.86037
3148 0.858859
3151 0.858127
3154 0.858287
3157 0.858018
3160 0.857663
3163 0.858186
3166 0.858899
3169 0.858425
3172 0.858843
3175 0.858345
3178 0.857635
3181 0.854206
3184 0.852719
3187 0.852087
3190 0.849283
3193 0.846963
3196 0.846009
3199 0.846089
3202 0.845871
3205 0.84578
3208 0.845956
3211 0.843861
3214 0.844238
3217 0.843333
3220 0.843521
3223 0.843206
3226 0.842707
3229 0.841632
3232 0.841584
3235 0.841175
3238 0.841997
3241 0.841552
3244 0.841447
3247 0.841277
3250 0.841169
3253 0.842525
3256 0.842564
3259 0.842272
3262 0.842389
3265 0.842836
3268 0.842991
3271 0.842617
3274 0.842645
3277 0.84275
3280 0.842389
3283 0.843114
3286 0.843256
3289 0.843713
3292 0.843541
3295 0.843235
3298 0.842444
3301 0.842503
3304 0.842839
3307 0.842543
3310 0.842877
3313 0.842994
3316 0.842074
3319 0.842361
3322 0.842811
3325 0.842938
3328 0.843217
3331 0.843558
3334 0.843297
3337 0.841676
3340 0.841679
3343 0.841575
3346 0.840624
3349 0.839676
3352 0.839615
3355 0.840604
3358 0.84112
3361 0.843729
3364 0.844404
3367 0.844963
3370 0.845442
3373 0.845964
3376 0.84578
3379 0.846034
3382 0.845843
3385 0.845824
3388 0.844533
3391 0.843893
3394 0.843972
3397 0.843512
3400 0.843747
3403 0.843771
3406 0.843917
3409 0.843661
3412 0.844692
3415 0.844074
3418 0.843768
3421 0.84374
3424 0.84409
3427 0.844281
3430 0.844655
3433 0.844547
3436 0.847003
3439 0.846371
3442 0.846834
3445 0.846491
3448 0.8465
3451 0.846808
3454 0.847463
3457 0.847423
3460 0.847642
3463 0.848448
3466 0.848136
3469 0.848456
3472 0.848342
3475 0.848286
3478 0.848318
3481 0.848348
3484 0.848138
3487 0.848964
3490 0.848336
3493 0.848475
3496 0.848359
3499 0.848117
3502 0.848481
3505 0.848604
3508 0.84837
3511 0.847408
3514 0.847388
3517 0.847503
3520 0.847564
3523 0.847697
3526 0.847879
3529 0.84751
3532 0.847784
3535 0.847842
3538 0.849383
3541 0.849006
3544 0.848808
3547 0.848882
3550 0.848672
3553 0.848357
3556 0.848309
3559 0.848271
3562 0.84821
3565 0.848441
3568 0.848466
3571 0.847621
3574 0.847774
3577 0.847462
3580 0.84763
3583 0.847786
3586 0.847953
3589 0.848195
3592 0.848294
3595 0.847536
3598 0.847683
3601 0.848095
3604 0.848129
3607 0.848407
3610 0.848117
3613 0.847999
3616 0.84779
3619 0.847411
3622 0.847626
3625 0.847077
3628 0.847127
3631 0.846859
3634 0.846993
3637 0.846852
3640 0.846189
3643 0.846246
3646 0.846299
3649 0.845821
3652 0.844973
3655 0.845201
3658 0.845709
3661 0.845784
3664 0.845888
3667 0.845901
3670 0.847146
3673 0.847204
3676 0.847166
3679 0.847157
3682 0.848095
3685 0.848027
3688 0.848244
3691 0.848053
3694 0.847954
3697 0.847658
3700 0.84779
3703 0.847825
3706 0.847939
3709 0.848179
3712 0.848278
3715 0.848028
3718 0.848121
3721 0.848228
3724 0.848654
3727 0.848629
3730 0.847873
3733 0.848089
3736 0.848504
3739 0.848768
3742 0.849546
3745 0.850132
3748 0.850096
3751 0.849786
3754 0.849913
3757 0.849893
3760 0.849883
3763 0.849278
3766 0.848793
3769 0.847277
3772 0.847805
3775 0.848964
3778 0.849908
3781 0.850327
3784 0.850093
3787 0.849794
3790 0.849615
3793 0.849473
3796 0.848954
3799 0.848398
3802 0.846114
3805 0.844342
3808 0.843133
3811 0.843988
3814 0.844346
3817 0.844135
3820 0.849499
3823 0.849123
3826 0.849195
3829 0.849522
3832 0.849598
3835 0.84972
3838 0.849528
3841 0.84943
3844 0.849501
3847 0.848895
3850 0.848609
3853 0.848768
3856 0.848516
3859 0.848107
3862 0.848262
3865 0.848142
3868 0.848296
3871 0.849095
3874 0.849027
3877 0.849496
3880 0.849737
3883 0.849058
3886 0.849383
3889 0.848664
3892 0.848991
3895 0.849876
3898 0.85096
3901 0.851139
3904 0.850442
3907 0.85026
3910 0.850062
3913 0.849774
3916 0.849608
3919 0.849679
3922 0.850214
3925 0.850203
3928 0.849911
3931 0.849669
3934 0.84991
3937 0.849737
3940 0.849676
3943 0.849618
3946 0.851188
3949 0.850422
3952 0.850256
3955 0.850222
3958 0.850438
3961 0.851052
3964 0.85075
3967 0.85075
3970 0.851969
3973 0.851864
3976 0.851112
3979 0.850923
3982 0.850256
3985 0.849496
3988 0.849166
3991 0.850466
3994 0.850225
3997 0.851237
4000 0.850922
4003 0.850814
4006 0.85037
4009 0.850136
4012 0.849963
4015 0.850112
4018 0.8498
4021 0.851293
4024 0.851265
4027 0.851099
4030 0.850602
4033 0.850524
4036 0.850627
4039 0.850317
4042 0.850491
4045 0.851034
4048 0.851114
4051 0.850942
4054 0.850828
4057 0.850654
4060 0.850484
4063 0.850272
4066 0.850788
4069 0.851504
4072 0.850138
4075 0.84997
4078 0.849864
4081 0.849914
4084 0.850009
4087 0.850195
4090 0.85028
4093 0.850263
4096 0.852003
4099 0.851843
4102 0.851944
4105 0.851639
4108 0.85116
4111 0.851475
4114 0.851322
4117 0.851583
4120 0.852951
4123 0.852641
4126 0.852712
4129 0.852805
4132 0.852939
4135 0.852855
4138 0.85254
4141 0.852186
4144 0.851966
4147 0.852528
4150 0.850601
4153 0.849851
4156 0.848734
4159 0.848217
4162 0.848417
4165 0.848507
4168 0.849283
4171 0.849561
4174 0.850676
4177 0.851815
4180 0.852783
4183 0.853944
4186 0.855751
4189 0.859543
4192 0.86353
4195 0.86579
4198 0.865669
4201 0.865028
4204 0.86412
4207 0.866712
4210 0.867572
4213 0.869013
4216 0.871996
4219 0.874953
4222 0.877907
4225 0.880154
4228 0.883389
4231 0.889345
4234 0.895309
4237 0.901419
4240 0.902626
4243 0.896891
4246 0.890564
4249 0.887609
4252 0.88129
4255 0.882645
4258 0.881911
4261 0.883056
4264 0.887368
4267 0.895709
4270 0.901854
4273 0.906679
4276 0.908811
4279 0.910759
4282 0.913293
4285 0.914806
4288 0.918817
4291 0.918408
4294 0.910556
4297 0.897112
4300 0.894071
4303 0.895186
4306 0.89474
4309 0.889226
4312 0.885296
4315 0.883484
4318 0.872046
4321 0.864732
4324 0.84472
4327 0.830229
4330 0.787405
4333 0.779135
4336 0.769811
4339 0.767697
4342 0.768754
4345 0.744188
4348 0.748413
4351 0.752635
4354 0.749783
4357 0.742491
4360 0.734975
4363 0.729133
4366 0.728188
4369 0.72355
4372 0.723367
4375 0.719175
4378 0.727257
4381 0.700547
4384 0.694859
4387 0.685439
4390 0.670555
4393 0.657464
4396 0.620746
4399 0.604009
4402 0.58643
4405 0.567686
4408 0.549419
4411 0.529251
4414 0.533947
4417 0.55679
4420 0.565916
4423 0.595426
4426 0.617882
4429 0.61897
4432 0.615504
4435 0.613328
4438 0.602692
4441 0.598111
4444 0.606046
4447 0.617265
4450 0.629862
4453 0.622609
4456 0.61992
4459 0.621022
4462 0.626953
4465 0.633781
4468 0.64632
4471 0.66032
4474 0.689033
4477 0.684969
4480 0.661049
4483 0.628291
4486 0.624166
4489 0.594531
4492 0.598948
4495 0.594447
4498 0.610086
4501 0.629175
4504 0.664857
4507 0.704321
4510 0.743433
4513 0.778463
4516 0.824618
4519 0.84858
4522 0.867802
4525 0.883645
4528 0.896864
4531 0.911851
4534 0.918389
4537 0.923469
4540 0.925541
4543 0.9282
4546 0.928266
4549 0.918941
4552 0.9082
4555 0.900928
4558 0.884219
4561 0.862999
4564 0.853657
4567 0.806155
4570 0.805824
4573 0.745429
4576 0.724935
4579 0.708337
4582 0.693769
4585 0.69305
4588 0.697385
4591 0.703303
4594 0.747689
4597 0.761503
4600 0.76132
4603 0.756762
4606 0.754957
4609 0.751978
4612 0.754488
4615 0.750083
4618 0.742888
4621 0.707416
4624 0.609892
4627 0.587169
4630 0.57293
4633 0.581206
4636 0.594401
4639 0.631186
4642 0.678658
4645 0.71118
4648 0.72618
4651 0.727524
4654 0.735438
4657 0.734331
4660 0.694419
4663 0.674325
4666 0.660436
4669 0.655496
4672 0.635609
4675 0.632188
4678 0.559609
4681 0.482796
4684 0.450507
4687 0.381108
4690 0.373203
4693 0.374217
4696 0.3708
4699 0.37445
4702 0.38225
4705 0.391305
4708 0.394385
4711 0.413618
4714 0.474771
4717 0.51072
4720 0.575377
4723 0.582172
4726 0.583101
4729 0.586135
4732 0.543658
4735 0.533979
4738 0.512253
4741 0.483824
4744 0.463112
4747 0.405833
4750 0.36047
4753 0.331354
4756 0.290333
4759 0.267456
4762 0.236466
4765 0.210262
4768 0.178759
4771 0.156441
4774 0.135698
4777 0.109797
4780 0.0871997
4783 0.0717544
4786 0.0536361
4789 0.0380533
4792 0.0209527
4795 0.0120917
4798 0.00447633
4801 0.000724852
4804 0.000517751
4807 0.000497041
4810 0.000384615
4813 0.000292899
4816 0.000335799
4819 0.000306213
4822 0.000352071
4825 0.000298817
4828 0.000223373
4831 0.000193787
4834 0.00226479
4837 0.00201036
4840 0.00243787
4843 0.00254586
4846 0.00288314
4849 0.00301036
4852 0.00308728
4855 0.00344083
4858 0.00344231
4861 0.0033358
4864 0.00294822
4867 0.00257692
4870 0.00262426
4873 0.00210207
4876 0.00186095
4879 0.00172633
4882 0.0016287
4885 0.00190828
4888 0.00193491
4891 0.00172781
4894 0.00156509
4897 0.00106805
4900 0.000483728
4903 0.000344675
4906 0.000232249
4909 0.000128698
4912 0.000121302
4915 0.00010503
4918 0.0250015
4921 0.0446731
4924 0.0508817
4927 0.0727056
4930 0.103701
4933 0.117916
4936 0.123845
4939 0.13283
4942 0.132382
4945 0.133053
4948 0.134178
4951 0.122053
4954 0.109286
4957 0.0950074
4960 0.0867278
4963 0.0783343
4966 0.0649127
4969 0.0774689
4972 0.0914453
4975 0.109893
4978 0.118544
4981 0.113118
4984 0.111568
4987 0.112821
4990 0.110886
4993 0.109408
4996 0.107788
4999 0.109322
5002 0.0996775
5005 0.0909734
5008 0.0867914
5011 0.0771524
5014 0.0594453
5017 0.0444867
5020 0.0314956
5023 0.0297766
5026 0.0242456
5029 0.018179
5032 0.0163476
5035 0.0172115
5038 0.018068
5041 0.0182322
5044 0.0187308
5047 0.0204053
5050 0.028463
5053 0.0446908
5056 0.0627544
5059 0.0895251
5062 0.112706
5065 0.149223
5068 0.182521
5071 0.219447
5074 0.249288
5077 0.267364
5080 0.269061
5083 0.262689
5086 0.237095
5089 0.213723
5092 0.187527
5095 0.174933
5098 0.167704
5101 0.150836
5104 0.129198
5107 0.112438
5110 0.0967411
5113 0.0910621
5116 0.0822633
5119 0.063145
5122 0.0408269
5125 0.0177204
5128 0.00350444
5131 0.00039497
5134 0.000508876
5137 0.00035503
5140 0.000322485
5143 0.000310651
5146 0.000298817
5149 0.000252959
5152 0.000223373
5155 0.000235207
5158 0.000244083
5161 0.000461538
5164 0.000289941
5167 0.000224852
5170 0.000190828
5173 0.000189349
5176 0.00018787
5179 0.000193787
5182 0.000170118
5185 3.84615e-05
5188 3.10651e-05
5191 1.92308e-05
5194 0
5197 0.000244083
5200 0.000189349
5203 0.000192308
5206 0.000159763
5209 0.000158284
5212 0.000143491
5215 0.000170118
5218 0.000173077
5221 0.000300296
5224 0.000252959
5227 0.000238166
5230 0.000215976
5233 0.000171598
5236 0.000173077
5239 0.000162722
5242 0.000147929
5245 0.00035355
5248 0.000275148
5251 0.000294379
5254 0.000269231
5257 0.0044571
5260 0.031247
5263 0.0536302
5266 0.0639127
5269 0.0716627
5272 0.0749793
5275 0.0755414
5278 0.076287
5281 0.0762663
5284 0.077034
5287 0.0769305
5290 0.091287
5293 0.121925
5296 0.144001
5299 0.161663
5302 0.169173
5305 0.192061
5308 0.19468
5311 0.196534
5314 0.194256
5317 0.192149
5320 0.195115
5323 0.188814
5326 0.18221
5329 0.187543
5332 0.20628
5335 0.223064
5338 0.228639
5341 0.227635
5344 0.228246
5347 0.227253
5350 0.226876
5353 0.245327
5356 0.275797
5359 0.304522
5362 0.317133
5365 0.304362
5368 0.298627
5371 0.294464
5374 0.294842
5377 0.295391
5380 0.296599
5383 0.295729
5386 0.299031
5389 0.308519
5392 0.317469
5395 0.327367
5398 0.33288
5401 0.332599
5404 0.332812
5407 0.33643
5410 0.338439
5413 0.338025
5416 0.341346
5419 0.360501
5422 0.377098
5425 0.390065
5428 0.395325
5431 0.396728
5434 0.400546
5437 0.4062
5440 0.414053
5443 0.424075
5446 0.430741
5449 0.442204
5452 0.450938
5455 0.455325
5458 0.456429
5461 0.454657
5464 0.459834
5467 0.460223
5470 0.459689
5473 0.455559
5476 0.451339
5479 0.451385
5482 0.456882
5485 0.463709
5488 0.473209
5491 0.482138
5494 0.491857
5497 0.508744
5500 0.52307
5503 0.549166
5506 0.561325
5509 0.590595
5512 0.615056
5515 0.626451
5518 0.632833
5521 0.684928
5524 0.69372
5527 0.705129
5530 0.742
5533 0.775544
5536 0.798284
5539 0.807623
5542 0.812247
5545 0.845889
5548 0.84647
5551 0.844439
5554 0.842725
5557 0.841985
5560 0.841291
5563 0.837939
5566 0.839334
5569 0.834
5572 0.834766
5575 0.835843
5578 0.833047
5581 0.829459
5584 0.831138
5587 0.838999
5590 0.859726
5593 0.866706
5596 0.878568
5599 0.877956
5602 0.877559
5605 0.877503
5608 0.877061
5611 0.875263
5614 0.874067
5617 0.873081
5620 0.874692
5623 0.874521
5626 0.874936
5629 0.874997
5632 0.874892
5635 0.875513
5638 0.875546
5641 0.87625
5644 0.878041
5647 0.876942
5650 0.8777
5653 0.876786
5656 0.875357
5659 0.874717
5662 0.874855
5665 0.874985
5668 0.875978
5671 0.874703
5674 0.875898
5677 0.876297
5680 0.876717
5683 0.876883
5686 0.875669
5689 0.87557
5692 0.876223
5695 0.875811
5698 0.876749
5701 0.876018
5704 0.87518
5707 0.87479
5710 0.874642
5713 0.870265
5716 0.868493
5719 0.867957
5722 0.863661
5725 0.863601
5728 0.863645
5731 0.863398
5734 0.862788
5737 0.862784
