1 0.07494
4 0.07865
7 0.09207
10 0.10464
13 0.109
16 0.11216
19 0.11483
22 0.11576
25 0.1196
28 0.1269
31 0.13024
34 0.13061
37 0.13095
40 0.13105
43 0.13285
46 0.13555
49 0.13568
52 0.13574
55 0.13465
58 0.13346
61 0.13284
64 0.13287
67 0.13384
70 0.13445
73 0.13688
76 0.14016
79 0.1422
82 0.14909
85 0.16549
88 0.18299
91 0.19947
94 0.20249
97 0.20569
100 0.20676
103 0.20843
106 0.20549
109 0.21335
112 0.22444
115 0.23462
118 0.24063
121 0.23841
124 0.23814
127 0.2388
130 0.2416
133 0.24919
136 0.25244
139 0.25567
142 0.25454
145 0.25236
148 0.2486
151 0.2444
154 0.24196
157 0.23749
160 0.23316
163 0.23071
166 0.22908
169 0.2281
172 0.22805
175 0.22608
178 0.22464
181 0.22464
184 0.224
187 0.2217
190 0.22141
193 0.22077
196 0.22159
199 0.22183
202 0.22257
205 0.2234
208 0.22249
211 0.22296
214 0.22202
217 0.22163
220 0.22159
223 0.22084
226 0.22047
229 0.22036
232 0.22023
235 0.22082
238 0.22039
241 0.2191
244 0.22112
247 0.22044
250 0.21976
253 0.21899
256 0.21884
259 0.21921
262 0.21846
265 0.21895
268 0.21852
271 0.218
274 0.21738
277 0.21711
280 0.21624
283 0.21717
286 0.21803
289 0.2163
292 0.21481
295 0.2152
298 0.21512
301 0.21475
304 0.21478
307 0.21497
310 0.21571
313 0.21603
316 0.21807
319 0.21764
322 0.21878
325 0.21924
328 0.21923
331 0.21877
334 0.21877
337 0.21885
340 0.21951
343 0.22514
346 0.23116
349 0.23305
352 0.23257
355 0.23175
358 0.23113
361 0.23086
364 0.23045
367 0.2299
370 0.22885
373 0.22797
376 0.22697
379 0.22608
382 0.22579
385 0.22783
388 0.23229
391 0.23743
394 0.23925
397 0.24346
400 0.24506
403 0.24689
406 0.25026
409 0.25566
412 0.26182
415 0.2734
418 0.28363
421 0.29299
424 0.30439
427 0.31733
430 0.32979
433 0.34309
436 0.35569
439 0.36396
442 0.37135
445 0.38286
448 0.38711
451 0.39319
454 0.39812
457 0.4025
460 0.40654
463 0.41008
466 0.41152
469 0.41174
472 0.41782
475 0.41771
478 0.41592
481 0.41579
484 0.41548
487 0.41586
490 0.41485
493 0.41519
496 0.41537
499 0.41813
502 0.43257
505 0.45197
508 0.46482
511 0.47315
514 0.47632
517 0.48471
520 0.50628
523 0.51681
526 0.52476
529 0.53069
532 0.53121
535 0.53356
538 0.53358
541 0.53127
544 0.53162
547 0.53184
550 0.52982
553 0.52722
556 0.5252
559 0.5223
562 0.52049
565 0.5177
568 0.51627
571 0.51853
574 0.52478
577 0.53425
580 0.54568
583 0.55811
586 0.57127
589 0.58432
592 0.59545
595 0.62217
598 0.63824
601 0.65053
604 0.65715
607 0.67096
610 0.68538
613 0.6926
616 0.69561
619 0.69587
622 0.70725
625 0.70701
628 0.7053
631 0.70965
634 0.71278
637 0.7164
640 0.71825
643 0.71883
646 0.74215
649 0.74512
652 0.74701
655 0.74802
658 0.74886
661 0.74759
664 0.74854
667 0.74744
670 0.74722
673 0.74566
676 0.74508
679 0.74505
682 0.7459
685 0.74602
688 0.74442
691 0.74465
694 0.74421
697 0.74917
700 0.74868
703 0.74738
706 0.74993
709 0.75214
712 0.75674
715 0.75806
718 0.76933
721 0.81732
724 0.81807
727 0.81767
730 0.81771
733 0.81858
736 0.82643
739 0.83171
742 0.837
745 0.85379
748 0.8558
751 0.8616
754 0.86187
757 0.86254
760 0.86282
763 0.86815
766 0.8703
769 0.87315
772 0.88525
775 0.88569
778 0.88579
781 0.88565
784 0.88519
787 0.88497
790 0.88386
793 0.8825
796 0.87732
799 0.87591
802 0.87226
805 0.86921
808 0.86717
811 0.86991
814 0.87843
817 0.8815
820 0.8851
823 0.88539
826 0.88653
829 0.88583
832 0.88721
835 0.88748
838 0.88775
841 0.88826
844 0.88865
847 0.88947
850 0.88927
853 0.88946
856 0.88925
859 0.88914
862 0.88905
865 0.88944
868 0.88986
871 0.88843
874 0.88834
877 0.88919
880 0.88985
883 0.88982
886 0.8895
889 0.88985
892 0.88966
895 0.88945
898 0.88965
901 0.88979
904 0.88985
907 0.8898
910 0.88973
913 0.89058
916 0.89028
919 0.89017
922 0.89033
925 0.89076
928 0.89047
931 0.88804
934 0.88862
937 0.88891
940 0.88936
943 0.88872
946 0.88835
949 0.88834
952 0.88815
955 0.89001
958 0.8898
961 0.88978
964 0.88961
967 0.88966
970 0.8895
973 0.88924
976 0.88882
979 0.88784
982 0.88553
985 0.88627
988 0.88664
991 0.8882
994 0.8885
997 0.88826
1000 0.88864
1003 0.88949
1006 0.88968
1009 0.89021
1012 0.88713
1015 0.88688
1018 0.88708
1021 0.88781
1024 0.88742
1027 0.88714
1030 0.88714
1033 0.88694
1036 0.88729
1039 0.88714
1042 0.88743
1045 0.88764
1048 0.88692
1051 0.88731
1054 0.88753
1057 0.88705
1060 0.88759
1063 0.88618
1066 0.8858
1069 0.88671
1072 0.88636
1075 0.88683
1078 0.88692
1081 0.88693
1084 0.88629
1087 0.88431
1090 0.88501
1093 0.88473
1096 0.88494
1099 0.88568
1102 0.88523
1105 0.88539
1108 0.88583
1111 0.88489
1114 0.88493
1117 0.88461
1120 0.88571
1123 0.88607
1126 0.88554
1129 0.88508
1132 0.88527
1135 0.88515
1138 0.88704
1141 0.88715
1144 0.88642
1147 0.88627
1150 0.88704
1153 0.88784
1156 0.88754
1159 0.88697
1162 0.88515
1165 0.88514
1168 0.88619
1171 0.88698
1174 0.88699
1177 0.88729
1180 0.8873
1183 0.88734
1186 0.8854
1189 0.88573
1192 0.88534
1195 0.88623
1198 0.88643
1201 0.88709
1204 0.88719
1207 0.88728
1210 0.88736
1213 0.88807
1216 0.88718
1219 0.88693
1222 0.88713
1225 0.88779
1228 0.88801
1231 0.8881
1234 0.88723
1237 0.88784
1240 0.88641
1243 0.88677
1246 0.88741
1249 0.88726
1252 0.88658
1255 0.88651
1258 0.88656
1261 0.88474
1264 0.88563
1267 0.88634
1270 0.88619
1273 0.88617
1276 0.88708
1279 0.88769
1282 0.88771
1285 0.88786
1288 0.88634
1291 0.88633
1294 0.88615
1297 0.88622
1300 0.88736
1303 0.88741
1306 0.88752
1309 0.88817
1312 0.88748
1315 0.88733
1318 0.88753
1321 0.88823
1324 0.88839
1327 0.88825
1330 0.88871
1333 0.88867
1336 0.88738
1339 0.88771
1342 0.88775
1345 0.88725
1348 0.88741
1351 0.88645
1354 0.88655
1357 0.88665
1360 0.88691
1363 0.88736
1366 0.88678
1369 0.88696
1372 0.88857
1375 0.88836
1378 0.8882
1381 0.88855
1384 0.88841
1387 0.88888
1390 0.88911
1393 0.88946
1396 0.89008
1399 0.88994
1402 0.89062
1405 0.89102
1408 0.89097
1411 0.8902
1414 0.88947
1417 0.89002
1420 0.89062
1423 0.89062
1426 0.88999
1429 0.88947
1432 0.88873
1435 0.88893
1438 0.88989
1441 0.88928
1444 0.88908
1447 0.88904
1450 0.88826
1453 0.8893
1456 0.88985
1459 0.88972
1462 0.89142
1465 0.89282
1468 0.89369
1471 0.89476
1474 0.8948
1477 0.8956
1480 0.89434
1483 0.89256
1486 0.89203
1489 0.89416
1492 0.89497
1495 0.89504
1498 0.89629
1501 0.89723
1504 0.89748
1507 0.89889
1510 0.90122
1513 0.90437
1516 0.90386
1519 0.90492
1522 0.90275
1525 0.90314
1528 0.90604
1531 0.90594
1534 0.9014
1537 0.90027
1540 0.90027
1543 0.89794
1546 0.8986
1549 0.89818
1552 0.8891
1555 0.8828
1558 0.88417
1561 0.88504
1564 0.8863
1567 0.88681
1570 0.88589
1573 0.88487
1576 0.89086
1579 0.89621
1582 0.9009
1585 0.90036
1588 0.89812
1591 0.89472
1594 0.89103
1597 0.89289
1600 0.8897
1603 0.89166
1606 0.88903
1609 0.89476
1612 0.89872
1615 0.90019
1618 0.9
1621 0.89905
1624 0.90202
1627 0.90705
1630 0.91561
1633 0.91814
1636 0.9184
1639 0.91665
1642 0.91517
1645 0.91209
1648 0.91312
1651 0.91097
1654 0.90954
1657 0.90457
1660 0.90303
1663 0.90026
1666 0.89944
1669 0.90193
1672 0.90866
1675 0.9099
1678 0.9038
1681 0.89312
1684 0.88388
1687 0.87312
1690 0.86732
1693 0.87022
1696 0.87045
1699 0.86729
1702 0.86742
1705 0.86724
1708 0.85799
1711 0.83884
1714 0.82807
1717 0.822
1720 0.81875
1723 0.81838
1726 0.81643
1729 0.81048
1732 0.79207
1735 0.73188
1738 0.65291
1741 0.6041
1744 0.56443
1747 0.55368
1750 0.50489
1753 0.48713
1756 0.4788
1759 0.47142
1762 0.46427
1765 0.45593
1768 0.47498
1771 0.47592
1774 0.48973
1777 0.49047
1780 0.47401
1783 0.45776
1786 0.44574
1789 0.42462
1792 0.40839
1795 0.39091
1798 0.3822
1801 0.38799
1804 0.38969
1807 0.39098
1810 0.39783
1813 0.38617
1816 0.37407
1819 0.37086
1822 0.37405
1825 0.36905
1828 0.35738
1831 0.34398
1834 0.33083
1837 0.31664
1840 0.3031
1843 0.28174
1846 0.26584
1849 0.24846
1852 0.22494
1855 0.21474
1858 0.21978
1861 0.21292
1864 0.19657
1867 0.18959
1870 0.21096
1873 0.22353
1876 0.22706
1879 0.23539
1882 0.2551
1885 0.27036
1888 0.29626
1891 0.31871
1894 0.33775
1897 0.33972
1900 0.36033
1903 0.42012
1906 0.47262
1909 0.48859
1912 0.46631
1915 0.45118
1918 0.43651
1921 0.42312
1924 0.41197
1927 0.37682
1930 0.35326
1933 0.31458
1936 0.29478
1939 0.28291
1942 0.27101
1945 0.26474
1948 0.24054
1951 0.21656
1954 0.18749
1957 0.16485
1960 0.14068
1963 0.11594
1966 0.09135
1969 0.06376
1972 0.03395
1975 0.01834
1978 0.00902
1981 0.00798
1984 0.00701
1987 0.00561
1990 0.00472
1993 0.00482
1996 0.00465
1999 0.00444
2002 0.01793
2005 0.05104
2008 0.09129
2011 0.13584
2014 0.18034
2017 0.23639
2020 0.28977
2023 0.31734
2026 0.36029
2029 0.39729
2032 0.40409
2035 0.39038
2038 0.35527
2041 0.33432
2044 0.28338
2047 0.2596
2050 0.23883
2053 0.21908
2056 0.19836
2059 0.17409
2062 0.13617
2065 0.11026
2068 0.08748
2071 0.07892
2074 0.06006
2077 0.04283
2080 0.02676
2083 0.01507
2086 0.01481
2089 0.01377
2092 0.01318
2095 0.0132
2098 0.01382
2101 0.01783
2104 0.02977
2107 0.04618
2110 0.06945
2113 0.09802
2116 0.1304
2119 0.17232
2122 0.21542
2125 0.27977
2128 0.36344
2131 0.43421
2134 0.477
2137 0.51213
2140 0.51297
2143 0.50382
2146 0.49075
2149 0.47629
2152 0.39077
2155 0.3383
2158 0.32646
2161 0.31686
2164 0.31076
2167 0.29859
2170 0.28306
2173 0.2688
2176 0.23448
2179 0.2073
2182 0.16762
2185 0.13386
2188 0.10607
2191 0.07892
2194 0.05692
2197 0.04049
2200 0.02701
2203 0.01818
2206 0.01439
2209 0.01082
2212 0.0056
2215 0.00222
2218 0.00232
2221 0.00211
2224 0.00252
2227 0.00277
2230 0.00327
2233 0.00332
2236 0.00391
2239 0.00376
2242 0.00376
2245 0.00342
2248 0.0043
2251 0.0049
2254 0.00624
2257 0.00601
2260 0.0074
2263 0.00841
2266 0.01156
2269 0.02746
2272 0.04885
2275 0.07134
2278 0.08298
2281 0.09217
2284 0.09978
2287 0.10477
2290 0.10584
2293 0.1035
2296 0.10088
2299 0.10516
2302 0.11117
2305 0.11338
2308 0.11087
2311 0.10858
2314 0.0981
2317 0.08873
2320 0.07834
2323 0.07024
2326 0.06193
2329 0.05809
2332 0.05158
2335 0.04174
2338 0.03354
2341 0.02898
2344 0.02425
2347 0.01985
2350 0.01761
2353 0.02055
2356 0.01853
2359 0.01708
2362 0.01596
2365 0.01639
2368 0.01663
2371 0.01679
2374 0.01767
2377 0.01607
2380 0.01515
2383 0.01818
2386 0.05116
2389 0.07765
2392 0.0842
2395 0.089
2398 0.0897
2401 0.0878
2404 0.08738
2407 0.08707
2410 0.08304
2413 0.08064
2416 0.0611
2419 0.05112
2422 0.03556
2425 0.02248
2428 0.01072
2431 0.00165
2434 0.02451
2437 0.04516
2440 0.05177
2443 0.0555
2446 0.056
2449 0.05829
2452 0.05656
2455 0.05641
2458 0.05513
2461 0.05655
2464 0.04847
2467 0.03496
2470 0.02508
2473 0.01764
2476 0.01519
2479 0.01682
2482 0.01734
2485 0.01821
2488 0.01923
2491 0.02024
2494 0.01985
2497 0.02033
2500 0.02059
2503 0.02033
2506 0.0207
2509 0.03531
2512 0.05841
2515 0.07597
2518 0.07605
2521 0.07995
2524 0.0852
2527 0.08868
2530 0.09215
2533 0.09096
2536 0.0913
2539 0.09284
2542 0.08945
2545 0.08836
2548 0.08435
2551 0.07373
2554 0.06469
2557 0.05104
2560 0.03649
2563 0.0236
2566 0.01244
2569 0.00441
2572 0.00186
2575 0.00189
2578 0.0019
2581 0.00185
2584 0.00178
2587 0.00222
2590 0.00202
2593 0.00215
2596 0.002
2599 0.0019
2602 0.00191
2605 0.00195
2608 0.0021
2611 0.00223
2614 0.00188
2617 0.00197
2620 0.00177
2623 0.00194
2626 0.0195
2629 0.03991
2632 0.04873
2635 0.05258
2638 0.07068
2641 0.09633
2644 0.13129
2647 0.16277
2650 0.19083
2653 0.21075
2656 0.21397
2659 0.21887
2662 0.21956
2665 0.20936
2668 0.19652
2671 0.19881
2674 0.20206
2677 0.20578
2680 0.19311
2683 0.17139
2686 0.15564
2689 0.14598
2692 0.13429
2695 0.12208
2698 0.10702
2701 0.09471
2704 0.07947
2707 0.06865
2710 0.06454
2713 0.06543
2716 0.06722
2719 0.0664
2722 0.0633
2725 0.06416
2728 0.07318
2731 0.09154
2734 0.10423
2737 0.1109
2740 0.11317
2743 0.11482
2746 0.11693
2749 0.12267
2752 0.12412
2755 0.12604
2758 0.12744
2761 0.1293
2764 0.13053
2767 0.13272
2770 0.13315
2773 0.1345
2776 0.13531
2779 0.13787
2782 0.1419
2785 0.1412
2788 0.14082
2791 0.14302
2794 0.14236
2797 0.14235
2800 0.14237
2803 0.14188
2806 0.14229
2809 0.14248
2812 0.14255
2815 0.14315
2818 0.14366
2821 0.14425
2824 0.14407
2827 0.14387
2830 0.14333
2833 0.14327
2836 0.14605
2839 0.14674
2842 0.14546
2845 0.14407
2848 0.14418
2851 0.14512
2854 0.14521
2857 0.14543
2860 0.14623
2863 0.14553
2866 0.14677
2869 0.14818
2872 0.14976
2875 0.14927
2878 0.14907
2881 0.15521
2884 0.15915
2887 0.16159
2890 0.16311
2893 0.16093
2896 0.15853
2899 0.15798
2902 0.15799
2905 0.1563
2908 0.15672
2911 0.15499
2914 0.15431
2917 0.15426
2920 0.15322
2923 0.15426
2926 0.15478
2929 0.15519
2932 0.15932
2935 0.16059
2938 0.16278
2941 0.16475
2944 0.16687
2947 0.17284
2950 0.18145
2953 0.19024
2956 0.19964
2959 0.21414
2962 0.23823
2965 0.2541
2968 0.27402
2971 0.2973
2974 0.32379
2977 0.34439
2980 0.3581
2983 0.38784
2986 0.44746
2989 0.45467
2992 0.51157
2995 0.56138
2998 0.63819
3001 0.75643
3004 0.81128
3007 0.83826
3010 0.84305
3013 0.88928
3016 0.8915
3019 0.90106
3022 0.90612
3025 0.90723
3028 0.90727
3031 0.9105
3034 0.91096
3037 0.91319
3040 0.91266
3043 0.9112
3046 0.91112
3049 0.90943
3052 0.90827
3055 0.90846
3058 0.90742
3061 0.90397
3064 0.90166
3067 0.89831
3070 0.89887
3073 0.89613
3076 0.89372
3079 0.89315
3082 0.89286
3085 0.8919
3088 0.88756
3091 0.88687
3094 0.88306
3097 0.88056
3100 0.87891
3103 0.88024
3106 0.88207
3109 0.88204
3112 0.88339
3115 0.88138
3118 0.87819
3121 0.87641
3124 0.87765
3127 0.87618
3130 0.87467
3133 0.87097
3136 0.86686
3139 0.86532
3142 0.86363
3145 0.85956
3148 0.85849
3151 0.85789
3154 0.858
3157 0.85829
3160 0.85785
3163 0.85716
3166 0.85799
3169 0.85762
3172 0.85839
3175 0.85808
3178 0.85765
3181 0.85408
3184 0.85242
3187 0.85256
3190 0.85006
3193 0.84756
3196 0.84583
3199 0.84592
3202 0.84597
3205 0.84551
3208 0.84565
3211 0.84532
3214 0.84513
3217 0.84405
3220 0.84464
3223 0.84475
3226 0.84372
3229 0.84257
3232 0.84217
3235 0.84196
3238 0.84246
3241 0.84195
3244 0.84149
3247 0.84168
3250 0.84164
3253 0.84285
3256 0.84269
3259 0.84234
3262 0.84321
3265 0.84355
3268 0.84356
3271 0.8433
3274 0.84268
3277 0.84255
3280 0.84183
3283 0.84251
3286 0.84351
3289 0.84409
3292 0.84382
3295 0.84328
3298 0.84247
3301 0.84317
3304 0.84297
3307 0.84273
3310 0.84298
3313 0.84361
3316 0.84237
3319 0.84251
3322 0.84284
3325 0.84293
3328 0.84302
3331 0.84385
3334 0.8432
3337 0.84214
3340 0.84181
3343 0.84192
3346 0.84072
3349 0.84009
3352 0.8396
3355 0.84062
3358 0.84116
3361 0.84342
3364 0.84401
3367 0.8447
3370 0.84518
3373 0.84573
3376 0.84546
3379 0.84564
3382 0.84515
3385 0.8452
3388 0.84499
3391 0.844
3394 0.84382
3397 0.84346
3400 0.84375
3403 0.8437
3406 0.8441
3409 0.84371
3412 0.8448
3415 0.8443
3418 0.84396
3421 0.84375
3424 0.84422
3427 0.84453
3430 0.84494
3433 0.84496
3436 0.84711
3439 0.84631
3442 0.84702
3445 0.84676
3448 0.8468
3451 0.84712
3454 0.84758
3457 0.84732
3460 0.84752
3463 0.84888
3466 0.84864
3469 0.84884
3472 0.84859
3475 0.84868
3478 0.84813
3481 0.84823
3484 0.84817
3487 0.84903
3490 0.84815
3493 0.84823
3496 0.84786
3499 0.8478
3502 0.84837
3505 0.8487
3508 0.84856
3511 0.84757
3514 0.84799
3517 0.84782
3520 0.84793
3523 0.84819
3526 0.84846
3529 0.84777
3532 0.84833
3535 0.84829
3538 0.84994
3541 0.84935
3544 0.8494
3547 0.84938
3550 0.84954
3553 0.84922
3556 0.8489
3559 0.84902
3562 0.84857
3565 0.84882
3568 0.84909
3571 0.84816
3574 0.848
3577 0.84757
3580 0.84799
3583 0.84781
3586 0.84766
3589 0.84816
3592 0.84823
3595 0.84788
3598 0.84817
3601 0.84823
3604 0.84841
3607 0.84841
3610 0.84811
3613 0.84833
3616 0.848
3619 0.84768
3622 0.84823
3625 0.84734
3628 0.84759
3631 0.84718
3634 0.84746
3637 0.84715
3640 0.84661
3643 0.84677
3646 0.84641
3649 0.84573
3652 0.84491
3655 0.84563
3658 0.84616
3661 0.84639
3664 0.84628
3667 0.84604
3670 0.84704
3673 0.84713
3676 0.84733
3679 0.84738
3682 0.84817
3685 0.84841
3688 0.84872
3691 0.84843
3694 0.84845
3697 0.84777
3700 0.84801
3703 0.84807
3706 0.84828
3709 0.84869
3712 0.84846
3715 0.84811
3718 0.84849
3721 0.84858
3724 0.84948
3727 0.84938
3730 0.84807
3733 0.84865
3736 0.84883
3739 0.84928
3742 0.85013
3745 0.84974
3748 0.84982
3751 0.8493
3754 0.84983
3757 0.84979
3760 0.84995
3763 0.84967
3766 0.84919
3769 0.84758
3772 0.84813
3775 0.84922
3778 0.85
3781 0.85034
3784 0.84997
3787 0.8502
3790 0.85004
3793 0.84959
3796 0.84884
3799 0.84834
3802 0.84624
3805 0.84458
3808 0.84352
3811 0.84422
3814 0.84462
3817 0.84442
3820 0.85074
3823 0.85021
3826 0.85007
3829 0.85011
3832 0.84973
3835 0.85009
3838 0.84971
3841 0.84952
3844 0.84935
3847 0.84918
3850 0.84876
3853 0.84855
3856 0.84866
3859 0.84841
3862 0.84863
3865 0.84848
3868 0.84831
3871 0.84966
3874 0.84889
3877 0.84967
3880 0.84985
3883 0.84896
3886 0.84939
3889 0.84849
3892 0.84876
3895 0.85034
3898 0.85088
3901 0.85094
3904 0.85077
3907 0.85034
3910 0.84968
3913 0.84952
3916 0.84907
3919 0.8494
3922 0.84995
3925 0.85025
3928 0.84986
3931 0.84923
3934 0.84934
3937 0.84928
3940 0.84963
3943 0.84961
3946 0.8508
3949 0.84996
3952 0.84985
3955 0.85021
3958 0.85007
3961 0.8506
3964 0.84999
3967 0.85044
3970 0.85142
3973 0.8517
3976 0.85094
3979 0.85084
3982 0.85018
3985 0.84973
3988 0.84865
3991 0.84983
3994 0.84943
3997 0.85139
4000 0.8509
4003 0.85046
4006 0.8502
4009 0.84987
4012 0.84943
4015 0.8496
4018 0.84912
4021 0.85043
4024 0.85085
4027 0.85069
4030 0.85044
4033 0.85041
4036 0.85063
4039 0.85059
4042 0.85034
4045 0.85134
4048 0.85113
4051 0.85101
4054 0.85064
4057 0.85047
4060 0.85059
4063 0.85018
4066 0.85078
4069 0.85155
4072 0.85003
4075 0.84957
4078 0.84962
4081 0.85008
4084 0.85004
4087 0.85013
4090 0.85018
4093 0.85035
4096 0.85209
4099 0.85205
4102 0.85194
4105 0.8519
4108 0.85163
4111 0.85214
4114 0.85193
4117 0.85191
4120 0.85314
4123 0.85233
4126 0.85245
4129 0.85267
4132 0.85277
4135 0.8533
4138 0.85238
4141 0.85201
4144 0.85259
4147 0.85237
4150 0.85041
4153 0.84954
4156 0.84867
4159 0.8482
4162 0.84906
4165 0.8487
4168 0.85005
4171 0.84987
4174 0.85055
4177 0.85138
4180 0.85268
4183 0.85419
4186 0.85612
4189 0.85948
4192 0.8639
4195 0.86617
4198 0.86626
4201 0.86568
4204 0.86463
4207 0.86754
4210 0.86823
4213 0.86896
4216 0.87188
4219 0.87489
4222 0.87688
4225 0.88068
4228 0.88241
4231 0.88865
4234 0.89533
4237 0.90158
4240 0.9025
4243 0.89684
4246 0.89144
4249 0.88722
4252 0.88124
4255 0.88273
4258 0.88214
4261 0.88291
4264 0.88717
4267 0.89638
4270 0.90156
4273 0.90671
4276 0.90817
4279 0.91068
4282 0.91289
4285 0.91454
4288 0.91869
4291 0.91954
4294 0.91055
4297 0.89775
4300 0.89359
4303 0.89526
4306 0.89534
4309 0.88866
4312 0.88487
4315 0.88398
4318 0.871
4321 0.86507
4324 0.84395
4327 0.83014
4330 0.78756
4333 0.77994
4336 0.7683
4339 0.76677
4342 0.76808
4345 0.74366
4348 0.74811
4351 0.75226
4354 0.74858
4357 0.74215
4360 0.7347
4363 0.72828
4366 0.72821
4369 0.72335
4372 0.72322
4375 0.71876
4378 0.7268
4381 0.69944
4384 0.69517
4387 0.68536
4390 0.67039
4393 0.65651
4396 0.62023
4399 0.60364
4402 0.58594
4405 0.56771
4408 0.54943
4411 0.52894
4414 0.53231
4417 0.55689
4420 0.567
4423 0.59612
4426 0.61818
4429 0.61761
4432 0.61523
4435 0.61238
4438 0.60122
4441 0.5976
4444 0.60522
4447 0.61631
4450 0.62958
4453 0.62145
4456 0.61943
4459 0.62098
4462 0.6262
4465 0.633
4468 0.6449
4471 0.66032
4474 0.68842
4477 0.6837
4480 0.66043
4483 0.62715
4486 0.62356
4489 0.59413
4492 0.59838
4495 0.59215
4498 0.60884
4501 0.62808
4504 0.66447
4507 0.70287
4510 0.74202
4513 0.77841
4516 0.82367
4519 0.84805
4522 0.86804
4525 0.88308
4528 0.89679
4531 0.912
4534 0.918
4537 0.92296
4540 0.92542
4543 0.92819
4546 0.92943
4549 0.91907
4552 0.90932
4555 0.90031
4558 0.88382
4561 0.86296
4564 0.8531
4567 0.80501
4570 0.80568
4573 0.74461
4576 0.72402
4579 0.70678
4582 0.69348
4585 0.69173
4588 0.69714
4591 0.70396
4594 0.7476
4597 0.76082
4600 0.76169
4603 0.75638
4606 0.75419
4609 0.75212
4612 0.75386
4615 0.74875
4618 0.74261
4621 0.70514
4624 0.60954
4627 0.5867
4630 0.5737
4633 0.58097
4636 0.59446
4639 0.62986
4642 0.67703
4645 0.71126
4648 0.7256
4651 0.72585
4654 0.73502
4657 0.73426
4660 0.69345
4663 0.67382
4666 0.65947
4669 0.65466
4672 0.63603
4675 0.63232
4678 0.55912
4681 0.48289
4684 0.4507
4687 0.38091
4690 0.37267
4693 0.37432
4696 0.37061
4699 0.37357
4702 0.38133
4705 0.39067
4708 0.39437
4711 0.41368
4714 0.47483
4717 0.51034
4720 0.57514
4723 0.58109
4726 0.58235
4729 0.58585
4732 0.54229
4735 0.53325
4738 0.51111
4741 0.48286
4744 0.46376
4747 0.40461
4750 0.35968
4753 0.33096
4756 0.28963
4759 0.26729
4762 0.23612
4765 0.20968
4768 0.17837
4771 0.15575
4774 0.1353
4777 0.10936
4780 0.08704
4783 0.07196
4786 0.05362
4789 0.03807
4792 0.02102
4795 0.01206
4798 0.00447
4801 0.00068
4804 0.00045
4807 0.00045
4810 0.00037
4813 0.00028
4816 0.00035
4819 0.00031
4822 0.00032
4825 0.00026
4828 0.00029
4831 0.00023
4834 0.00241
4837 0.00214
4840 0.00264
4843 0.00275
4846 0.00305
4849 0.00318
4852 0.00337
4855 0.00368
4858 0.00364
4861 0.00358
4864 0.0032
4867 0.00274
4870 0.00286
4873 0.00241
4876 0.00207
4879 0.00195
4882 0.00178
4885 0.00217
4888 0.0022
4891 0.00194
4894 0.00172
4897 0.00122
4900 0.00057
4903 0.0004
4906 0.00028
4909 0.00011
4912 9e-05
4915 0.00012
4918 0.02491
4921 0.04452
4924 0.05064
4927 0.07272
4930 0.10316
4933 0.11741
4936 0.12355
4939 0.13202
4942 0.13169
4945 0.13273
4948 0.13412
4951 0.12187
4954 0.10919
4957 0.09451
4960 0.08646
4963 0.07833
4966 0.06527
4969 0.07757
4972 0.09113
4975 0.10954
4978 0.11784
4981 0.11252
4984 0.1117
4987 0.11163
4990 0.11028
4993 0.10855
4996 0.10779
4999 0.10893
5002 0.10001
5005 0.09103
5008 0.08657
5011 0.07693
5014 0.05917
5017 0.04436
5020 0.03154
5023 0.02963
5026 0.0243
5029 0.01819
5032 0.01624
5035 0.01702
5038 0.01785
5041 0.01809
5044 0.01857
5047 0.02037
5050 0.02858
5053 0.04501
5056 0.06315
5059 0.09018
5062 0.1134
5065 0.14917
5068 0.18268
5071 0.21952
5074 0.24922
5077 0.26696
5080 0.26795
5083 0.26218
5086 0.23671
5089 0.21315
5092 0.18774
5095 0.17499
5098 0.16827
5101 0.15091
5104 0.12945
5107 0.11262
5110 0.09655
5113 0.09058
5116 0.08223
5119 0.06312
5122 0.04105
5125 0.0179
5128 0.00369
5131 0.00039
5134 0.00054
5137 0.00038
5140 0.00035
5143 0.00032
5146 0.00031
5149 0.00025
5152 0.00025
5155 0.00025
5158 0.00027
5161 0.00033
5164 0.00024
5167 0.00024
5170 0.0002
5173 0.00023
5176 0.00021
5179 0.00022
5182 0.00016
5185 5e-05
5188 4e-05
5191 2e-05
5194 0
5197 0.00026
5200 0.00021
5203 0.00017
5206 0.00013
5209 0.00011
5212 0.00018
5215 0.00021
5218 0.00024
5221 0.0003
5224 0.00023
5227 0.00022
5230 0.00022
5233 0.0002
5236 0.0002
5239 0.00017
5242 0.00015
5245 0.00032
5248 0.00028
5251 0.00027
5254 0.00026
5257 0.00464
5260 0.03164
5263 0.05378
5266 0.06393
5269 0.07136
5272 0.07437
5275 0.0754
5278 0.07579
5281 0.07593
5284 0.07687
5287 0.07658
5290 0.09139
5293 0.12171
5296 0.14413
5299 0.16139
5302 0.16912
5305 0.19188
5308 0.19427
5311 0.19694
5314 0.19401
5317 0.19215
5320 0.19546
5323 0.18882
5326 0.18204
5329 0.18689
5332 0.20596
5335 0.22283
5338 0.22824
5341 0.22731
5344 0.22811
5347 0.22684
5350 0.22663
5353 0.24491
5356 0.27483
5359 0.30399
5362 0.3164
5365 0.30391
5368 0.29818
5371 0.29362
5374 0.29433
5377 0.29524
5380 0.29622
5383 0.29522
5386 0.29843
5389 0.30794
5392 0.31692
5395 0.32647
5398 0.33213
5401 0.33228
5404 0.33213
5407 0.33584
5410 0.33735
5413 0.33615
5416 0.34051
5419 0.35993
5422 0.37592
5425 0.3892
5428 0.39489
5431 0.39588
5434 0.40015
5437 0.4052
5440 0.41352
5443 0.42264
5446 0.42986
5449 0.4406
5452 0.44952
5455 0.45399
5458 0.45518
5461 0.45269
5464 0.45818
5467 0.4585
5470 0.45822
5473 0.45346
5476 0.44965
5479 0.44986
5482 0.45617
5485 0.46268
5488 0.4722
5491 0.48182
5494 0.49078
5497 0.50842
5500 0.52207
5503 0.5488
5506 0.56041
5509 0.58943
5512 0.61412
5515 0.62559
5518 0.63207
5521 0.68499
5524 0.69366
5527 0.70412
5530 0.74078
5533 0.77402
5536 0.7975
5539 0.80658
5542 0.81134
5545 0.84462
5548 0.84569
5551 0.84415
5554 0.84235
5557 0.84225
5560 0.8409
5563 0.83732
5566 0.83879
5569 0.83358
5572 0.83398
5575 0.83514
5578 0.83266
5581 0.82909
5584 0.83109
5587 0.83946
5590 0.86064
5593 0.86731
5596 0.87858
5599 0.87843
5602 0.87794
5605 0.87836
5608 0.87673
5611 0.87539
5614 0.87467
5617 0.87357
5620 0.87492
5623 0.87583
5626 0.87616
5629 0.87583
5632 0.87584
5635 0.87638
5638 0.87672
5641 0.87777
5644 0.87859
5647 0.87636
5650 0.87723
5653 0.8767
5656 0.87506
5659 0.87492
5662 0.87495
5665 0.87515
5668 0.87645
5671 0.87462
5674 0.87617
5677 0.87683
5680 0.87733
5683 0.87704
5686 0.87606
5689 0.87623
5692 0.87629
5695 0.87591
5698 0.87605
5701 0.87599
5704 0.87563
5707 0.8747
5710 0.87423
5713 0.87029
5716 0.8687
5719 0.86782
5722 0.86396
5725 0.8638
5728 0.86425
5731 0.86379
5734 0.86313
5737 0.86266
