1 0.0754566
4 0.0784752
7 0.0923905
10 0.105118
13 0.109211
16 0.113134
19 0.114888
22 0.116004
25 0.119963
28 0.127386
31 0.130347
34 0.131006
37 0.130975
40 0.131696
43 0.13319
46 0.135521
49 0.135702
52 0.135808
55 0.134614
58 0.13337
61 0.13249
64 0.132424
67 0.133717
70 0.134236
73 0.137242
76 0.140329
79 0.142227
82 0.148888
85 0.165678
88 0.183095
91 0.199424
94 0.20263
97 0.205353
100 0.207413
103 0.20836
106 0.205463
109 0.213211
112 0.224688
115 0.234496
118 0.241023
121 0.238426
124 0.238132
127 0.238657
130 0.241221
133 0.248847
136 0.25212
139 0.255754
142 0.254312
145 0.252632
148 0.248948
151 0.244967
154 0.242593
157 0.237721
160 0.234192
163 0.231269
166 0.229083
169 0.228089
172 0.22826
175 0.226428
178 0.224727
181 0.225165
184 0.224147
187 0.221798
190 0.221674
193 0.221178
196 0.22182
199 0.221973
202 0.22244
205 0.223211
208 0.222229
211 0.222603
214 0.221857
217 0.221372
220 0.221721
223 0.220986
226 0.220709
229 0.220413
232 0.22025
235 0.220826
238 0.220554
241 0.219622
244 0.22126
247 0.220868
250 0.219986
253 0.219101
256 0.218905
259 0.219147
262 0.218353
265 0.218529
268 0.218058
271 0.218244
274 0.217893
277 0.217293
280 0.216388
283 0.216835
286 0.217686
289 0.215748
292 0.214343
295 0.215161
298 0.214882
301 0.214539
304 0.214746
307 0.214826
310 0.215618
313 0.216023
316 0.218283
319 0.217595
322 0.218808
325 0.2192
328 0.219403
331 0.218824
334 0.21895
337 0.218839
340 0.219562
343 0.225279
346 0.23126
349 0.232965
352 0.23251
355 0.231878
358 0.231417
361 0.231393
364 0.23075
367 0.230384
370 0.22901
373 0.22824
376 0.226901
379 0.226178
382 0.226029
385 0.227492
388 0.232116
391 0.237376
394 0.239242
397 0.242986
400 0.244707
403 0.246822
406 0.249938
409 0.255229
412 0.26145
415 0.272928
418 0.283198
421 0.291905
424 0.304052
427 0.316911
430 0.329331
433 0.342043
436 0.355143
439 0.363535
442 0.371178
445 0.382895
448 0.386531
451 0.392698
454 0.398264
457 0.402417
460 0.406357
463 0.410287
466 0.411562
469 0.412114
472 0.418357
475 0.418219
478 0.416671
481 0.416378
484 0.416289
487 0.416287
490 0.414921
493 0.415721
496 0.41588
499 0.418963
502 0.432481
505 0.452163
508 0.465649
511 0.473975
514 0.47781
517 0.48589
520 0.507058
523 0.517279
526 0.526068
529 0.530965
532 0.532126
535 0.534326
538 0.534824
541 0.532748
544 0.532638
547 0.531822
550 0.529219
553 0.527651
556 0.5248
559 0.522564
562 0.520481
565 0.518341
568 0.516731
571 0.519029
574 0.525357
577 0.534866
580 0.546045
583 0.558273
586 0.571975
589 0.584399
592 0.595932
595 0.622841
598 0.639866
601 0.651601
604 0.658229
607 0.672138
610 0.686566
613 0.693919
616 0.696589
619 0.697198
622 0.70819
625 0.708087
628 0.706304
631 0.71024
634 0.714132
637 0.717219
640 0.719545
643 0.720488
646 0.741843
649 0.74499
652 0.747277
655 0.74886
658 0.749452
661 0.748857
664 0.749696
667 0.748678
670 0.74787
673 0.747556
676 0.74675
679 0.746388
682 0.747322
685 0.746874
688 0.745973
691 0.745322
694 0.745062
697 0.75056
700 0.749386
703 0.749062
706 0.752014
709 0.753847
712 0.758523
715 0.759742
718 0.770343
721 0.817302
724 0.81813
727 0.81838
730 0.818415
733 0.820105
736 0.827293
739 0.832537
742 0.837793
745 0.854463
748 0.856295
751 0.86201
754 0.862574
757 0.863698
760 0.864331
763 0.869149
766 0.871229
769 0.873996
772 0.88661
775 0.887014
778 0.886612
781 0.886539
784 0.885835
787 0.885475
790 0.884188
793 0.883231
796 0.878562
799 0.877421
802 0.8737
805 0.871033
808 0.868674
811 0.871331
814 0.87989
817 0.882705
820 0.885589
823 0.885682
826 0.886955
829 0.886986
832 0.888264
835 0.888242
838 0.888676
841 0.889126
844 0.889405
847 0.889744
850 0.889461
853 0.889785
856 0.889651
859 0.889217
862 0.889264
865 0.889587
868 0.889849
871 0.888616
874 0.88905
877 0.8895
880 0.889905
883 0.889548
886 0.889564
889 0.889973
892 0.889674
895 0.889333
898 0.889508
901 0.889455
904 0.889438
907 0.889725
910 0.89012
913 0.890364
916 0.89043
919 0.890314
922 0.8903
925 0.890733
928 0.890669
931 0.888667
934 0.88874
937 0.888808
940 0.889312
943 0.888851
946 0.888353
949 0.888601
952 0.888597
955 0.889979
958 0.889901
961 0.889702
964 0.889795
967 0.889655
970 0.889471
973 0.889116
976 0.888523
979 0.887601
982 0.886461
985 0.886783
988 0.886876
991 0.887893
994 0.888165
997 0.888157
1000 0.888886
1003 0.88932
1006 0.889781
1009 0.889837
1012 0.886576
1015 0.8867
1018 0.886649
1021 0.88738
1024 0.887002
1027 0.886932
1030 0.88718
1033 0.887192
1036 0.887942
1039 0.8877
1042 0.887961
1045 0.887787
1048 0.887626
1051 0.887736
1054 0.887934
1057 0.888058
1060 0.888839
1063 0.887085
1066 0.886899
1069 0.88699
1072 0.886917
1075 0.887019
1078 0.887085
1081 0.887219
1084 0.887128
1087 0.885405
1090 0.885919
1093 0.885607
1096 0.88568
1099 0.885994
1102 0.885981
1105 0.885983
1108 0.886112
1111 0.885291
1114 0.88511
1117 0.885576
1120 0.886537
1123 0.886791
1126 0.886196
1129 0.885636
1132 0.885868
1135 0.885921
1138 0.887291
1141 0.887692
1144 0.886911
1147 0.886851
1150 0.887948
1153 0.888998
1156 0.888895
1159 0.888486
1162 0.88569
1165 0.885702
1168 0.886492
1171 0.886994
1174 0.887087
1177 0.88739
1180 0.887626
1183 0.887785
1186 0.885977
1189 0.886103
1192 0.885919
1195 0.886479
1198 0.886936
1201 0.88736
1204 0.887295
1207 0.887552
1210 0.88757
1213 0.888638
1216 0.888196
1219 0.88813
1222 0.888465
1225 0.888837
1228 0.888967
1231 0.889298
1234 0.888682
1237 0.888393
1240 0.887308
1243 0.887401
1246 0.888169
1249 0.888382
1252 0.887362
1255 0.887136
1258 0.887085
1261 0.885622
1264 0.886339
1267 0.886492
1270 0.886132
1273 0.886314
1276 0.887058
1279 0.887843
1282 0.887636
1285 0.887785
1288 0.886969
1291 0.88713
1294 0.886855
1297 0.886959
1300 0.887789
1303 0.888163
1306 0.888037
1309 0.888791
1312 0.887671
1315 0.88768
1318 0.888021
1321 0.888589
1324 0.889002
1327 0.889058
1330 0.889122
1333 0.888983
1336 0.887876
1339 0.888012
1342 0.888002
1345 0.887738
1348 0.887421
1351 0.887364
1354 0.887081
1357 0.887293
1360 0.887163
1363 0.887229
1366 0.886851
1369 0.886921
1372 0.888599
1375 0.888694
1378 0.888808
1381 0.889136
1384 0.88907
1387 0.88956
1390 0.889364
1393 0.889723
1396 0.890192
1399 0.890496
1402 0.891329
1405 0.891657
1408 0.891667
1411 0.891326
1414 0.890762
1417 0.8912
1420 0.890729
1423 0.891316
1426 0.890587
1429 0.890558
1432 0.889643
1435 0.889705
1438 0.890521
1441 0.889219
1444 0.888663
1447 0.888818
1450 0.888215
1453 0.889473
1456 0.889483
1459 0.889961
1462 0.891378
1465 0.893118
1468 0.894054
1471 0.895118
1474 0.894337
1477 0.894771
1480 0.894188
1483 0.89281
1486 0.892564
1489 0.894351
1492 0.895816
1495 0.895368
1498 0.895595
1501 0.897467
1504 0.898
1507 0.898314
1510 0.901153
1513 0.904895
1516 0.90418
1519 0.904628
1522 0.902589
1525 0.903455
1528 0.905409
1531 0.90595
1534 0.902324
1537 0.901174
1540 0.900004
1543 0.896702
1546 0.899014
1549 0.89751
1552 0.888767
1555 0.882826
1558 0.884647
1561 0.886589
1564 0.886562
1567 0.886874
1570 0.886252
1573 0.884843
1576 0.890308
1579 0.895508
1582 0.900979
1585 0.900107
1588 0.897957
1591 0.894052
1594 0.890419
1597 0.892041
1600 0.890324
1603 0.891145
1606 0.888529
1609 0.894083
1612 0.899514
1615 0.899911
1618 0.899665
1621 0.898397
1624 0.902012
1627 0.907419
1630 0.915486
1633 0.918174
1636 0.918696
1639 0.917039
1642 0.914994
1645 0.912329
1648 0.912562
1651 0.911124
1654 0.909657
1657 0.904229
1660 0.902661
1663 0.900006
1666 0.898603
1669 0.902209
1672 0.908694
1675 0.909428
1678 0.904554
1681 0.894066
1684 0.883944
1687 0.873421
1690 0.867965
1693 0.870097
1696 0.869372
1699 0.866901
1702 0.866843
1705 0.867771
1708 0.859494
1711 0.83913
1714 0.827756
1717 0.822775
1720 0.819632
1723 0.819064
1726 0.814893
1729 0.809818
1732 0.792374
1735 0.732021
1738 0.653068
1741 0.605733
1744 0.565213
1747 0.554907
1750 0.506293
1753 0.488279
1756 0.480122
1759 0.472194
1762 0.463872
1765 0.456682
1768 0.475556
1771 0.477514
1774 0.490843
1777 0.492136
1780 0.474581
1783 0.458448
1786 0.446936
1789 0.425349
1792 0.409072
1795 0.391961
1798 0.382548
1801 0.388174
1804 0.390138
1807 0.392488
1810 0.39739
1813 0.386983
1816 0.37357
1819 0.370983
1822 0.374188
1825 0.369017
1828 0.357087
1831 0.344535
1834 0.331686
1837 0.317347
1840 0.303405
1843 0.282355
1846 0.266283
1849 0.248576
1852 0.225099
1855 0.215045
1858 0.220256
1861 0.213378
1864 0.196926
1867 0.18988
1870 0.210855
1873 0.223552
1876 0.227624
1879 0.236236
1882 0.254655
1885 0.270417
1888 0.29695
1891 0.319382
1894 0.338926
1897 0.340463
1900 0.360517
1903 0.419973
1906 0.472748
1909 0.488783
1912 0.467116
1915 0.451566
1918 0.436285
1921 0.423438
1924 0.412345
1927 0.377653
1930 0.353897
1933 0.31489
1936 0.295304
1939 0.283196
1942 0.271335
1945 0.264783
1948 0.240525
1951 0.216492
1954 0.187715
1957 0.164773
1960 0.140308
1963 0.115806
1966 0.0908636
1969 0.0636632
1972 0.0336446
1975 0.0182273
1978 0.00889256
1981 0.00785744
1984 0.00696281
1987 0.0055062
1990 0.00458678
1993 0.00469008
1996 0.00442355
1999 0.00415702
2002 0.017564
2005 0.0507583
2008 0.0909752
2011 0.135562
2014 0.180432
2017 0.236426
2020 0.290254
2023 0.3173
2026 0.360548
2029 0.398378
2032 0.405153
2035 0.391607
2038 0.355533
2041 0.334595
2044 0.283628
2047 0.260161
2050 0.238986
2053 0.219153
2056 0.1978
2059 0.173713
2062 0.135306
2065 0.110455
2068 0.0872107
2071 0.0781446
2074 0.0601405
2077 0.0424545
2080 0.0263946
2083 0.0151012
2086 0.0148017
2089 0.0135207
2092 0.012876
2095 0.0130021
2098 0.0136736
2101 0.0177004
2104 0.0293574
2107 0.045686
2110 0.068845
2113 0.0974669
2116 0.129486
2119 0.171597
2122 0.215033
2125 0.279087
2128 0.362271
2131 0.433901
2134 0.47695
2137 0.512213
2140 0.512785
2143 0.504118
2146 0.490519
2149 0.475264
2152 0.390376
2155 0.338196
2158 0.326477
2161 0.316893
2164 0.311607
2167 0.298579
2170 0.282981
2173 0.268581
2176 0.234143
2179 0.20738
2182 0.167647
2185 0.133932
2188 0.10564
2191 0.078624
2194 0.0570847
2197 0.0404917
2200 0.0269463
2203 0.0181798
2206 0.0143017
2209 0.0106632
2212 0.00554959
2215 0.00221694
2218 0.00233058
2221 0.0021157
2224 0.00245661
2227 0.00273554
2230 0.00306612
2233 0.00320248
2236 0.00370868
2239 0.00356405
2242 0.00355785
2245 0.00342149
2248 0.00405165
2251 0.00469835
2254 0.00602066
2257 0.0057314
2260 0.00707438
2263 0.00821074
2266 0.0113285
2269 0.026907
2272 0.0484587
2275 0.0710041
2278 0.0827934
2281 0.0921012
2284 0.0996901
2287 0.104498
2290 0.106355
2293 0.104103
2296 0.100901
2299 0.104897
2302 0.111279
2305 0.113095
2308 0.111161
2311 0.108459
2314 0.098312
2317 0.0887769
2320 0.0776591
2323 0.0707913
2326 0.0619897
2329 0.0580764
2332 0.0516198
2335 0.0413306
2338 0.0333698
2341 0.0290207
2344 0.0241446
2347 0.0197769
2350 0.0174669
2353 0.0207583
2356 0.0186756
2359 0.0170682
2362 0.0160393
2365 0.016343
2368 0.0165413
2371 0.0170145
2374 0.0175888
2377 0.0161446
2380 0.015062
2383 0.0180806
2386 0.0513988
2389 0.0782831
2392 0.0845207
2395 0.0895558
2398 0.0900021
2401 0.0886198
2404 0.0883698
2407 0.0877996
2410 0.082936
2413 0.0807541
2416 0.0608926
2419 0.0508678
2422 0.0355475
2425 0.0224008
2428 0.0105579
2431 0.00154132
2434 0.024564
2437 0.0454256
2440 0.0516694
2443 0.0557025
2446 0.0562831
2449 0.0582521
2452 0.0566198
2455 0.0567831
2458 0.0556281
2461 0.0567583
2464 0.0484442
2467 0.0347727
2470 0.0250083
2473 0.0173698
2476 0.0149318
2479 0.016436
2482 0.0169855
2485 0.0180971
2488 0.019126
2491 0.0202107
2494 0.0197603
2497 0.0201446
2500 0.0203079
2503 0.0202975
2506 0.0206405
2509 0.0351467
2512 0.0582562
2515 0.0758244
2518 0.0757479
2521 0.0801033
2524 0.0848967
2527 0.0889649
2530 0.0923182
2533 0.0912851
2536 0.0915971
2539 0.0927355
2542 0.0895145
2545 0.0881281
2548 0.0847273
2551 0.0731715
2554 0.0649112
2557 0.0508161
2560 0.0361653
2563 0.0234421
2566 0.0121012
2569 0.00421488
2572 0.00169215
2575 0.00175413
2578 0.0017314
2581 0.00165496
2584 0.00157025
2587 0.00203926
2590 0.00186157
2593 0.00186777
2596 0.00181198
2599 0.00169628
2602 0.00168182
2605 0.00173347
2608 0.00190702
2611 0.00200413
2614 0.00170041
2617 0.00177066
2620 0.00169628
2623 0.00180579
2626 0.0192521
2629 0.0397831
2632 0.0487459
2635 0.0528533
2638 0.0703285
2641 0.0966012
2644 0.131364
2647 0.163085
2650 0.191314
2653 0.211134
2656 0.214081
2659 0.219196
2662 0.2197
2665 0.209459
2668 0.197576
2671 0.198777
2674 0.203269
2677 0.206512
2680 0.193021
2683 0.171545
2686 0.15532
2689 0.145572
2692 0.134281
2695 0.121907
2698 0.106419
2701 0.094095
2704 0.0791281
2707 0.0679711
2710 0.0640083
2713 0.0655868
2716 0.0667066
2719 0.0662376
2722 0.0633223
2725 0.0641178
2728 0.0726508
2731 0.0910888
2734 0.104324
2737 0.110841
2740 0.11361
2743 0.114711
2746 0.117085
2749 0.12257
2752 0.124093
2755 0.126568
2758 0.127502
2761 0.129694
2764 0.130663
2767 0.133194
2770 0.133531
2773 0.135006
2776 0.135754
2779 0.138333
2782 0.141872
2785 0.14168
2788 0.140816
2791 0.142938
2794 0.142843
2797 0.142529
2800 0.142388
2803 0.142351
2806 0.142395
2809 0.142988
2812 0.142678
2815 0.143198
2818 0.143607
2821 0.144031
2824 0.144095
2827 0.143696
2830 0.143118
2833 0.143076
2836 0.146436
2839 0.14701
2842 0.146081
2845 0.144773
2848 0.144893
2851 0.145975
2854 0.145744
2857 0.146064
2860 0.146758
2863 0.145841
2866 0.147275
2869 0.148572
2872 0.15019
2875 0.149622
2878 0.149595
2881 0.156161
2884 0.159556
2887 0.161913
2890 0.162855
2893 0.160911
2896 0.158676
2899 0.158136
2902 0.157847
2905 0.156566
2908 0.156649
2911 0.155684
2914 0.155122
2917 0.154752
2920 0.153626
2923 0.154475
2926 0.154343
2929 0.15561
2932 0.159448
2935 0.161308
2938 0.163345
2941 0.165066
2944 0.166738
2947 0.173118
2950 0.181236
2953 0.189936
2956 0.199504
2959 0.213756
2962 0.23857
2965 0.254622
2968 0.274636
2971 0.29731
2974 0.323888
2977 0.344289
2980 0.358149
2983 0.387585
2986 0.447145
2989 0.454079
2992 0.511527
2995 0.56139
2998 0.637746
3001 0.75644
3004 0.811254
3007 0.838711
3010 0.843758
3013 0.888878
3016 0.891682
3019 0.901087
3022 0.905824
3025 0.907198
3028 0.907725
3031 0.91036
3034 0.911039
3037 0.913442
3040 0.913064
3043 0.911196
3046 0.910539
3049 0.90918
3052 0.908519
3055 0.908804
3058 0.9075
3061 0.90439
3064 0.90187
3067 0.898824
3070 0.898607
3073 0.896601
3076 0.893781
3079 0.892847
3082 0.892205
3085 0.891545
3088 0.888107
3091 0.885661
3094 0.882064
3097 0.880659
3100 0.878744
3103 0.879847
3106 0.881498
3109 0.881839
3112 0.883176
3115 0.881661
3118 0.878324
3121 0.877461
3124 0.878079
3127 0.876705
3130 0.875269
3133 0.871709
3136 0.867202
3139 0.865839
3142 0.86369
3145 0.860178
3148 0.858624
3151 0.857802
3154 0.857957
3157 0.857853
3160 0.857566
3163 0.858182
3166 0.858665
3169 0.858298
3172 0.858624
3175 0.8583
3178 0.857554
3181 0.85389
3184 0.85264
3187 0.851884
3190 0.848882
3193 0.847008
3196 0.845855
3199 0.845773
3202 0.845603
3205 0.845488
3208 0.845486
3211 0.843905
3214 0.844316
3217 0.843415
3220 0.84364
3223 0.843343
3226 0.84264
3229 0.841717
3232 0.841804
3235 0.841273
3238 0.842025
3241 0.841686
3244 0.841632
3247 0.841217
3250 0.841314
3253 0.842444
3256 0.842415
3259 0.842196
3262 0.842525
3265 0.842878
3268 0.842979
3271 0.842622
3274 0.842653
3277 0.84243
3280 0.842081
3283 0.842723
3286 0.843037
3289 0.843663
3292 0.843667
3295 0.843262
3298 0.842539
3301 0.842767
3304 0.84299
3307 0.842684
3310 0.842957
3313 0.842942
3316 0.841965
3319 0.842407
3322 0.842688
3325 0.842653
3328 0.842862
3331 0.843397
3334 0.843143
3337 0.841552
3340 0.841388
3343 0.841215
3346 0.840438
3349 0.83945
3352 0.839467
3355 0.840434
3358 0.840843
3361 0.843411
3364 0.844285
3367 0.844702
3370 0.845295
3373 0.845818
3376 0.845638
3379 0.845901
3382 0.84582
3385 0.845628
3388 0.844492
3391 0.843777
3394 0.84374
3397 0.843362
3400 0.843614
3403 0.843607
3406 0.843829
3409 0.843626
3412 0.84438
3415 0.844002
3418 0.843826
3421 0.843857
3424 0.844182
3427 0.844345
3430 0.844698
3433 0.844655
3436 0.846804
3439 0.846219
3442 0.84676
3445 0.846372
3448 0.846209
3451 0.846661
3454 0.847364
3457 0.847335
3460 0.847508
3463 0.848349
3466 0.848097
3469 0.848463
3472 0.84851
3475 0.848345
3478 0.8485
3481 0.848428
3484 0.848231
3487 0.848671
3490 0.848147
3493 0.848229
3496 0.848074
3499 0.847882
3502 0.84832
3505 0.848273
3508 0.848107
3511 0.847523
3514 0.847467
3517 0.84757
3520 0.847713
3523 0.847785
3526 0.847903
3529 0.847521
3532 0.847888
3535 0.847847
3538 0.849215
3541 0.84856
3544 0.84843
3547 0.848616
3550 0.848477
3553 0.848161
3556 0.848169
3559 0.848174
3562 0.848155
3565 0.848382
3568 0.848376
3571 0.847508
3574 0.847829
3577 0.847616
3580 0.847705
3583 0.847723
3586 0.847909
3589 0.848099
3592 0.848122
3595 0.847124
3598 0.847262
3601 0.84774
3604 0.847826
3607 0.848147
3610 0.847814
3613 0.84787
3616 0.847713
3619 0.84744
3622 0.847789
3625 0.847221
3628 0.847364
3631 0.847054
3634 0.847277
3637 0.847091
3640 0.846386
3643 0.84639
3646 0.845998
3649 0.845552
3652 0.844847
3655 0.845233
3658 0.84582
3661 0.845967
3664 0.846019
3667 0.846076
3670 0.847112
3673 0.847281
3676 0.84732
3679 0.847318
3682 0.848087
3685 0.848211
3688 0.848424
3691 0.848205
3694 0.84818
3697 0.847733
3700 0.847843
3703 0.847963
3706 0.848095
3709 0.848174
3712 0.84831
3715 0.848081
3718 0.848103
3721 0.848211
3724 0.848426
3727 0.848756
3730 0.847692
3733 0.848192
3736 0.848461
3739 0.848868
3742 0.849527
3745 0.850056
3748 0.850143
3751 0.849738
3754 0.850101
3757 0.850136
3760 0.849907
3763 0.849281
3766 0.848857
3769 0.847341
3772 0.847731
3775 0.848899
3778 0.849957
3781 0.850424
3784 0.850339
3787 0.850068
3790 0.849957
3793 0.849775
3796 0.848804
3799 0.848271
3802 0.846192
3805 0.844465
3808 0.84305
3811 0.844079
3814 0.844167
3817 0.844221
3820 0.849643
3823 0.849285
3826 0.849248
3829 0.849622
3832 0.849682
3835 0.849979
3838 0.849944
3841 0.849698
3844 0.849837
3847 0.848692
3850 0.848409
3853 0.848552
3856 0.848488
3859 0.848101
3862 0.848442
3865 0.848399
3868 0.848545
3871 0.849093
3874 0.849043
3877 0.849498
3880 0.8498
3883 0.849227
3886 0.84955
3889 0.848684
3892 0.84901
3895 0.850076
3898 0.850696
3901 0.851223
3904 0.850599
3907 0.850403
3910 0.850163
3913 0.849928
3916 0.849671
3919 0.849702
3922 0.850329
3925 0.850186
3928 0.850068
3931 0.849897
3934 0.849986
3937 0.849798
3940 0.849806
3943 0.849893
3946 0.851091
3949 0.85036
3952 0.850122
3955 0.850132
3958 0.850306
3961 0.850924
3964 0.850676
3967 0.850659
3970 0.851783
3973 0.851397
3976 0.85086
3979 0.850754
3982 0.850112
3985 0.849407
3988 0.849107
3991 0.850376
3994 0.850211
3997 0.851407
4000 0.851076
4003 0.850777
4006 0.850583
4009 0.850364
4012 0.85011
4015 0.850221
4018 0.849957
4021 0.850926
4024 0.851002
4027 0.850808
4030 0.850479
4033 0.850618
4036 0.85069
4039 0.850506
4042 0.850579
4045 0.85055
4048 0.850829
4051 0.850562
4054 0.850525
4057 0.850285
4060 0.8503
4063 0.850126
4066 0.850535
4069 0.851349
4072 0.850188
4075 0.849979
4078 0.849907
4081 0.849992
4084 0.850081
4087 0.850339
4090 0.850211
4093 0.850287
4096 0.851804
4099 0.851525
4102 0.851663
4105 0.851124
4108 0.850769
4111 0.851409
4114 0.851118
4117 0.851329
4120 0.853151
4123 0.852901
4126 0.852781
4129 0.852824
4132 0.852857
4135 0.852614
4138 0.852171
4141 0.85193
4144 0.851789
4147 0.852285
4150 0.850351
4153 0.849729
4156 0.848769
4159 0.84811
4162 0.848417
4165 0.848405
4168 0.849529
4171 0.8502
4174 0.850682
4177 0.851957
4180 0.85313
4183 0.853899
4186 0.855581
4189 0.859585
4192 0.863397
4195 0.86594
4198 0.86581
4201 0.864841
4204 0.864149
4207 0.866696
4210 0.867829
4213 0.869128
4216 0.872388
4219 0.875205
4222 0.87794
4225 0.880167
4228 0.883426
4231 0.889572
4234 0.895287
4237 0.901574
4240 0.902554
4243 0.896678
4246 0.890752
4249 0.887473
4252 0.881221
4255 0.882634
4258 0.882116
4261 0.882862
4264 0.887386
4267 0.895552
4270 0.901504
4273 0.906605
4276 0.908692
4279 0.910897
4282 0.91311
4285 0.915025
4288 0.918748
4291 0.918614
4294 0.910523
4297 0.896998
4300 0.894066
4303 0.895227
4306 0.894818
4309 0.889378
4312 0.885362
4315 0.883698
4318 0.871946
4321 0.864355
4324 0.844831
4327 0.830576
4330 0.787444
4333 0.779488
4336 0.769548
4339 0.767496
4342 0.768287
4345 0.743959
4348 0.747913
4351 0.752217
4354 0.749574
4357 0.74238
4360 0.73445
4363 0.729079
4366 0.72825
4369 0.723605
4372 0.722913
4375 0.719614
4378 0.727182
4381 0.70005
4384 0.694758
4387 0.685236
4390 0.67038
4393 0.657349
4396 0.620638
4399 0.603948
4402 0.586231
4405 0.567793
4408 0.549326
4411 0.528795
4414 0.5337
4417 0.556779
4420 0.565736
4423 0.595593
4426 0.617723
4429 0.618802
4432 0.615756
4435 0.613624
4438 0.602773
4441 0.597818
4444 0.605736
4447 0.61694
4450 0.629878
4453 0.622678
4456 0.620209
4459 0.621498
4462 0.626421
4465 0.633589
4468 0.646089
4471 0.66045
4474 0.68868
4477 0.68461
4480 0.661483
4483 0.628452
4486 0.624118
4489 0.594775
4492 0.59901
4495 0.594362
4498 0.610244
4501 0.62919
4504 0.664583
4507 0.704277
4510 0.743486
4513 0.778223
4516 0.82455
4519 0.848382
4522 0.867481
4525 0.883405
4528 0.896688
4531 0.912033
4534 0.918467
4537 0.923508
4540 0.925496
4543 0.92807
4546 0.928293
4549 0.918998
4552 0.908112
4555 0.900779
4558 0.884058
4561 0.863277
4564 0.85306
4567 0.806066
4570 0.805936
4573 0.745535
4576 0.725074
4579 0.708512
4582 0.694308
4585 0.69318
4588 0.697343
4591 0.70307
4594 0.747612
4597 0.761504
4600 0.761205
4603 0.756626
4606 0.754845
4609 0.752229
4612 0.75449
4615 0.749636
4618 0.742667
4621 0.707048
4624 0.609746
4627 0.586903
4630 0.573126
4633 0.581198
4636 0.594465
4639 0.63086
4642 0.678378
4645 0.710911
4648 0.726014
4651 0.727492
4654 0.735357
4657 0.734171
4660 0.694372
4663 0.674579
4666 0.66049
4669 0.655438
4672 0.635136
4675 0.632192
4678 0.55968
4681 0.482579
4684 0.450291
4687 0.38101
4690 0.373085
4693 0.374403
4696 0.370781
4699 0.374147
4702 0.381913
4705 0.390963
4708 0.394194
4711 0.413564
4714 0.474692
4717 0.510316
4720 0.575459
4723 0.58194
4726 0.582882
4729 0.586019
4732 0.543603
4735 0.533576
4738 0.512316
4741 0.483963
4744 0.463184
4747 0.405752
4750 0.360343
4753 0.331298
4756 0.290271
4759 0.267157
4762 0.236293
4765 0.210281
4768 0.17869
4771 0.15631
4774 0.135661
4777 0.109781
4780 0.0871322
4783 0.0717541
4786 0.0535806
4789 0.0380702
4792 0.0209587
4795 0.012095
4798 0.00450413
4801 0.000741736
4804 0.000518595
4807 0.000487603
4810 0.000382231
4813 0.00028719
4816 0.00035124
4819 0.000311983
4822 0.000357438
4825 0.000280992
4828 0.000227273
4831 0.000202479
4834 0.00224174
4837 0.00203719
4840 0.00248347
4843 0.00257645
4846 0.00292562
4849 0.00308058
4852 0.00314876
4855 0.00350207
4858 0.00347107
4861 0.00337603
4864 0.00300207
4867 0.00257851
4870 0.00266322
4873 0.00214256
4876 0.00189876
4879 0.0017376
4882 0.00164463
4885 0.00197727
4888 0.00197521
4891 0.0017624
4894 0.00160331
4897 0.00109711
4900 0.000502066
4903 0.000349174
4906 0.000239669
4909 0.000134298
4912 0.000126033
4915 0.000105372
4918 0.0249938
4921 0.0445702
4924 0.0507252
4927 0.0727831
4930 0.103692
4933 0.117998
4936 0.123517
4939 0.132791
4942 0.132002
4945 0.133223
4948 0.134285
4951 0.122081
4954 0.109143
4957 0.0950868
4960 0.0867293
4963 0.0783037
4966 0.0650041
4969 0.0773822
4972 0.0913306
4975 0.109789
4978 0.118655
4981 0.112961
4984 0.111415
4987 0.112479
4990 0.110812
4993 0.109262
4996 0.107579
4999 0.109112
5002 0.099814
5005 0.0912066
5008 0.0867314
5011 0.0770702
5014 0.0594607
5017 0.0445145
5020 0.0316364
5023 0.0298306
5026 0.0242831
5029 0.0182707
5032 0.0163533
5035 0.0172376
5038 0.0180124
5041 0.0182128
5044 0.0187707
5047 0.0204091
5050 0.0285269
5053 0.0447107
5056 0.0627459
5059 0.089686
5062 0.112915
5065 0.149138
5068 0.182452
5071 0.21936
5074 0.249194
5077 0.2675
5080 0.268907
5083 0.262498
5086 0.236981
5089 0.213713
5092 0.187558
5095 0.174888
5098 0.167698
5101 0.150783
5104 0.129207
5107 0.112614
5110 0.0967831
5113 0.0910062
5116 0.0822913
5119 0.0629545
5122 0.0408636
5125 0.01775
5128 0.00354959
5131 0.000404959
5134 0.00052686
5137 0.000371901
5140 0.000320248
5143 0.000305785
5146 0.000295455
5149 0.000252066
5152 0.000219008
5155 0.000233471
5158 0.000243802
5161 0.000438017
5164 0.000280992
5167 0.000221074
5170 0.000190083
5173 0.000188017
5176 0.000202479
5179 0.000210744
5182 0.000177686
5185 4.33884e-05
5188 3.09917e-05
5191 2.27273e-05
5194 0
5197 0.000233471
5200 0.000183884
5203 0.000181818
5206 0.000161157
5209 0.000157025
5212 0.000140496
5215 0.000173554
5218 0.000169421
5221 0.00031405
5224 0.00025
5227 0.000233471
5230 0.000202479
5233 0.00017562
5236 0.00017562
5239 0.000165289
5242 0.000152893
5245 0.00035124
5248 0.000285124
5251 0.000303719
5254 0.000274793
5257 0.00447727
5260 0.0313926
5263 0.0537252
5266 0.0637872
5269 0.0717541
5272 0.0746612
5275 0.0755785
5278 0.076186
5281 0.0761921
5284 0.0770537
5287 0.0769132
5290 0.0911632
5293 0.121756
5296 0.143992
5299 0.161686
5302 0.169165
5305 0.191959
5308 0.194411
5311 0.196442
5314 0.194167
5317 0.192227
5320 0.194994
5323 0.189041
5326 0.182333
5329 0.18774
5332 0.206169
5335 0.223138
5338 0.228593
5341 0.227659
5344 0.228438
5347 0.227372
5350 0.226851
5353 0.245502
5356 0.275692
5359 0.304733
5362 0.317277
5365 0.304442
5368 0.298494
5371 0.294465
5374 0.294806
5377 0.295426
5380 0.29657
5383 0.295545
5386 0.299252
5389 0.30863
5392 0.31762
5395 0.327343
5398 0.333103
5401 0.332667
5404 0.332589
5407 0.336709
5410 0.338651
5413 0.33801
5416 0.341665
5419 0.360519
5422 0.377281
5425 0.390019
5428 0.395372
5431 0.396709
5434 0.400574
5437 0.40618
5440 0.414045
5443 0.423833
5446 0.430932
5449 0.441893
5452 0.451058
5455 0.455444
5458 0.456622
5461 0.454548
5464 0.459826
5467 0.460062
5470 0.459707
5473 0.455353
5476 0.451448
5479 0.451372
5482 0.456775
5485 0.463952
5488 0.473543
5491 0.482465
5494 0.492014
5497 0.508971
5500 0.522913
5503 0.549364
5506 0.561169
5509 0.590686
5512 0.615054
5515 0.62607
5518 0.632521
5521 0.68505
5524 0.694165
5527 0.705558
5530 0.742089
5533 0.775682
5536 0.798479
5539 0.807736
5542 0.812498
5545 0.845967
5548 0.846521
5551 0.844921
5554 0.843225
5557 0.842529
5560 0.841711
5563 0.838054
5566 0.839335
5569 0.834116
5572 0.834705
5575 0.836194
5578 0.833136
5581 0.829812
5584 0.831686
5587 0.839151
5590 0.860395
5593 0.867368
5596 0.879039
5599 0.878457
5602 0.877948
5605 0.878372
5608 0.877523
5611 0.8757
5614 0.87439
5617 0.873576
5620 0.874556
5623 0.874527
5626 0.875211
5629 0.87537
5632 0.874979
5635 0.875434
5638 0.875258
5641 0.87618
5644 0.877787
5647 0.876872
5650 0.877481
5653 0.876533
5656 0.875132
5659 0.874533
5662 0.874814
5665 0.874634
5668 0.875576
5671 0.87499
5674 0.87587
5677 0.876169
5680 0.876663
5683 0.876767
5686 0.875785
5689 0.875632
5692 0.876149
5695 0.87594
5698 0.876533
5701 0.876194
5704 0.87519
5707 0.874781
5710 0.87455
5713 0.870138
5716 0.868293
5719 0.8677
5722 0.864165
5725 0.863787
5728 0.863802
5731 0.863558
5734 0.862975
5737 0.862917
