1 0.0755102
4 0.0784745
7 0.0924158
10 0.105182
13 0.109251
16 0.113249
19 0.115115
22 0.116156
25 0.120126
28 0.127598
31 0.130547
34 0.130996
37 0.131089
40 0.131828
43 0.133175
46 0.135542
49 0.135935
52 0.135814
55 0.134647
58 0.133342
61 0.132648
64 0.132357
67 0.13375
70 0.134272
73 0.13727
76 0.140302
79 0.142142
82 0.149084
85 0.165708
88 0.182957
91 0.199348
94 0.202765
97 0.205089
100 0.207481
103 0.20826
106 0.205412
109 0.213069
112 0.224605
115 0.23438
118 0.241091
121 0.238679
124 0.238203
127 0.238579
130 0.241676
133 0.249031
136 0.252454
139 0.255935
142 0.254573
145 0.252496
148 0.248568
151 0.244776
154 0.241981
157 0.237425
160 0.234059
163 0.231126
166 0.228833
169 0.228036
172 0.22814
175 0.22642
178 0.224806
181 0.225078
184 0.224202
187 0.221774
190 0.221782
193 0.2212
196 0.222101
199 0.222056
202 0.222551
205 0.223316
208 0.222208
211 0.222622
214 0.22187
217 0.221349
220 0.221649
223 0.221089
226 0.220719
229 0.22048
232 0.220167
235 0.220875
238 0.220526
241 0.219603
244 0.221302
247 0.220935
250 0.220054
253 0.219194
256 0.219075
259 0.219269
262 0.218533
265 0.218728
268 0.218353
271 0.218435
274 0.218094
277 0.217422
280 0.21642
283 0.216866
286 0.217643
289 0.215853
292 0.214338
295 0.215105
298 0.215059
301 0.214629
304 0.214774
307 0.214663
310 0.215603
313 0.215912
316 0.218148
319 0.217543
322 0.218875
325 0.219342
328 0.21952
331 0.219105
334 0.219195
337 0.219101
340 0.219843
343 0.225449
346 0.231487
349 0.233258
352 0.232675
355 0.231964
358 0.231556
361 0.231445
364 0.23077
367 0.230362
370 0.228978
373 0.22821
376 0.22706
379 0.226304
382 0.226059
385 0.227561
388 0.231976
391 0.237432
394 0.239186
397 0.243167
400 0.244763
403 0.246967
406 0.250075
409 0.255307
412 0.261562
415 0.273046
418 0.283467
421 0.292114
424 0.304204
427 0.317267
430 0.32955
433 0.342089
436 0.355219
439 0.363647
442 0.371149
445 0.382724
448 0.386656
451 0.392805
454 0.398505
457 0.402761
460 0.406566
463 0.410555
466 0.411695
469 0.41242
472 0.418171
475 0.41836
478 0.416556
481 0.41676
484 0.416421
487 0.416409
490 0.415005
493 0.415718
496 0.416117
499 0.418926
502 0.432569
505 0.452036
508 0.465546
511 0.474022
514 0.477644
517 0.48588
520 0.507421
523 0.517499
526 0.526636
529 0.531281
532 0.53254
535 0.534839
538 0.534931
541 0.532945
544 0.533162
547 0.532184
550 0.529653
553 0.527963
556 0.525077
559 0.522851
562 0.521193
565 0.518636
568 0.516867
571 0.519307
574 0.525657
577 0.535014
580 0.546388
583 0.558462
586 0.571786
589 0.584477
592 0.596048
595 0.62289
598 0.639783
601 0.651496
604 0.658177
607 0.672453
610 0.686467
613 0.694177
616 0.696875
619 0.697341
622 0.708495
625 0.708216
628 0.706731
631 0.710547
634 0.714443
637 0.717283
640 0.719786
643 0.720773
646 0.741712
649 0.74476
652 0.747408
655 0.74888
658 0.74944
661 0.749173
664 0.74971
667 0.748513
670 0.748073
673 0.747319
676 0.746936
679 0.746483
682 0.747537
685 0.746884
688 0.74587
691 0.745306
694 0.745184
697 0.750593
700 0.749401
703 0.749013
706 0.751769
709 0.753819
712 0.758607
715 0.759691
718 0.770455
721 0.81733
724 0.818144
727 0.81813
730 0.818098
733 0.819897
736 0.827061
739 0.832235
742 0.837541
745 0.854448
748 0.856385
751 0.862153
754 0.862695
757 0.863716
760 0.864064
763 0.869
766 0.870991
769 0.873949
772 0.886736
775 0.887186
778 0.886783
781 0.886732
784 0.886038
787 0.885466
790 0.884121
793 0.882989
796 0.878665
799 0.877223
802 0.873444
805 0.87064
808 0.868776
811 0.871131
814 0.879966
817 0.882478
820 0.885435
823 0.885668
826 0.886862
829 0.886864
832 0.888102
835 0.888133
838 0.888552
841 0.889073
844 0.889473
847 0.890005
850 0.889673
853 0.889991
856 0.889818
859 0.88946
862 0.889421
865 0.889763
868 0.889805
871 0.888778
874 0.888996
877 0.889247
880 0.889932
883 0.889607
886 0.889495
889 0.889818
892 0.889374
895 0.889338
898 0.889395
901 0.889508
904 0.88961
907 0.89017
910 0.890292
913 0.890541
916 0.890728
919 0.890472
922 0.890503
925 0.891008
928 0.890881
931 0.888418
934 0.888861
937 0.888978
940 0.889454
943 0.888985
946 0.888537
949 0.888832
952 0.888801
955 0.890073
958 0.890003
961 0.889853
964 0.889823
967 0.889856
970 0.889763
973 0.889411
976 0.888703
979 0.887893
982 0.886543
985 0.886774
988 0.887091
991 0.888184
994 0.888555
997 0.888554
1000 0.8893
1003 0.890034
1006 0.889865
1009 0.89013
1012 0.886776
1015 0.886901
1018 0.886969
1021 0.887718
1024 0.887341
1027 0.88712
1030 0.88738
1033 0.887443
1036 0.887888
1039 0.887717
1042 0.887795
1045 0.887838
1048 0.887617
1051 0.887897
1054 0.888344
1057 0.888165
1060 0.888904
1063 0.887333
1066 0.887173
1069 0.887378
1072 0.88731
1075 0.887348
1078 0.887529
1081 0.887635
1084 0.887399
1087 0.885574
1090 0.886045
1093 0.885923
1096 0.886073
1099 0.886358
1102 0.886355
1105 0.886251
1108 0.88631
1111 0.885231
1114 0.885296
1117 0.885446
1120 0.886383
1123 0.886754
1126 0.88633
1129 0.885699
1132 0.885761
1135 0.885943
1138 0.887247
1141 0.887334
1144 0.886827
1147 0.886797
1150 0.887673
1153 0.888739
1156 0.888596
1159 0.888209
1162 0.886074
1165 0.886018
1168 0.886703
1171 0.887171
1174 0.887341
1177 0.887653
1180 0.887883
1183 0.888004
1186 0.885952
1189 0.886152
1192 0.886008
1195 0.886459
1198 0.886857
1201 0.887284
1204 0.887264
1207 0.88738
1210 0.88745
1213 0.888649
1216 0.888422
1219 0.888353
1222 0.888483
1225 0.888811
1228 0.888885
1231 0.889128
1234 0.888532
1237 0.88838
1240 0.887269
1243 0.887417
1246 0.888312
1249 0.888388
1252 0.887491
1255 0.887282
1258 0.887199
1261 0.885466
1264 0.886232
1267 0.886538
1270 0.886173
1273 0.886426
1276 0.887217
1279 0.887925
1282 0.887717
1285 0.887823
1288 0.887184
1291 0.887239
1294 0.887024
1297 0.887149
1300 0.888103
1303 0.888495
1306 0.888374
1309 0.889051
1312 0.887949
1315 0.887583
1318 0.888051
1321 0.888548
1324 0.888829
1327 0.888987
1330 0.889008
1333 0.888944
1336 0.887923
1339 0.888034
1342 0.888168
1345 0.887708
1348 0.887626
1351 0.88725
1354 0.887015
1357 0.887223
1360 0.887087
1363 0.887062
1366 0.886962
1369 0.887034
1372 0.888622
1375 0.88857
1378 0.888724
1381 0.888982
1384 0.888875
1387 0.889517
1390 0.889362
1393 0.889661
1396 0.890445
1399 0.89062
1402 0.891244
1405 0.891621
1408 0.89188
1411 0.891532
1414 0.890895
1417 0.891292
1420 0.890968
1423 0.891469
1426 0.890774
1429 0.890383
1432 0.889526
1435 0.88968
1438 0.890607
1441 0.889402
1444 0.888796
1447 0.889085
1450 0.88855
1453 0.889661
1456 0.88952
1459 0.889761
1462 0.891485
1465 0.893394
1468 0.894425
1471 0.894978
1474 0.894704
1477 0.894926
1480 0.894143
1483 0.892694
1486 0.892838
1489 0.894091
1492 0.895901
1495 0.894912
1498 0.895643
1501 0.897446
1504 0.897982
1507 0.898231
1510 0.901024
1513 0.904899
1516 0.904258
1519 0.904971
1522 0.902458
1525 0.903397
1528 0.905352
1531 0.905964
1534 0.902184
1537 0.90131
1540 0.899897
1543 0.896698
1546 0.898681
1549 0.897793
1552 0.888989
1555 0.882827
1558 0.884709
1561 0.886304
1564 0.886503
1567 0.886948
1570 0.88606
1573 0.88494
1576 0.890564
1579 0.895652
1582 0.900837
1585 0.899957
1588 0.897747
1591 0.894302
1594 0.89069
1597 0.892224
1600 0.889846
1603 0.891515
1606 0.888487
1609 0.89432
1612 0.899421
1615 0.899872
1618 0.899497
1621 0.898694
1624 0.902162
1627 0.907518
1630 0.915719
1633 0.91813
1636 0.91905
1639 0.916811
1642 0.915214
1645 0.912291
1648 0.912616
1651 0.911268
1654 0.90979
1657 0.904277
1660 0.902552
1663 0.900133
1666 0.898556
1669 0.902324
1672 0.90814
1675 0.909316
1678 0.904566
1681 0.893934
1684 0.883893
1687 0.87308
1690 0.868161
1693 0.87013
1696 0.869509
1699 0.867051
1702 0.866846
1705 0.867598
1708 0.859571
1711 0.839592
1714 0.827693
1717 0.822591
1720 0.819466
1723 0.81902
1726 0.81479
1729 0.810042
1732 0.792367
1735 0.731967
1738 0.653364
1741 0.605592
1744 0.565483
1747 0.555052
1750 0.506622
1753 0.48832
1756 0.480355
1759 0.472119
1762 0.464374
1765 0.457244
1768 0.475409
1771 0.477325
1774 0.490795
1777 0.491621
1780 0.474588
1783 0.458625
1786 0.447004
1789 0.425599
1792 0.409318
1795 0.392198
1798 0.382668
1801 0.388099
1804 0.390011
1807 0.392824
1810 0.397755
1813 0.38687
1816 0.373606
1819 0.370936
1822 0.374088
1825 0.369198
1828 0.357065
1831 0.344695
1834 0.331756
1837 0.317286
1840 0.303222
1843 0.282612
1846 0.266765
1849 0.248897
1852 0.225247
1855 0.215492
1858 0.220532
1861 0.213298
1864 0.197059
1867 0.189949
1870 0.21086
1873 0.22381
1876 0.227784
1879 0.236186
1882 0.25446
1885 0.270369
1888 0.29675
1891 0.319466
1894 0.338912
1897 0.340568
1900 0.360714
1903 0.420186
1906 0.473078
1909 0.489089
1912 0.466801
1915 0.452009
1918 0.436578
1921 0.423306
1924 0.412241
1927 0.377547
1930 0.353768
1933 0.314672
1936 0.295258
1939 0.283477
1942 0.271221
1945 0.264818
1948 0.240194
1951 0.216384
1954 0.187661
1957 0.164527
1960 0.14045
1963 0.115921
1966 0.0908253
1969 0.0635421
1972 0.0335446
1975 0.0181352
1978 0.00886735
1981 0.00783163
1984 0.00694643
1987 0.00552168
1990 0.00457015
1993 0.00465689
1996 0.00443112
1999 0.00415689
2002 0.0174745
2005 0.0507959
2008 0.0909171
2011 0.13544
2014 0.180309
2017 0.236231
2020 0.29
2023 0.317008
2026 0.360406
2029 0.398638
2032 0.405244
2035 0.391314
2038 0.355526
2041 0.334668
2044 0.283712
2047 0.260052
2050 0.238895
2053 0.219205
2056 0.197501
2059 0.173566
2062 0.135374
2065 0.110681
2068 0.0873265
2071 0.0782577
2074 0.0601122
2077 0.0424273
2080 0.0264056
2083 0.0150102
2086 0.0147283
2089 0.0134477
2092 0.0128278
2095 0.0129031
2098 0.0135995
2101 0.0176084
2104 0.0292781
2107 0.0455332
2110 0.0686926
2113 0.0974056
2116 0.129371
2119 0.171482
2122 0.215106
2125 0.278926
2128 0.362402
2131 0.434099
2134 0.476989
2137 0.51208
2140 0.512506
2143 0.503932
2146 0.490563
2149 0.475651
2152 0.390709
2155 0.338153
2158 0.326385
2161 0.316842
2164 0.311686
2167 0.298751
2170 0.283143
2173 0.26837
2176 0.234319
2179 0.207231
2182 0.167624
2185 0.134054
2188 0.105513
2191 0.0786199
2194 0.0570753
2197 0.0404566
2200 0.0267781
2203 0.0181173
2206 0.0142283
2209 0.0105791
2212 0.00554719
2215 0.00225383
2218 0.00232908
2221 0.00208163
2224 0.00241454
2227 0.00270026
2230 0.00301913
2233 0.00315944
2236 0.00378571
2239 0.00359821
2242 0.00355995
2245 0.00342985
2248 0.00404847
2251 0.00468367
2254 0.00601403
2257 0.00570791
2260 0.0070523
2263 0.00815689
2266 0.0112449
2269 0.0267755
2272 0.0481671
2275 0.0708903
2278 0.0828444
2281 0.092352
2284 0.0995332
2287 0.104388
2290 0.106199
2293 0.10418
2296 0.100922
2299 0.104934
2302 0.111401
2305 0.112967
2308 0.111106
2311 0.108376
2314 0.0983329
2317 0.0885434
2320 0.0777959
2323 0.0708074
2326 0.0619732
2329 0.0580765
2332 0.0516913
2335 0.0412245
2338 0.0333865
2341 0.028963
2344 0.0240893
2347 0.0198457
2350 0.0174452
2353 0.0206543
2356 0.0185612
2359 0.0171046
2362 0.0160051
2365 0.0163099
2368 0.0165829
2371 0.0169286
2374 0.0175651
2377 0.0161084
2380 0.0149617
2383 0.0180191
2386 0.0513431
2389 0.078361
2392 0.0845332
2395 0.0896122
2398 0.0901531
2401 0.088713
2404 0.088324
2407 0.0878571
2410 0.0829375
2413 0.0807156
2416 0.0610472
2419 0.0508686
2422 0.0355281
2425 0.0224209
2428 0.0105714
2431 0.00152296
2434 0.0245115
2437 0.0454592
2440 0.0515383
2443 0.055551
2446 0.0562092
2449 0.0582551
2452 0.0565931
2455 0.0567806
2458 0.055611
2461 0.0568635
2464 0.0482793
2467 0.0347666
2470 0.0249324
2473 0.0174388
2476 0.0149043
2479 0.016301
2482 0.0170319
2485 0.0180204
2488 0.0191173
2491 0.0201875
2494 0.0197755
2497 0.0201033
2500 0.0203801
2503 0.0201696
2506 0.0205587
2509 0.0350778
2512 0.0583903
2515 0.0757755
2518 0.0758776
2521 0.0801352
2524 0.0851505
2527 0.0886747
2530 0.0921148
2533 0.0912589
2536 0.0915867
2539 0.0927577
2542 0.089338
2545 0.0882615
2548 0.0846645
2551 0.0732334
2554 0.0649069
2557 0.0507462
2560 0.0360408
2563 0.0233724
2566 0.0120306
2569 0.00412883
2572 0.00161735
2575 0.00170281
2578 0.00170026
2581 0.00164031
2584 0.00157143
2587 0.00198342
2590 0.00180995
2593 0.00184566
2596 0.00179719
2599 0.00164031
2602 0.00165051
2605 0.00169005
2608 0.00183801
2611 0.00196173
2614 0.00166071
2617 0.00174745
2620 0.00164923
2623 0.00178316
2626 0.0191747
2629 0.0397857
2632 0.0487985
2635 0.0528954
2638 0.070264
2641 0.0968214
2644 0.131366
2647 0.163227
2650 0.19123
2653 0.211366
2656 0.214274
2659 0.219256
2662 0.219963
2665 0.209454
2668 0.197426
2671 0.19887
2674 0.203261
2677 0.206852
2680 0.193213
2683 0.171735
2686 0.155348
2689 0.145695
2692 0.134406
2695 0.122027
2698 0.106445
2701 0.094102
2704 0.0790982
2707 0.067926
2710 0.0639426
2713 0.0653865
2716 0.0666594
2719 0.0660778
2722 0.0632258
2725 0.0639515
2728 0.0726327
2731 0.0910702
2734 0.104208
2737 0.111022
2740 0.113603
2743 0.114825
2746 0.117143
2749 0.122656
2752 0.124182
2755 0.126636
2758 0.127654
2761 0.129651
2764 0.130677
2767 0.133009
2770 0.133677
2773 0.135128
2776 0.135921
2779 0.13846
2782 0.142017
2785 0.141726
2788 0.140948
2791 0.142982
2794 0.142937
2797 0.142647
2800 0.14264
2803 0.142513
2806 0.142681
2809 0.143157
2812 0.142696
2815 0.143348
2818 0.143972
2821 0.144292
2824 0.144339
2827 0.143921
2830 0.143221
2833 0.143196
2836 0.146556
2839 0.146958
2842 0.146075
2845 0.14475
2848 0.144985
2851 0.146063
2854 0.145997
2857 0.146293
2860 0.147014
2863 0.145918
2866 0.147161
2869 0.148496
2872 0.14995
2875 0.149415
2878 0.14942
2881 0.155945
2884 0.159453
2887 0.161884
2890 0.162999
2893 0.16094
2896 0.158823
2899 0.158193
2902 0.158048
2905 0.156654
2908 0.156834
2911 0.155779
2914 0.155213
2917 0.154997
2920 0.15383
2923 0.154628
2926 0.154621
2929 0.155614
2932 0.159534
2935 0.161267
2938 0.163176
2941 0.165114
2944 0.166779
2947 0.173097
2950 0.181207
2953 0.18993
2956 0.199347
2959 0.213611
2962 0.238556
2965 0.254702
2968 0.274718
2971 0.297454
2974 0.323945
2977 0.344503
2980 0.358362
2983 0.387772
2986 0.447136
2989 0.454401
2992 0.511454
2995 0.561616
2998 0.638015
3001 0.756193
3004 0.811386
3007 0.838793
3010 0.843616
3013 0.889014
3016 0.891843
3019 0.900893
3022 0.905793
3025 0.907013
3028 0.907867
3031 0.910309
3034 0.910837
3037 0.913199
3040 0.913
3043 0.911407
3046 0.910457
3049 0.908999
3052 0.908727
3055 0.90857
3058 0.907648
3061 0.904304
3064 0.90193
3067 0.898936
3070 0.898454
3073 0.896333
3076 0.893658
3079 0.893033
3082 0.892306
3085 0.891511
3088 0.887974
3091 0.886172
3094 0.882351
3097 0.880718
3100 0.878667
3103 0.880024
3106 0.881487
3109 0.881911
3112 0.883283
3115 0.88131
3118 0.877968
3121 0.87704
3124 0.877616
3127 0.876338
3130 0.875045
3133 0.871297
3136 0.867348
3139 0.865829
3142 0.863825
3145 0.860298
3148 0.858939
3151 0.858173
3154 0.858202
3157 0.85804
3160 0.85769
3163 0.857934
3166 0.858467
3169 0.858193
3172 0.858601
3175 0.858304
3178 0.85748
3181 0.853968
3184 0.852682
3187 0.851769
3190 0.848886
3193 0.846842
3196 0.845897
3199 0.845954
3202 0.845679
3205 0.845638
3208 0.845538
3211 0.843842
3214 0.844406
3217 0.843508
3220 0.843747
3223 0.843568
3226 0.843051
3229 0.842006
3232 0.842106
3235 0.841724
3238 0.841917
3241 0.841721
3244 0.841619
3247 0.841435
3250 0.841369
3253 0.842538
3256 0.842639
3259 0.842267
3262 0.842519
3265 0.84294
3268 0.843108
3271 0.842821
3274 0.842777
3277 0.842694
3280 0.842434
3283 0.843272
3286 0.843126
3289 0.843798
3292 0.843673
3295 0.843253
3298 0.842585
3301 0.842732
3304 0.843043
3307 0.842797
3310 0.843179
3313 0.843063
3316 0.842102
3319 0.842369
3322 0.842934
3325 0.842945
3328 0.843184
3331 0.843679
3334 0.843408
3337 0.841661
3340 0.841611
3343 0.841477
3346 0.84048
3349 0.83957
3352 0.839509
3355 0.840564
3358 0.841063
3361 0.843809
3364 0.844565
3367 0.84504
3370 0.845565
3373 0.846131
3376 0.845918
3379 0.846143
3382 0.846009
3385 0.845959
3388 0.844542
3391 0.844004
3394 0.844115
3397 0.843756
3400 0.843902
3403 0.844003
3406 0.844191
3409 0.843932
3412 0.844964
3415 0.844485
3418 0.844125
3421 0.8442
3424 0.844457
3427 0.844524
3430 0.844925
3433 0.844816
3436 0.8472
3439 0.846566
3442 0.846987
3445 0.846585
3448 0.846638
3451 0.846932
3454 0.847708
3457 0.847565
3460 0.847736
3463 0.848474
3466 0.848339
3469 0.848633
3472 0.848446
3475 0.848476
3478 0.848476
3481 0.84852
3484 0.848334
3487 0.848971
3490 0.848395
3493 0.848672
3496 0.84855
3499 0.848259
3502 0.848469
3505 0.848445
3508 0.848333
3511 0.847736
3514 0.847812
3517 0.847848
3520 0.847938
3523 0.847954
3526 0.848305
3529 0.847908
3532 0.848256
3535 0.848226
3538 0.849587
3541 0.849091
3544 0.848847
3547 0.848929
3550 0.848847
3553 0.848534
3556 0.848573
3559 0.848592
3562 0.848426
3565 0.848571
3568 0.848702
3571 0.847675
3574 0.847904
3577 0.8478
3580 0.847886
3583 0.847969
3586 0.848064
3589 0.848337
3592 0.848439
3595 0.847815
3598 0.847927
3601 0.848298
3604 0.848304
3607 0.84862
3610 0.848182
3613 0.848149
3616 0.84793
3619 0.847601
3622 0.848108
3625 0.847605
3628 0.847615
3631 0.847422
3634 0.847455
3637 0.847283
3640 0.846657
3643 0.846707
3646 0.846245
3649 0.845806
3652 0.845045
3655 0.845375
3658 0.845804
3661 0.845904
3664 0.846139
3667 0.846089
3670 0.847148
3673 0.847079
3676 0.847306
3679 0.847193
3682 0.848038
3685 0.848065
3688 0.848315
3691 0.848156
3694 0.84807
3697 0.848024
3700 0.848027
3703 0.848119
3706 0.848202
3709 0.848353
3712 0.848452
3715 0.848265
3718 0.848459
3721 0.84874
3724 0.848966
3727 0.84908
3730 0.848305
3733 0.848634
3736 0.848949
3739 0.849147
3742 0.849805
3745 0.850385
3748 0.850372
3751 0.850189
3754 0.850216
3757 0.850244
3760 0.850083
3763 0.849499
3766 0.849235
3769 0.847496
3772 0.847976
3775 0.84927
3778 0.850043
3781 0.850388
3784 0.850348
3787 0.84993
3790 0.849852
3793 0.849659
3796 0.84908
3799 0.84848
3802 0.846296
3805 0.844434
3808 0.843277
3811 0.844038
3814 0.844481
3817 0.8443
3820 0.849675
3823 0.849179
3826 0.849204
3829 0.849426
3832 0.84954
3835 0.849651
3838 0.849628
3841 0.849462
3844 0.849463
3847 0.848786
3850 0.848425
3853 0.848462
3856 0.848483
3859 0.847981
3862 0.848194
3865 0.848166
3868 0.848367
3871 0.849386
3874 0.849108
3877 0.8495
3880 0.849684
3883 0.849138
3886 0.849327
3889 0.84861
3892 0.848847
3895 0.850096
3898 0.850787
3901 0.850963
3904 0.85057
3907 0.850325
3910 0.85001
3913 0.849717
3916 0.849575
3919 0.849631
3922 0.850288
3925 0.850242
3928 0.849989
3931 0.849796
3934 0.849913
3937 0.849779
3940 0.849647
3943 0.849682
3946 0.851136
3949 0.850412
3952 0.850335
3955 0.850376
3958 0.85064
3961 0.851246
3964 0.850804
3967 0.850913
3970 0.851647
3973 0.851372
3976 0.850719
3979 0.850596
3982 0.850071
3985 0.849328
3988 0.848916
3991 0.850208
3994 0.850125
3997 0.851421
4000 0.851171
4003 0.851028
4006 0.850653
4009 0.850349
4012 0.850239
4015 0.85033
4018 0.850098
4021 0.851087
4024 0.851179
4027 0.850969
4030 0.850612
4033 0.850541
4036 0.850656
4039 0.850277
4042 0.850436
4045 0.85076
4048 0.85089
4051 0.850589
4054 0.850635
4057 0.850588
4060 0.850367
4063 0.850212
4066 0.850666
4069 0.851401
4072 0.850207
4075 0.849801
4078 0.849767
4081 0.849954
4084 0.850051
4087 0.85033
4090 0.850334
4093 0.850261
4096 0.851913
4099 0.851693
4102 0.851737
4105 0.851426
4108 0.850848
4111 0.851404
4114 0.851176
4117 0.851392
4120 0.852972
4123 0.852726
4126 0.852754
4129 0.852773
4132 0.852721
4135 0.852694
4138 0.852282
4141 0.851875
4144 0.851936
4147 0.852372
4150 0.850693
4153 0.849778
4156 0.848767
4159 0.848145
4162 0.848448
4165 0.848413
4168 0.849615
4171 0.849374
4174 0.850407
4177 0.851644
4180 0.852727
4183 0.853772
4186 0.855698
4189 0.859494
4192 0.863542
4195 0.865671
4198 0.865804
4201 0.864895
4204 0.864297
4207 0.866636
4210 0.867735
4213 0.868842
4216 0.871955
4219 0.874626
4222 0.877523
4225 0.880136
4228 0.883453
4231 0.889408
4234 0.895401
4237 0.901657
4240 0.90256
4243 0.896764
4246 0.890723
4249 0.887767
4252 0.881471
4255 0.882542
4258 0.881976
4261 0.882904
4264 0.887522
4267 0.895837
4270 0.901603
4273 0.906671
4276 0.908759
4279 0.910656
4282 0.913413
4285 0.914837
4288 0.919059
4291 0.918367
4294 0.910709
4297 0.897216
4300 0.894149
4303 0.895247
4306 0.894628
4309 0.889115
4312 0.885454
4315 0.883732
4318 0.872156
4321 0.864702
4324 0.844853
4327 0.830417
4330 0.787727
4333 0.779639
4336 0.769763
4339 0.768015
4342 0.768563
4345 0.744517
4348 0.748203
4351 0.75255
4354 0.749764
4357 0.742749
4360 0.734865
4363 0.728949
4366 0.72832
4369 0.723679
4372 0.723352
4375 0.719513
4378 0.726843
4381 0.700358
4384 0.694453
4387 0.685532
4390 0.670381
4393 0.657453
4396 0.620777
4399 0.604041
4402 0.586648
4405 0.567639
4408 0.549417
4411 0.529332
4414 0.534027
4417 0.556776
4420 0.565981
4423 0.595631
4426 0.617673
4429 0.618865
4432 0.615689
4435 0.613388
4438 0.602801
4441 0.597953
4444 0.605871
4447 0.617329
4450 0.629848
4453 0.622802
4456 0.620346
4459 0.621389
4462 0.62699
4465 0.633853
4468 0.646253
4471 0.660695
4474 0.688925
4477 0.684631
4480 0.661599
4483 0.628582
4486 0.624236
4489 0.594804
4492 0.599195
4495 0.594467
4498 0.610179
4501 0.629175
4504 0.664807
4507 0.704196
4510 0.743679
4513 0.778587
4516 0.824616
4519 0.848367
4522 0.867733
4525 0.883694
4528 0.896884
4531 0.91218
4534 0.918093
4537 0.923531
4540 0.925432
4543 0.928239
4546 0.928117
4549 0.91913
4552 0.9083
4555 0.900804
4558 0.884372
4561 0.863152
4564 0.853723
4567 0.805939
4570 0.805657
4573 0.745409
4576 0.725061
4579 0.708425
4582 0.694143
4585 0.693157
4588 0.697537
4591 0.70344
4594 0.747602
4597 0.761621
4600 0.761494
4603 0.756621
4606 0.754769
4609 0.75227
4612 0.75436
4615 0.749959
4618 0.742777
4621 0.70708
4624 0.609996
4627 0.587098
4630 0.57314
4633 0.581508
4636 0.594143
4639 0.631111
4642 0.678338
4645 0.710712
4648 0.726014
4651 0.727432
4654 0.735563
4657 0.734418
4660 0.694501
4663 0.674879
4666 0.660481
4669 0.655392
4672 0.635441
4675 0.632399
4678 0.56007
4681 0.48263
4684 0.450431
4687 0.381144
4690 0.373296
4693 0.374278
4696 0.370739
4699 0.374348
4702 0.382144
4705 0.391218
4708 0.394147
4711 0.413795
4714 0.475019
4717 0.510898
4720 0.575726
4723 0.581897
4726 0.583124
4729 0.585987
4732 0.543793
4735 0.534121
4738 0.512207
4741 0.483815
4744 0.463189
4747 0.405728
4750 0.360342
4753 0.331455
4756 0.290441
4759 0.267513
4762 0.23643
4765 0.21014
4768 0.178648
4771 0.156564
4774 0.135689
4777 0.109806
4780 0.0871033
4783 0.0717742
4786 0.0536008
4789 0.0379962
4792 0.0208992
4795 0.0120791
4798 0.00446556
4801 0.000723214
4804 0.000520408
4807 0.000469388
4810 0.000369898
4813 0.000284439
4816 0.000348214
4819 0.000303571
4822 0.000343112
4825 0.000267857
4828 0.000192602
4831 0.000170918
4834 0.00223342
4837 0.00201403
4840 0.00245663
4843 0.00257015
4846 0.00290434
4849 0.00301276
4852 0.00309821
4855 0.00346301
4858 0.00344898
4861 0.0033125
4864 0.00293367
4867 0.00254974
4870 0.00262755
4873 0.00211097
4876 0.00184949
4879 0.00171684
4882 0.00161352
4885 0.00192092
4888 0.00191964
4891 0.00172194
4894 0.00158036
4897 0.0010625
4900 0.000468112
4903 0.000329082
4906 0.000220663
4909 0.000125
4912 0.000116071
4915 0.00011352
4918 0.0250128
4921 0.0446237
4924 0.0508827
4927 0.0728482
4930 0.103705
4933 0.117705
4936 0.123869
4939 0.132832
4942 0.132314
4945 0.133286
4948 0.134426
4951 0.122027
4954 0.109287
4957 0.0950459
4960 0.0866901
4963 0.0783941
4966 0.0649464
4969 0.077426
4972 0.0914082
4975 0.109865
4978 0.118635
4981 0.113045
4984 0.111556
4987 0.112716
4990 0.110754
4993 0.109443
4996 0.107719
4999 0.109286
5002 0.0997474
5005 0.0910332
5008 0.0869222
5011 0.0769694
5014 0.059426
5017 0.044412
5020 0.0315548
5023 0.029824
5026 0.0243125
5029 0.0182143
5032 0.0163699
5035 0.0172003
5038 0.0180561
5041 0.0181977
5044 0.0187653
5047 0.020426
5050 0.0285727
5053 0.0447156
5056 0.0627857
5059 0.0895676
5062 0.112768
5065 0.149065
5068 0.182393
5071 0.219316
5074 0.249291
5077 0.267573
5080 0.268927
5083 0.26245
5086 0.237073
5089 0.213732
5092 0.187455
5095 0.174972
5098 0.16756
5101 0.150908
5104 0.129193
5107 0.112494
5110 0.0967041
5113 0.0911276
5116 0.0822653
5119 0.0630408
5122 0.0407666
5125 0.0177207
5128 0.00352806
5131 0.000395408
5134 0.000507653
5137 0.000352041
5140 0.000311224
5143 0.000289541
5146 0.000280612
5149 0.000229592
5152 0.000209184
5155 0.000216837
5158 0.000228316
5161 0.000455357
5164 0.000279337
5167 0.000214286
5170 0.000184949
5173 0.000183673
5176 0.000178571
5179 0.000200255
5182 0.000169643
5185 3.82653e-05
5188 3.06122e-05
5191 1.91327e-05
5194 0
5197 0.000228316
5200 0.000197704
5203 0.00019898
5206 0.000154337
5209 0.000151786
5212 0.000141582
5215 0.000165816
5218 0.000168367
5221 0.000297194
5224 0.000244898
5227 0.000230867
5230 0.000202806
5233 0.000183673
5236 0.000182398
5239 0.000167092
5242 0.000149235
5245 0.000334184
5248 0.000278061
5251 0.000294643
5254 0.000269133
5257 0.00446429
5260 0.031301
5263 0.0536122
5266 0.063949
5269 0.0717487
5272 0.0749452
5275 0.0756097
5278 0.0763087
5281 0.0762832
5284 0.077088
5287 0.0769107
5290 0.0911684
5293 0.121954
5296 0.144112
5299 0.161684
5302 0.169256
5305 0.191991
5308 0.194589
5311 0.196534
5314 0.194407
5317 0.1922
5320 0.195005
5323 0.188911
5326 0.182395
5329 0.187617
5332 0.206298
5335 0.223083
5338 0.228756
5341 0.227652
5344 0.228116
5347 0.227335
5350 0.226913
5353 0.245351
5356 0.275788
5359 0.304774
5362 0.317227
5365 0.30455
5368 0.298786
5371 0.29445
5374 0.294722
5377 0.295399
5380 0.296473
5383 0.295658
5386 0.299059
5389 0.308594
5392 0.317367
5395 0.327333
5398 0.332875
5401 0.332638
5404 0.3327
5407 0.336399
5410 0.338741
5413 0.338013
5416 0.341485
5419 0.360611
5422 0.376994
5425 0.389929
5428 0.395511
5431 0.396844
5434 0.400753
5437 0.406288
5440 0.414288
5443 0.423962
5446 0.430811
5449 0.442195
5452 0.451054
5455 0.455531
5458 0.456721
5461 0.454662
5464 0.459796
5467 0.460305
5470 0.459518
5473 0.455298
5476 0.451091
5479 0.451228
5482 0.456638
5485 0.463695
5488 0.473495
5491 0.482232
5494 0.491929
5497 0.508821
5500 0.523277
5503 0.549208
5506 0.561055
5509 0.5907
5512 0.61501
5515 0.626321
5518 0.632851
5521 0.68499
5524 0.693804
5527 0.705459
5530 0.742171
5533 0.775931
5536 0.798497
5539 0.807705
5542 0.812207
5545 0.845943
5548 0.846517
5551 0.84496
5554 0.842922
5557 0.842082
5560 0.841381
5563 0.838019
5566 0.839496
5569 0.834112
5572 0.834499
5575 0.83586
5578 0.833045
5581 0.829677
5584 0.8312
5587 0.839063
5590 0.859761
5593 0.866727
5596 0.87867
5599 0.878093
5602 0.877768
5605 0.877818
5608 0.877026
5611 0.875421
5614 0.874245
5617 0.873108
5620 0.874707
5623 0.874364
5626 0.874953
5629 0.87493
5632 0.874746
5635 0.875295
5638 0.875482
5641 0.87612
5644 0.877878
5647 0.876657
5650 0.877472
5653 0.876472
5656 0.875124
5659 0.874432
5662 0.874631
5665 0.874557
5668 0.8753
5671 0.874228
5674 0.875408
5677 0.875936
5680 0.876268
5683 0.87656
5686 0.875528
5689 0.87538
5692 0.875897
5695 0.875443
5698 0.876003
5701 0.875686
5704 0.874851
5707 0.874337
5710 0.874144
5713 0.869918
5716 0.868022
5719 0.867466
5722 0.863482
5725 0.863267
5728 0.863244
5731 0.862904
5734 0.862356
5737 0.862298
