1 0.0753275
4 0.0786275
7 0.0922075
10 0.105085
13 0.10911
16 0.113003
19 0.114837
22 0.11601
25 0.119947
28 0.1273
31 0.130315
34 0.130947
37 0.13078
40 0.131683
43 0.13295
46 0.135395
49 0.135585
52 0.135797
55 0.134662
58 0.13324
61 0.132617
64 0.132552
67 0.133785
70 0.134353
73 0.137293
76 0.140363
79 0.142363
82 0.14895
85 0.165673
88 0.182973
91 0.19941
94 0.20292
97 0.205058
100 0.20732
103 0.208058
106 0.205405
109 0.212838
112 0.22458
115 0.234178
118 0.240755
121 0.238325
124 0.238015
127 0.238588
130 0.24146
133 0.248548
136 0.252242
139 0.25573
142 0.254397
145 0.25263
148 0.248567
151 0.24493
154 0.242083
157 0.237505
160 0.23393
163 0.231068
166 0.229123
169 0.227837
172 0.2282
175 0.226603
178 0.224763
181 0.225015
184 0.22419
187 0.221642
190 0.22163
193 0.221222
196 0.222043
199 0.222062
202 0.22275
205 0.22349
208 0.222405
211 0.222647
214 0.222037
217 0.22156
220 0.222048
223 0.22134
226 0.22095
229 0.220653
232 0.220435
235 0.221205
238 0.220837
241 0.219872
244 0.221535
247 0.22121
250 0.220403
253 0.219257
256 0.219045
259 0.219408
262 0.218713
265 0.218798
268 0.218335
271 0.218565
274 0.218273
277 0.217587
280 0.216625
283 0.21685
286 0.21764
289 0.21582
292 0.21439
295 0.21514
298 0.21508
301 0.214753
304 0.214842
307 0.214745
310 0.21567
313 0.215957
316 0.218048
319 0.217528
322 0.218895
325 0.219427
328 0.21962
331 0.219218
334 0.219222
337 0.2192
340 0.219998
343 0.225633
346 0.23134
349 0.23302
352 0.23263
355 0.231877
358 0.2316
361 0.231495
364 0.230935
367 0.23047
370 0.229112
373 0.228428
376 0.227422
379 0.226687
382 0.226387
385 0.227873
388 0.232283
391 0.237835
394 0.23954
397 0.243223
400 0.244938
403 0.247113
406 0.25021
409 0.255358
412 0.261593
415 0.273008
418 0.283505
421 0.29205
424 0.304152
427 0.31727
430 0.3297
433 0.342357
436 0.355372
439 0.363835
442 0.371273
445 0.383105
448 0.38685
451 0.393027
454 0.398695
457 0.40275
460 0.406488
463 0.410712
466 0.41189
469 0.41259
472 0.418177
475 0.418237
478 0.41677
481 0.416673
484 0.41654
487 0.416332
490 0.41516
493 0.41588
496 0.41647
499 0.419058
502 0.43283
505 0.452827
508 0.465925
511 0.474287
514 0.477938
517 0.486183
520 0.507308
523 0.517373
526 0.526425
529 0.531255
532 0.53248
535 0.535088
538 0.53516
541 0.533253
544 0.533317
547 0.532145
550 0.52992
553 0.527632
556 0.524955
559 0.52287
562 0.521023
565 0.518605
568 0.51698
571 0.519277
574 0.525713
577 0.53502
580 0.5461
583 0.558318
586 0.571732
589 0.584438
592 0.595598
595 0.62291
598 0.639593
601 0.651275
604 0.658038
607 0.672455
610 0.686447
613 0.693928
616 0.696785
619 0.69756
622 0.708387
625 0.708395
628 0.707125
631 0.71067
634 0.7146
637 0.717657
640 0.720167
643 0.720847
646 0.741375
649 0.744433
652 0.746938
655 0.74852
658 0.749263
661 0.748962
664 0.749892
667 0.748827
670 0.748
673 0.747247
676 0.746452
679 0.745997
682 0.747323
685 0.746205
688 0.745263
691 0.744968
694 0.744393
697 0.749997
700 0.749117
703 0.748807
706 0.75126
709 0.75356
712 0.75822
715 0.759315
718 0.770315
721 0.81699
724 0.817747
727 0.818067
730 0.817943
733 0.820163
736 0.827368
739 0.832395
742 0.83767
745 0.8547
748 0.856468
751 0.86205
754 0.862587
757 0.863533
760 0.863818
763 0.868578
766 0.87069
769 0.873493
772 0.88641
775 0.886842
778 0.886252
781 0.886085
784 0.88535
787 0.885032
790 0.883933
793 0.883032
796 0.878755
799 0.876763
802 0.873193
805 0.870352
808 0.868223
811 0.870742
814 0.87968
817 0.882135
820 0.885425
823 0.885707
826 0.886845
829 0.887023
832 0.88817
835 0.887925
838 0.888365
841 0.888842
844 0.889118
847 0.88962
850 0.889215
853 0.889417
856 0.889255
859 0.88887
862 0.888898
865 0.88927
868 0.88931
871 0.888687
874 0.888985
877 0.889295
880 0.889795
883 0.889182
886 0.889402
889 0.88965
892 0.889495
895 0.889293
898 0.88945
901 0.889408
904 0.889628
907 0.889938
910 0.890235
913 0.890502
916 0.890572
919 0.890402
922 0.890338
925 0.89082
928 0.89064
931 0.888443
934 0.888868
937 0.889135
940 0.889563
943 0.888985
946 0.888615
949 0.888862
952 0.888737
955 0.89008
958 0.890077
961 0.889885
964 0.889775
967 0.889593
970 0.889502
973 0.889235
976 0.888487
979 0.887595
982 0.886578
985 0.88667
988 0.886962
991 0.887973
994 0.88861
997 0.888515
1000 0.889232
1003 0.889692
1006 0.889848
1009 0.88991
1012 0.886528
1015 0.886485
1018 0.886432
1021 0.887085
1024 0.88666
1027 0.88655
1030 0.886783
1033 0.886857
1036 0.887617
1039 0.887245
1042 0.887315
1045 0.887517
1048 0.886985
1051 0.887217
1054 0.887537
1057 0.887378
1060 0.888058
1063 0.88695
1066 0.886515
1069 0.886845
1072 0.886625
1075 0.88672
1078 0.886872
1081 0.887003
1084 0.886898
1087 0.885153
1090 0.885615
1093 0.88536
1096 0.885432
1099 0.88571
1102 0.885595
1105 0.885652
1108 0.885792
1111 0.885132
1114 0.884935
1117 0.885335
1120 0.886243
1123 0.886635
1126 0.886108
1129 0.88557
1132 0.885648
1135 0.885822
1138 0.88699
1141 0.88723
1144 0.886602
1147 0.886763
1150 0.887583
1153 0.888713
1156 0.888633
1159 0.888215
1162 0.886045
1165 0.885783
1168 0.886585
1171 0.88713
1174 0.887155
1177 0.88745
1180 0.88741
1183 0.887715
1186 0.885973
1189 0.88626
1192 0.88609
1195 0.886387
1198 0.886815
1201 0.887385
1204 0.88751
1207 0.88745
1210 0.887478
1213 0.888563
1216 0.888188
1219 0.888197
1222 0.888203
1225 0.88873
1228 0.888672
1231 0.888792
1234 0.888097
1237 0.888073
1240 0.887097
1243 0.887177
1246 0.88795
1249 0.88813
1252 0.887243
1255 0.887073
1258 0.887135
1261 0.88524
1264 0.885957
1267 0.886267
1270 0.885715
1273 0.886127
1276 0.887138
1279 0.88788
1282 0.887578
1285 0.88779
1288 0.886918
1291 0.886977
1294 0.88683
1297 0.887042
1300 0.887985
1303 0.888325
1306 0.888095
1309 0.88867
1312 0.887622
1315 0.887275
1318 0.88793
1321 0.888423
1324 0.888572
1327 0.8887
1330 0.888695
1333 0.88862
1336 0.887927
1339 0.887898
1342 0.88801
1345 0.88782
1348 0.887535
1351 0.887162
1354 0.88701
1357 0.88713
1360 0.88709
1363 0.886537
1366 0.886552
1369 0.886807
1372 0.88841
1375 0.88848
1378 0.888625
1381 0.888877
1384 0.888628
1387 0.889347
1390 0.889092
1393 0.889595
1396 0.890408
1399 0.890595
1402 0.89117
1405 0.891545
1408 0.891783
1411 0.89129
1414 0.890695
1417 0.891
1420 0.89075
1423 0.891365
1426 0.890445
1429 0.890308
1432 0.889583
1435 0.889583
1438 0.89041
1441 0.889085
1444 0.888898
1447 0.889065
1450 0.888922
1453 0.889458
1456 0.88954
1459 0.889475
1462 0.89138
1465 0.893373
1468 0.894253
1471 0.895175
1474 0.894728
1477 0.894733
1480 0.894065
1483 0.892763
1486 0.892465
1489 0.894217
1492 0.895927
1495 0.89531
1498 0.89585
1501 0.89752
1504 0.898112
1507 0.898687
1510 0.901218
1513 0.904987
1516 0.90437
1519 0.904767
1522 0.902632
1525 0.903528
1528 0.90507
1531 0.905693
1534 0.902402
1537 0.901068
1540 0.899798
1543 0.896913
1546 0.899068
1549 0.897705
1552 0.88888
1555 0.88275
1558 0.884687
1561 0.88622
1564 0.886635
1567 0.8867
1570 0.885877
1573 0.885177
1576 0.890267
1579 0.895605
1582 0.90075
1585 0.90019
1588 0.897755
1591 0.894192
1594 0.890687
1597 0.89235
1600 0.88929
1603 0.891338
1606 0.88875
1609 0.894068
1612 0.899365
1615 0.900153
1618 0.899478
1621 0.89879
1624 0.902033
1627 0.907652
1630 0.915218
1633 0.918525
1636 0.918725
1639 0.916942
1642 0.9154
1645 0.912055
1648 0.91209
1651 0.911637
1654 0.909722
1657 0.90428
1660 0.90285
1663 0.89997
1666 0.898613
1669 0.901968
1672 0.908652
1675 0.908995
1678 0.904435
1681 0.89375
1684 0.884255
1687 0.87335
1690 0.868123
1693 0.870247
1696 0.869395
1699 0.867075
1702 0.866997
1705 0.86779
1708 0.859527
1711 0.8392
1714 0.827778
1717 0.822442
1720 0.81936
1723 0.819078
1726 0.814647
1729 0.809787
1732 0.79215
1735 0.73199
1738 0.65329
1741 0.605367
1744 0.565253
1747 0.55495
1750 0.506537
1753 0.488413
1756 0.480127
1759 0.471973
1762 0.463635
1765 0.456827
1768 0.47511
1771 0.476903
1774 0.490155
1777 0.491808
1780 0.474425
1783 0.45843
1786 0.44667
1789 0.425615
1792 0.408882
1795 0.39243
1798 0.382642
1801 0.387908
1804 0.389675
1807 0.39226
1810 0.397688
1813 0.387157
1816 0.373345
1819 0.37086
1822 0.373895
1825 0.368715
1828 0.35686
1831 0.344555
1834 0.331267
1837 0.31746
1840 0.303328
1843 0.28249
1846 0.266245
1849 0.248475
1852 0.22494
1855 0.21519
1858 0.220447
1861 0.213108
1864 0.19705
1867 0.190075
1870 0.210657
1873 0.22332
1876 0.227335
1879 0.236207
1882 0.254592
1885 0.27059
1888 0.29662
1891 0.319462
1894 0.339035
1897 0.340715
1900 0.360467
1903 0.420023
1906 0.472658
1909 0.488623
1912 0.466622
1915 0.452058
1918 0.436515
1921 0.423378
1924 0.412488
1927 0.377223
1930 0.353875
1933 0.314623
1936 0.295215
1939 0.283275
1942 0.271143
1945 0.265025
1948 0.24056
1951 0.216558
1954 0.1875
1957 0.164617
1960 0.140327
1963 0.115873
1966 0.09098
1969 0.063595
1972 0.033575
1975 0.01816
1978 0.0088075
1981 0.0077625
1984 0.00697
1987 0.00551
1990 0.0045525
1993 0.004605
1996 0.0043875
1999 0.0040825
2002 0.0176025
2005 0.050825
2008 0.090875
2011 0.1355
2014 0.180455
2017 0.236423
2020 0.29006
2023 0.316912
2026 0.36032
2029 0.398558
2032 0.405155
2035 0.390732
2038 0.35571
2041 0.334685
2044 0.283627
2047 0.260062
2050 0.238825
2053 0.21903
2056 0.197515
2059 0.173613
2062 0.13535
2065 0.110823
2068 0.087335
2071 0.0785775
2074 0.0600975
2077 0.04247
2080 0.026475
2083 0.0150175
2086 0.01471
2089 0.01348
2092 0.01288
2095 0.012945
2098 0.013695
2101 0.0176575
2104 0.0293925
2107 0.04565
2110 0.0687975
2113 0.0974675
2116 0.129468
2119 0.171437
2122 0.215262
2125 0.278913
2128 0.362575
2131 0.434067
2134 0.477048
2137 0.512077
2140 0.512443
2143 0.503992
2146 0.490683
2149 0.47539
2152 0.390468
2155 0.33806
2158 0.326497
2161 0.31682
2164 0.311652
2167 0.298648
2170 0.283475
2173 0.268238
2176 0.23452
2179 0.20749
2182 0.167632
2185 0.133945
2188 0.10562
2191 0.078625
2194 0.0569625
2197 0.0404575
2200 0.0267725
2203 0.0181075
2206 0.01417
2209 0.0106225
2212 0.0054875
2215 0.00218
2218 0.002355
2221 0.00211
2224 0.00249
2227 0.0027225
2230 0.003095
2233 0.00319
2236 0.0037925
2239 0.0035675
2242 0.0035425
2245 0.0034175
2248 0.0040375
2251 0.004745
2254 0.0060125
2257 0.005755
2260 0.007095
2263 0.0081375
2266 0.01129
2269 0.02692
2272 0.048405
2275 0.0709625
2278 0.0826325
2281 0.0922675
2284 0.099645
2287 0.1045
2290 0.106232
2293 0.104158
2296 0.100947
2299 0.105067
2302 0.111323
2305 0.113138
2308 0.111047
2311 0.108238
2314 0.098355
2317 0.0885225
2320 0.07776
2323 0.070545
2326 0.0618225
2329 0.057865
2332 0.0517525
2335 0.0412025
2338 0.033305
2341 0.0289825
2344 0.0240625
2347 0.0198575
2350 0.01739
2353 0.0206725
2356 0.0185475
2359 0.016965
2362 0.015955
2365 0.01639
2368 0.0165175
2371 0.0168825
2374 0.017515
2377 0.016065
2380 0.0149925
2383 0.018075
2386 0.051265
2389 0.0781775
2392 0.08454
2395 0.08967
2398 0.09006
2401 0.08864
2404 0.08811
2407 0.0877575
2410 0.08289
2413 0.0807075
2416 0.0609725
2419 0.05102
2422 0.0355475
2425 0.022355
2428 0.0105775
2431 0.001545
2434 0.0245825
2437 0.0451925
2440 0.0515975
2443 0.0556075
2446 0.05633
2449 0.0583125
2452 0.0565275
2455 0.056705
2458 0.05565
2461 0.0568525
2464 0.04827
2467 0.034825
2470 0.024965
2473 0.017575
2476 0.0149525
2479 0.0163825
2482 0.017025
2485 0.0180175
2488 0.019125
2491 0.0201475
2494 0.019755
2497 0.02008
2500 0.0203975
2503 0.02025
2506 0.020525
2509 0.03507
2512 0.05841
2515 0.075695
2518 0.0758325
2521 0.080045
2524 0.085095
2527 0.0887425
2530 0.0921375
2533 0.0913025
2536 0.09168
2539 0.0926775
2542 0.0893825
2545 0.0883075
2548 0.0845775
2551 0.0731875
2554 0.064855
2557 0.050785
2560 0.03608
2563 0.023405
2566 0.0120625
2569 0.0041725
2572 0.001645
2575 0.0017075
2578 0.0016775
2581 0.0016175
2584 0.00156
2587 0.002035
2590 0.0018425
2593 0.0018725
2596 0.0018225
2599 0.00172
2602 0.00173
2605 0.00176
2608 0.0019075
2611 0.0019875
2614 0.0017025
2617 0.0017575
2620 0.0016775
2623 0.001805
2626 0.0192275
2629 0.0398175
2632 0.048695
2635 0.0529575
2638 0.07026
2641 0.09679
2644 0.13141
2647 0.162995
2650 0.191355
2653 0.211058
2656 0.21419
2659 0.219392
2662 0.219562
2665 0.209327
2668 0.197465
2671 0.199027
2674 0.203168
2677 0.206687
2680 0.193162
2683 0.171765
2686 0.155335
2689 0.145785
2692 0.134297
2695 0.121948
2698 0.106377
2701 0.0941925
2704 0.07917
2707 0.06793
2710 0.06394
2713 0.0655275
2716 0.0667825
2719 0.066075
2722 0.063215
2725 0.0640075
2728 0.072715
2731 0.09117
2734 0.104233
2737 0.1109
2740 0.113443
2743 0.114785
2746 0.117133
2749 0.122325
2752 0.123938
2755 0.126665
2758 0.127515
2761 0.129507
2764 0.130883
2767 0.132835
2770 0.133545
2773 0.13503
2776 0.135697
2779 0.138373
2782 0.141775
2785 0.14148
2788 0.140692
2791 0.14269
2794 0.142685
2797 0.142662
2800 0.142388
2803 0.142267
2806 0.142437
2809 0.14291
2812 0.142607
2815 0.143365
2818 0.143905
2821 0.14418
2824 0.144338
2827 0.143833
2830 0.143107
2833 0.14308
2836 0.146455
2839 0.146813
2842 0.145868
2845 0.14459
2848 0.14479
2851 0.145937
2854 0.14583
2857 0.146122
2860 0.146675
2863 0.145907
2866 0.146975
2869 0.148528
2872 0.150058
2875 0.14957
2878 0.149482
2881 0.156005
2884 0.159465
2887 0.16208
2890 0.163225
2893 0.161112
2896 0.158702
2899 0.158145
2902 0.158048
2905 0.156598
2908 0.156795
2911 0.155793
2914 0.155257
2917 0.154975
2920 0.153785
2923 0.1546
2926 0.154415
2929 0.155468
2932 0.159252
2935 0.161328
2938 0.163243
2941 0.165123
2944 0.166837
2947 0.17318
2950 0.181295
2953 0.19003
2956 0.199355
2959 0.21367
2962 0.238418
2965 0.254592
2968 0.2746
2971 0.2974
2974 0.323915
2977 0.344473
2980 0.358318
2983 0.387833
2986 0.447153
2989 0.454365
2992 0.511772
2995 0.561512
2998 0.63781
3001 0.756097
3004 0.811708
3007 0.838755
3010 0.843683
3013 0.888855
3016 0.89204
3019 0.900968
3022 0.90554
3025 0.907015
3028 0.907593
3031 0.910103
3034 0.910525
3037 0.913587
3040 0.913153
3043 0.91134
3046 0.910708
3049 0.909343
3052 0.909022
3055 0.908613
3058 0.907602
3061 0.904347
3064 0.90201
3067 0.899177
3070 0.898575
3073 0.89628
3076 0.89378
3079 0.893168
3082 0.892193
3085 0.891458
3088 0.887795
3091 0.885907
3094 0.881962
3097 0.88076
3100 0.878343
3103 0.880093
3106 0.881443
3109 0.8818
3112 0.883382
3115 0.881583
3118 0.878045
3121 0.87722
3124 0.877337
3127 0.876273
3130 0.874912
3133 0.87131
3136 0.867415
3139 0.865892
3142 0.864165
3145 0.860568
3148 0.85902
3151 0.858293
3154 0.85835
3157 0.858258
3160 0.858005
3163 0.858195
3166 0.85873
3169 0.8583
3172 0.858605
3175 0.858325
3178 0.857393
3181 0.853853
3184 0.852595
3187 0.851962
3190 0.849665
3193 0.847335
3196 0.846483
3199 0.846325
3202 0.84604
3205 0.845947
3208 0.845912
3211 0.844233
3214 0.844545
3217 0.843858
3220 0.844078
3223 0.843873
3226 0.843265
3229 0.84227
3232 0.84225
3235 0.841812
3238 0.84178
3241 0.841803
3244 0.841893
3247 0.841585
3250 0.841638
3253 0.842742
3256 0.842568
3259 0.842275
3262 0.842585
3265 0.842855
3268 0.843087
3271 0.842785
3274 0.842655
3277 0.842683
3280 0.842398
3283 0.84314
3286 0.843182
3289 0.843627
3292 0.84347
3295 0.843148
3298 0.84254
3301 0.842853
3304 0.843028
3307 0.842675
3310 0.843108
3313 0.843375
3316 0.842245
3319 0.842385
3322 0.842867
3325 0.842962
3328 0.843207
3331 0.843697
3334 0.843457
3337 0.84141
3340 0.84139
3343 0.841207
3346 0.840335
3349 0.839167
3352 0.83915
3355 0.840307
3358 0.840793
3361 0.843685
3364 0.84451
3367 0.845085
3370 0.845522
3373 0.845928
3376 0.845612
3379 0.8459
3382 0.845703
3385 0.845495
3388 0.844398
3391 0.843738
3394 0.84386
3397 0.843372
3400 0.843515
3403 0.843542
3406 0.84378
3409 0.843445
3412 0.845035
3415 0.84441
3418 0.844063
3421 0.843988
3424 0.84445
3427 0.844533
3430 0.845063
3433 0.84488
3436 0.846483
3439 0.845838
3442 0.846368
3445 0.845985
3448 0.846165
3451 0.84646
3454 0.84721
3457 0.847402
3460 0.84752
3463 0.848037
3466 0.847895
3469 0.84819
3472 0.848235
3475 0.848205
3478 0.84822
3481 0.84823
3484 0.8481
3487 0.848657
3490 0.848263
3493 0.848433
3496 0.848298
3499 0.848195
3502 0.84826
3505 0.848378
3508 0.848132
3511 0.84757
3514 0.847418
3517 0.84742
3520 0.84761
3523 0.847865
3526 0.848023
3529 0.84752
3532 0.84798
3535 0.847935
3538 0.84938
3541 0.84892
3544 0.848715
3547 0.84869
3550 0.848742
3553 0.848495
3556 0.848515
3559 0.84839
3562 0.848267
3565 0.848398
3568 0.84846
3571 0.847592
3574 0.847893
3577 0.847598
3580 0.847715
3583 0.84773
3586 0.84768
3589 0.848073
3592 0.847995
3595 0.847472
3598 0.847647
3601 0.847912
3604 0.847965
3607 0.848278
3610 0.847952
3613 0.847927
3616 0.847657
3619 0.847355
3622 0.847525
3625 0.84715
3628 0.847215
3631 0.846938
3634 0.84709
3637 0.84697
3640 0.846465
3643 0.846505
3646 0.846122
3649 0.845625
3652 0.84491
3655 0.845243
3658 0.84588
3661 0.845978
3664 0.845905
3667 0.845853
3670 0.846938
3673 0.847012
3676 0.847128
3679 0.847085
3682 0.847812
3685 0.8482
3688 0.848402
3691 0.848235
3694 0.848135
3697 0.847947
3700 0.847808
3703 0.84784
3706 0.847917
3709 0.847888
3712 0.84802
3715 0.847865
3718 0.847988
3721 0.84831
3724 0.84883
3727 0.848945
3730 0.84813
3733 0.848178
3736 0.84853
3739 0.848865
3742 0.849495
3745 0.85007
3748 0.850015
3751 0.849908
3754 0.850115
3757 0.849917
3760 0.849707
3763 0.848788
3766 0.848723
3769 0.847015
3772 0.84772
3775 0.848927
3778 0.849692
3781 0.85015
3784 0.849835
3787 0.849638
3790 0.849385
3793 0.84909
3796 0.84916
3799 0.848448
3802 0.84622
3805 0.84423
3808 0.843023
3811 0.843855
3814 0.844252
3817 0.844073
3820 0.849668
3823 0.849625
3826 0.849518
3829 0.84965
3832 0.849888
3835 0.849742
3838 0.8496
3841 0.8493
3844 0.8493
3847 0.848135
3850 0.847903
3853 0.848017
3856 0.848148
3859 0.84763
3862 0.84794
3865 0.84802
3868 0.848035
3871 0.849065
3874 0.848923
3877 0.849445
3880 0.849647
3883 0.848938
3886 0.849195
3889 0.84856
3892 0.848647
3895 0.849385
3898 0.85042
3901 0.850618
3904 0.85032
3907 0.849947
3910 0.849715
3913 0.849325
3916 0.848973
3919 0.849167
3922 0.849862
3925 0.849642
3928 0.8495
3931 0.84913
3934 0.849402
3937 0.849252
3940 0.849232
3943 0.84915
3946 0.850873
3949 0.85029
3952 0.850255
3955 0.84992
3958 0.849995
3961 0.850705
3964 0.850167
3967 0.850225
3970 0.85162
3973 0.851193
3976 0.850518
3979 0.850295
3982 0.849745
3985 0.84885
3988 0.848333
3991 0.849723
3994 0.849548
3997 0.851305
4000 0.850945
4003 0.850982
4006 0.850407
4009 0.850163
4012 0.850017
4015 0.850045
4018 0.84965
4021 0.850885
4024 0.850985
4027 0.850733
4030 0.850243
4033 0.850235
4036 0.850217
4039 0.850025
4042 0.85007
4045 0.850603
4048 0.850875
4051 0.850498
4054 0.85046
4057 0.850208
4060 0.85015
4063 0.849782
4066 0.850315
4069 0.851075
4072 0.850008
4075 0.8495
4078 0.849553
4081 0.84948
4084 0.849437
4087 0.849707
4090 0.84989
4093 0.849683
4096 0.85157
4099 0.85143
4102 0.85161
4105 0.851097
4108 0.850605
4111 0.851213
4114 0.850862
4117 0.851165
4120 0.852788
4123 0.852333
4126 0.852455
4129 0.852535
4132 0.852365
4135 0.852345
4138 0.851697
4141 0.851275
4144 0.85138
4147 0.85201
4150 0.850298
4153 0.849315
4156 0.848333
4159 0.847647
4162 0.847905
4165 0.848145
4168 0.849167
4171 0.84948
4174 0.850445
4177 0.851753
4180 0.852355
4183 0.853563
4186 0.85535
4189 0.859407
4192 0.863317
4195 0.86568
4198 0.865525
4201 0.864775
4204 0.863923
4207 0.86653
4210 0.867988
4213 0.868865
4216 0.871942
4219 0.874677
4222 0.877592
4225 0.880345
4228 0.88364
4231 0.889875
4234 0.895385
4237 0.90168
4240 0.902388
4243 0.89667
4246 0.890293
4249 0.887825
4252 0.881535
4255 0.882845
4258 0.88191
4261 0.883323
4264 0.887413
4267 0.895825
4270 0.901717
4273 0.906868
4276 0.908925
4279 0.910795
4282 0.91337
4285 0.915072
4288 0.918968
4291 0.918678
4294 0.910855
4297 0.897103
4300 0.893855
4303 0.895145
4306 0.894288
4309 0.889405
4312 0.885593
4315 0.883877
4318 0.872332
4321 0.86533
4324 0.844633
4327 0.83016
4330 0.787138
4333 0.779347
4336 0.769643
4339 0.767378
4342 0.768085
4345 0.74383
4348 0.748592
4351 0.75233
4354 0.74948
4357 0.742305
4360 0.735055
4363 0.728912
4366 0.728075
4369 0.723248
4372 0.723507
4375 0.71942
4378 0.72682
4381 0.700457
4384 0.694627
4387 0.685253
4390 0.670558
4393 0.657168
4396 0.620835
4399 0.603762
4402 0.586565
4405 0.567345
4408 0.549445
4411 0.529778
4414 0.534038
4417 0.55677
4420 0.566033
4423 0.595433
4426 0.61782
4429 0.61874
4432 0.615663
4435 0.61331
4438 0.602707
4441 0.597927
4444 0.605688
4447 0.61652
4450 0.629822
4453 0.622138
4456 0.620138
4459 0.621613
4462 0.626655
4465 0.63334
4468 0.646138
4471 0.660305
4474 0.688338
4477 0.68474
4480 0.66117
4483 0.628335
4486 0.62422
4489 0.594685
4492 0.598685
4495 0.59435
4498 0.609995
4501 0.628753
4504 0.664695
4507 0.703873
4510 0.743825
4513 0.778118
4516 0.823967
4519 0.848252
4522 0.867445
4525 0.883343
4528 0.8967
4531 0.912197
4534 0.91817
4537 0.923552
4540 0.92549
4543 0.928037
4546 0.928135
4549 0.919105
4552 0.908605
4555 0.900813
4558 0.884308
4561 0.863202
4564 0.853445
4567 0.805743
4570 0.805453
4573 0.74547
4576 0.725158
4579 0.708058
4582 0.69431
4585 0.692913
4588 0.697318
4591 0.70286
4594 0.747565
4597 0.761482
4600 0.761525
4603 0.756252
4606 0.754757
4609 0.752162
4612 0.754012
4615 0.74986
4618 0.74262
4621 0.707198
4624 0.609675
4627 0.587453
4630 0.573327
4633 0.581472
4636 0.59416
4639 0.63105
4642 0.678113
4645 0.710875
4648 0.725823
4651 0.72703
4654 0.7355
4657 0.73396
4660 0.69395
4663 0.674335
4666 0.660292
4669 0.655317
4672 0.635475
4675 0.63158
4678 0.55935
4681 0.482315
4684 0.450327
4687 0.380945
4690 0.373148
4693 0.374333
4696 0.370575
4699 0.37441
4702 0.381972
4705 0.390908
4708 0.393998
4711 0.41366
4714 0.474508
4717 0.510695
4720 0.575703
4723 0.581762
4726 0.582963
4729 0.585885
4732 0.543445
4735 0.53339
4738 0.512238
4741 0.483708
4744 0.46324
4747 0.40594
4750 0.36003
4753 0.331087
4756 0.29026
4759 0.26727
4762 0.23639
4765 0.210423
4768 0.178622
4771 0.15642
4774 0.13551
4777 0.109725
4780 0.0871875
4783 0.071815
4786 0.05378
4789 0.03809
4792 0.0210325
4795 0.0121375
4798 0.004505
4801 0.00072
4804 0.0005175
4807 0.0004875
4810 0.0003725
4813 0.000285
4816 0.0003425
4819 0.0003075
4822 0.000355
4825 0.0002675
4828 0.0002175
4831 0.00019
4834 0.00224
4837 0.0020475
4840 0.0025125
4843 0.0025775
4846 0.00294
4849 0.0030225
4852 0.0031275
4855 0.003475
4858 0.00345
4861 0.0033775
4864 0.0030125
4867 0.002625
4870 0.002675
4873 0.0021625
4876 0.001905
4879 0.0017775
4882 0.00165
4885 0.001965
4888 0.00199
4891 0.00178
4894 0.0016325
4897 0.001105
4900 0.0004975
4903 0.00034
4906 0.0002275
4909 0.00014
4912 0.0001325
4915 0.0001175
4918 0.025005
4921 0.044585
4924 0.050855
4927 0.072845
4930 0.103855
4933 0.117633
4936 0.12373
4939 0.132895
4942 0.13222
4945 0.13318
4948 0.134315
4951 0.121805
4954 0.109232
4957 0.094825
4960 0.0867375
4963 0.0783475
4966 0.0648575
4969 0.0773075
4972 0.0913675
4975 0.109882
4978 0.118385
4981 0.11325
4984 0.11171
4987 0.112535
4990 0.110805
4993 0.109158
4996 0.107578
4999 0.109232
5002 0.09968
5005 0.091095
5008 0.086885
5011 0.0771025
5014 0.0594725
5017 0.0445
5020 0.0315775
5023 0.0298625
5026 0.024395
5029 0.018215
5032 0.0163075
5035 0.0171525
5038 0.017935
5041 0.01819
5044 0.0187525
5047 0.02053
5050 0.0285775
5053 0.044725
5056 0.0627825
5059 0.0895775
5062 0.11288
5065 0.149345
5068 0.18258
5071 0.219527
5074 0.24923
5077 0.267578
5080 0.26908
5083 0.262392
5086 0.23733
5089 0.213732
5092 0.187505
5095 0.17498
5098 0.167667
5101 0.15089
5104 0.12908
5107 0.112625
5110 0.096795
5113 0.0911425
5116 0.082285
5119 0.063035
5122 0.04079
5125 0.01777
5128 0.00357
5131 0.0004175
5134 0.0005225
5137 0.0003725
5140 0.0003275
5143 0.0003125
5146 0.0003025
5149 0.0002525
5152 0.00022
5155 0.000235
5158 0.00024
5161 0.0004175
5164 0.000285
5167 0.0002025
5170 0.0001825
5173 0.000195
5176 0.0001725
5179 0.000195
5182 0.000165
5185 4e-05
5188 3.25e-05
5191 2e-05
5194 0
5197 0.0002625
5200 0.0002075
5203 0.00019
5206 0.00014
5209 0.000135
5212 0.0001525
5215 0.000165
5218 0.000165
5221 0.00029
5224 0.00024
5227 0.0002225
5230 0.0002025
5233 0.0001775
5236 0.0001775
5239 0.00017
5242 0.0001525
5245 0.00033
5248 0.000255
5251 0.000285
5254 0.0002675
5257 0.004505
5260 0.0312425
5263 0.053535
5266 0.0639975
5269 0.07151
5272 0.074965
5275 0.075395
5278 0.07613
5281 0.07632
5284 0.07705
5287 0.0769225
5290 0.0910775
5293 0.12188
5296 0.143975
5299 0.161795
5302 0.169222
5305 0.191785
5308 0.194623
5311 0.196525
5314 0.194493
5317 0.192057
5320 0.19503
5323 0.188777
5326 0.182365
5329 0.187677
5332 0.206333
5335 0.223252
5338 0.22868
5341 0.22772
5344 0.228297
5347 0.227165
5350 0.22679
5353 0.245253
5356 0.27573
5359 0.304542
5362 0.31712
5365 0.304105
5368 0.298445
5371 0.29425
5374 0.29454
5377 0.295208
5380 0.296385
5383 0.29525
5386 0.298812
5389 0.30863
5392 0.317555
5395 0.327285
5398 0.332423
5401 0.332485
5404 0.332535
5407 0.336282
5410 0.338332
5413 0.33781
5416 0.34119
5419 0.360588
5422 0.376945
5425 0.390002
5428 0.394902
5431 0.39687
5434 0.400467
5437 0.40641
5440 0.414322
5443 0.42418
5446 0.430953
5449 0.44224
5452 0.451387
5455 0.455653
5458 0.456565
5461 0.454732
5464 0.459693
5467 0.460242
5470 0.459467
5473 0.45531
5476 0.451157
5479 0.451302
5482 0.456558
5485 0.463543
5488 0.473338
5491 0.48226
5494 0.49203
5497 0.508862
5500 0.52294
5503 0.5495
5506 0.560865
5509 0.59032
5512 0.614953
5515 0.626415
5518 0.6328
5521 0.684712
5524 0.693545
5527 0.705183
5530 0.741947
5533 0.775497
5536 0.798535
5539 0.807455
5542 0.812107
5545 0.846158
5548 0.84682
5551 0.84505
5554 0.842997
5557 0.84273
5560 0.84207
5563 0.838688
5566 0.839875
5569 0.834438
5572 0.834997
5575 0.83639
5578 0.833512
5581 0.83004
5584 0.831692
5587 0.839172
5590 0.860102
5593 0.867138
5596 0.879238
5599 0.87856
5602 0.87805
5605 0.878285
5608 0.877437
5611 0.87571
5614 0.874733
5617 0.873705
5620 0.87505
5623 0.87451
5626 0.875463
5629 0.875205
5632 0.875212
5635 0.875505
5638 0.87576
5641 0.876528
5644 0.878095
5647 0.87673
5650 0.877502
5653 0.876618
5656 0.875382
5659 0.874707
5662 0.875003
5665 0.874848
5668 0.875777
5671 0.874742
5674 0.876123
5677 0.87649
5680 0.876763
5683 0.876988
5686 0.876008
5689 0.875585
5692 0.876182
5695 0.875425
5698 0.87654
5701 0.876117
5704 0.875212
5707 0.87479
5710 0.87492
5713 0.870382
5716 0.86846
5719 0.867912
5722 0.86375
5725 0.863343
5728 0.8634
5731 0.863245
5734 0.862672
5737 0.862665
