1 0.0753275
2 0.07182
3 0.07336
4 0.0772475
5 0.082205
6 0.085725
7 0.09119
8 0.0988675
9 0.102087
10 0.105085
11 0.106938
12 0.107735
13 0.10911
14 0.111235
15 0.111585
16 0.113003
17 0.114268
18 0.114383
19 0.114838
20 0.115538
21 0.115975
22 0.11601
23 0.116373
24 0.116587
25 0.119163
26 0.12248
27 0.123465
28 0.126493
29 0.130345
30 0.130187
31 0.130315
32 0.130955
33 0.131298
34 0.130947
35 0.13055
36 0.1313
37 0.13078
38 0.130903
39 0.131233
40 0.131683
41 0.1317
42 0.132245
43 0.13295
44 0.133355
45 0.136398
46 0.135395
47 0.135505
48 0.135483
49 0.135585
50 0.135382
51 0.135947
52 0.135797
53 0.135442
54 0.13514
55 0.134662
56 0.13411
57 0.133683
58 0.13324
59 0.132755
60 0.132667
61 0.132617
62 0.132203
63 0.132107
64 0.132553
65 0.13284
66 0.133352
67 0.133785
68 0.133743
69 0.133972
70 0.134352
71 0.134882
72 0.135697
73 0.137293
74 0.138888
75 0.139462
76 0.140363
77 0.140698
78 0.141355
79 0.142162
80 0.144398
81 0.145835
82 0.14843
83 0.15249
84 0.15628
85 0.164075
86 0.17089
87 0.174292
88 0.181248
89 0.188455
90 0.190597
91 0.197887
92 0.202027
93 0.202547
94 0.202915
95 0.203963
96 0.20485
97 0.205055
98 0.2059
99 0.206423
100 0.207318
101 0.207962
102 0.207615
103 0.208055
104 0.207575
105 0.206927
106 0.205405
107 0.20731
108 0.208617
109 0.211503
110 0.215975
111 0.218223
112 0.223185
113 0.227188
114 0.22876
115 0.232705
116 0.236712
117 0.238345
118 0.240665
119 0.24055
120 0.238863
121 0.238323
122 0.238162
123 0.23784
124 0.238015
125 0.238205
126 0.237665
127 0.238588
128 0.2397
129 0.240707
130 0.24146
131 0.243912
132 0.244455
133 0.248548
134 0.249752
135 0.25052
136 0.252243
137 0.253945
138 0.255362
139 0.25573
140 0.256382
141 0.256537
142 0.254397
143 0.253885
144 0.252875
145 0.25263
146 0.25105
147 0.250908
148 0.248567
149 0.247205
150 0.246403
151 0.24493
152 0.24355
153 0.24329
154 0.242083
155 0.240773
156 0.239932
157 0.237505
158 0.236075
159 0.235247
160 0.23393
161 0.2333
162 0.232407
163 0.231067
164 0.22981
165 0.229513
166 0.229123
167 0.228617
168 0.22873
169 0.227837
170 0.229438
171 0.229085
172 0.2282
173 0.227135
174 0.226648
175 0.226603
176 0.22602
177 0.225518
178 0.224762
179 0.224843
180 0.224947
181 0.225015
182 0.224455
183 0.224365
184 0.22419
185 0.223412
186 0.22307
187 0.221642
188 0.221078
189 0.221292
190 0.22163
191 0.221755
192 0.221602
193 0.221222
194 0.221335
195 0.222115
196 0.222043
197 0.222165
198 0.222312
199 0.222062
200 0.222255
201 0.222562
202 0.22275
203 0.222977
204 0.223192
205 0.22349
206 0.222993
207 0.222673
208 0.222405
209 0.222328
210 0.222235
211 0.222648
212 0.222668
213 0.22246
214 0.222037
215 0.222105
216 0.221892
217 0.22156
218 0.221638
219 0.221865
220 0.222047
221 0.221905
222 0.221412
223 0.22134
224 0.221078
225 0.220893
226 0.22095
227 0.22087
228 0.220942
229 0.220653
230 0.22053
231 0.220545
232 0.220435
233 0.22088
234 0.220925
235 0.221205
236 0.221303
237 0.22105
238 0.220837
239 0.220307
240 0.21966
241 0.219872
242 0.220895
243 0.220975
244 0.221535
245 0.221173
246 0.22104
247 0.22121
248 0.221015
249 0.22073
250 0.220403
251 0.220095
252 0.219775
253 0.219257
254 0.21904
255 0.219018
256 0.219045
257 0.219248
258 0.219105
259 0.219408
260 0.219283
261 0.219112
262 0.218713
263 0.219105
264 0.218977
265 0.218798
266 0.2187
267 0.218427
268 0.218335
269 0.218305
270 0.218588
271 0.218565
272 0.218288
273 0.218117
274 0.218273
275 0.218633
276 0.218353
277 0.217585
278 0.21688
279 0.216418
280 0.216393
281 0.216402
282 0.21666
283 0.216625
284 0.217383
285 0.21717
286 0.217442
287 0.216815
288 0.216398
289 0.21582
290 0.214995
291 0.214778
292 0.21439
293 0.214172
294 0.214285
295 0.21514
296 0.215357
297 0.215215
298 0.21508
299 0.214952
300 0.214803
301 0.21475
302 0.21487
303 0.214647
304 0.214842
305 0.21474
306 0.214697
307 0.214745
308 0.214998
309 0.2149
310 0.21567
311 0.215987
312 0.21609
313 0.215958
314 0.21772
315 0.21789
316 0.218048
317 0.217882
318 0.217628
319 0.217527
320 0.219327
321 0.219243
322 0.218893
323 0.21884
324 0.218825
325 0.219425
326 0.219772
327 0.21956
328 0.21962
329 0.219605
330 0.219432
331 0.219217
332 0.21901
333 0.218982
334 0.219222
335 0.219117
336 0.21919
337 0.2192
338 0.219275
339 0.219617
340 0.219967
341 0.221348
342 0.222768
343 0.22497
344 0.227252
345 0.228163
346 0.230577
347 0.232527
348 0.232997
349 0.23302
350 0.233095
351 0.23281
352 0.23263
353 0.232428
354 0.23218
355 0.231878
356 0.231565
357 0.23173
358 0.2316
359 0.231783
360 0.23155
361 0.231495
362 0.231527
363 0.231293
364 0.230935
365 0.23086
366 0.230577
367 0.23047
368 0.23
369 0.229827
370 0.229112
371 0.228743
372 0.228882
373 0.228427
374 0.228225
375 0.22802
376 0.227422
377 0.227368
378 0.227127
379 0.226688
380 0.226645
381 0.226297
382 0.226377
383 0.226145
384 0.226392
385 0.227463
386 0.22891
387 0.229945
388 0.231538
389 0.234485
390 0.235945
391 0.237812
392 0.238927
393 0.23896
394 0.239538
395 0.242385
396 0.243053
397 0.24322
398 0.243837
399 0.244405
400 0.244935
401 0.245895
402 0.246073
403 0.247113
404 0.248438
405 0.248605
406 0.24991
407 0.252067
408 0.25261
409 0.255007
410 0.25656
411 0.258132
412 0.26076
413 0.26524
414 0.267412
415 0.271865
416 0.275835
417 0.277705
418 0.282258
419 0.285477
420 0.288318
421 0.290865
422 0.295843
423 0.29782
424 0.302725
425 0.308572
426 0.310745
427 0.315873
428 0.320425
429 0.322487
430 0.328393
431 0.332907
432 0.33528
433 0.341
434 0.3464
435 0.34938
436 0.353807
437 0.358398
438 0.359118
439 0.362642
440 0.365782
441 0.366252
442 0.369915
443 0.371827
444 0.37295
445 0.38192
446 0.383693
447 0.384263
448 0.38576
449 0.388048
450 0.389125
451 0.391217
452 0.393278
453 0.39442
454 0.396932
455 0.399027
456 0.399333
457 0.4011
458 0.403327
459 0.40413
460 0.404965
461 0.407153
462 0.407392
463 0.409567
464 0.410737
465 0.411077
466 0.411492
467 0.412068
468 0.411522
469 0.412448
470 0.41784
471 0.41803
472 0.41817
473 0.418193
474 0.41828
475 0.418233
476 0.417452
477 0.41649
478 0.416768
479 0.416108
480 0.416135
481 0.41667
482 0.415915
483 0.415735
484 0.416538
485 0.41651
486 0.416338
487 0.41633
488 0.416228
489 0.41569
490 0.41516
491 0.415482
492 0.41541
493 0.41588
494 0.415755
495 0.416575
496 0.416467
497 0.416703
498 0.416253
499 0.417705
500 0.422365
501 0.425142
502 0.430972
503 0.438518
504 0.443233
505 0.450987
506 0.455955
507 0.45873
508 0.463487
509 0.468028
510 0.47031
511 0.473273
512 0.473895
513 0.474307
514 0.47701
515 0.479063
516 0.480307
517 0.485208
518 0.48988
519 0.492368
520 0.50628
521 0.509772
522 0.511667
523 0.516203
524 0.520297
525 0.52209
526 0.52527
527 0.527445
528 0.52949
529 0.530057
530 0.53144
531 0.531138
532 0.531195
533 0.530957
534 0.531458
535 0.533658
536 0.53384
537 0.533425
538 0.533615
539 0.533582
540 0.533258
541 0.531715
542 0.53243
543 0.531933
544 0.531715
545 0.531933
546 0.53112
547 0.530425
548 0.530165
549 0.529813
550 0.528212
551 0.527045
552 0.526375
553 0.525925
554 0.524542
555 0.524463
556 0.523242
557 0.522115
558 0.521898
559 0.521155
560 0.520892
561 0.520385
562 0.51931
563 0.519035
564 0.517502
565 0.5169
566 0.515988
567 0.515905
568 0.51507
569 0.516527
570 0.513158
571 0.51583
572 0.51773
573 0.518358
574 0.521948
575 0.52527
576 0.52753
577 0.53093
578 0.535325
579 0.537037
580 0.541753
581 0.54659
582 0.548793
583 0.55388
584 0.559038
585 0.56219
586 0.567335
587 0.572175
588 0.575183
589 0.579982
590 0.584932
591 0.587207
592 0.59125
593 0.600195
594 0.60193
595 0.618142
596 0.626553
597 0.630493
598 0.63496
599 0.64054
600 0.64282
601 0.646623
602 0.651038
603 0.65153
604 0.653665
605 0.657372
606 0.659417
607 0.66834
608 0.674762
609 0.67739
610 0.682392
611 0.68642
612 0.688413
613 0.69096
614 0.69283
615 0.693315
616 0.693035
617 0.693612
618 0.693515
619 0.69372
620 0.703745
621 0.70421
622 0.704672
623 0.70489
624 0.704292
625 0.70459
626 0.704115
627 0.703415
628 0.70334
629 0.703795
630 0.70569
631 0.706832
632 0.70951
633 0.709895
634 0.710732
635 0.711425
636 0.713502
637 0.71376
638 0.714608
639 0.71532
640 0.71611
641 0.716315
642 0.71683
643 0.716623
644 0.716697
645 0.735398
646 0.735687
647 0.73658
648 0.737565
649 0.73854
650 0.73949
651 0.74046
652 0.741685
653 0.742252
654 0.742892
655 0.743467
656 0.74382
657 0.744488
658 0.744228
659 0.744445
660 0.74402
661 0.743802
662 0.74402
663 0.744413
664 0.744347
665 0.744572
666 0.744328
667 0.743505
668 0.743092
669 0.742702
670 0.742513
671 0.74228
672 0.741815
673 0.741748
674 0.741018
675 0.741173
676 0.740975
677 0.740575
678 0.740995
679 0.74057
680 0.74095
681 0.741755
682 0.74186
683 0.741075
684 0.7413
685 0.74115
686 0.740723
687 0.740585
688 0.740167
689 0.740528
690 0.740255
691 0.739665
692 0.739375
693 0.739393
694 0.73921
695 0.745478
696 0.745105
697 0.744878
698 0.744455
699 0.744235
700 0.74377
701 0.743725
702 0.74326
703 0.743348
704 0.74348
705 0.743875
706 0.745843
707 0.746167
708 0.74699
709 0.748155
710 0.75009
711 0.75186
712 0.752848
713 0.75321
714 0.75411
715 0.753938
716 0.756407
717 0.76005
718 0.764922
719 0.77102
720 0.81218
721 0.811555
722 0.811705
723 0.811575
724 0.81233
725 0.812643
726 0.812967
727 0.812665
728 0.812078
729 0.812605
730 0.81254
731 0.81406
732 0.81472
733 0.814755
734 0.817435
735 0.819352
736 0.82196
737 0.824933
738 0.8269
739 0.826977
740 0.830455
741 0.830245
742 0.832252
743 0.83299
744 0.833118
745 0.849293
746 0.850815
747 0.85053
748 0.851047
749 0.851415
750 0.852555
751 0.856633
752 0.85733
753 0.857353
754 0.857167
755 0.85701
756 0.857753
757 0.858112
758 0.859548
759 0.858518
760 0.858397
761 0.858565
762 0.859738
763 0.863142
764 0.863917
765 0.86468
766 0.865255
767 0.86625
768 0.86664
769 0.868055
770 0.880628
771 0.88078
772 0.880947
773 0.881295
774 0.881533
775 0.881372
776 0.881348
777 0.881105
778 0.88078
779 0.880963
780 0.88102
781 0.880628
782 0.880595
783 0.880505
784 0.879895
785 0.87969
786 0.87938
787 0.879628
788 0.87988
789 0.879378
790 0.878625
791 0.878617
792 0.878323
793 0.877625
794 0.876733
795 0.87302
796 0.873363
797 0.873135
798 0.87231
799 0.87141
800 0.870945
801 0.870648
802 0.868932
803 0.866653
804 0.86629
805 0.86502
806 0.864322
807 0.864165
808 0.862812
809 0.86354
810 0.863407
811 0.865505
812 0.867102
813 0.869398
814 0.874543
815 0.875047
816 0.876135
817 0.876755
818 0.877845
819 0.87787
820 0.879933
821 0.879395
822 0.879632
823 0.880223
824 0.88049
825 0.880715
826 0.881305
827 0.881365
828 0.8815
829 0.881472
830 0.88152
831 0.88203
832 0.882602
833 0.882682
834 0.882617
835 0.88236
836 0.882855
837 0.882655
838 0.8828
839 0.883153
840 0.883225
841 0.883283
842 0.88341
843 0.88344
844 0.883547
845 0.884173
846 0.884043
847 0.884003
848 0.883743
849 0.883733
850 0.883605
851 0.88388
852 0.8839
853 0.883817
854 0.883995
855 0.883815
856 0.883655
857 0.883562
858 0.883323
859 0.883282
860 0.883373
861 0.883252
862 0.8833
863 0.883313
864 0.883458
865 0.883685
866 0.883597
867 0.883637
868 0.883725
869 0.883875
870 0.883305
871 0.883108
872 0.883513
873 0.883575
874 0.88341
875 0.883455
876 0.88355
877 0.883713
878 0.883655
879 0.883763
880 0.884225
881 0.884053
882 0.884238
883 0.88362
884 0.883815
885 0.883748
886 0.883842
887 0.883928
888 0.884028
889 0.884103
890 0.8842
891 0.88404
892 0.883937
893 0.88378
894 0.88369
895 0.88373
896 0.883825
897 0.883918
898 0.883882
899 0.883733
900 0.88378
901 0.883833
902 0.88389
903 0.884065
904 0.88406
905 0.883942
906 0.884167
907 0.884418
908 0.88435
909 0.884323
910 0.884702
911 0.884788
912 0.884628
913 0.88496
914 0.885068
915 0.884965
916 0.885032
917 0.88508
918 0.884965
919 0.884855
920 0.884622
921 0.884743
922 0.884792
923 0.8852
924 0.885252
925 0.885275
926 0.885062
927 0.88503
928 0.8851
929 0.88505
930 0.882848
931 0.88288
932 0.883
933 0.88331
934 0.883308
935 0.883452
936 0.88358
937 0.883568
938 0.883813
939 0.884005
940 0.884005
941 0.883933
942 0.883652
943 0.883437
944 0.883455
945 0.883352
946 0.883068
947 0.883115
948 0.883255
949 0.883315
950 0.883243
951 0.883237
952 0.883195
953 0.88332
954 0.883305
955 0.884533
956 0.884487
957 0.88442
958 0.88453
959 0.884478
960 0.884505
961 0.884373
962 0.884423
963 0.88436
964 0.884373
965 0.88433
966 0.884325
967 0.88418
968 0.884295
969 0.884232
970 0.884068
971 0.883862
972 0.883895
973 0.883805
974 0.883845
975 0.883495
976 0.883067
977 0.88279
978 0.882435
979 0.88217
980 0.88123
981 0.88097
982 0.881145
983 0.880775
984 0.881258
985 0.88125
986 0.881495
987 0.881263
988 0.88154
989 0.88201
990 0.881887
991 0.88255
992 0.88279
993 0.88281
994 0.883182
995 0.883138
996 0.882985
997 0.883093
998 0.883217
999 0.8834
1000 0.883812
1001 0.884
1002 0.884127
1003 0.884308
1004 0.88422
1005 0.884383
1006 0.884478
1007 0.88415
1008 0.88407
1009 0.884543
1010 0.88472
1011 0.880937
1012 0.881138
1013 0.881053
1014 0.880788
1015 0.881117
1016 0.881142
1017 0.88083
1018 0.881063
1019 0.88146
1020 0.881568
1021 0.881707
1022 0.88167
1023 0.881352
1024 0.881275
1025 0.881082
1026 0.88097
1027 0.881177
1028 0.88124
1029 0.88118
1030 0.88141
1031 0.88144
1032 0.881485
1033 0.881485
1034 0.881532
1035 0.881415
1036 0.882255
1037 0.882245
1038 0.882078
1039 0.881862
1040 0.88197
1041 0.881958
1042 0.88191
1043 0.881903
1044 0.881918
1045 0.88211
1046 0.881883
1047 0.88183
1048 0.881573
1049 0.881478
1050 0.881737
1051 0.881807
1052 0.88188
1053 0.881925
1054 0.882133
1055 0.882188
1056 0.881987
1057 0.88198
1058 0.88215
1059 0.882465
1060 0.88266
1061 0.881588
1062 0.88175
1063 0.881618
1064 0.881235
1065 0.881288
1066 0.881163
1067 0.881407
1068 0.88135
1069 0.881468
1070 0.88144
1071 0.881322
1072 0.88125
1073 0.88117
1074 0.881085
1075 0.88134
1076 0.881328
1077 0.881317
1078 0.881485
1079 0.881467
1080 0.881455
1081 0.881622
1082 0.88151
1083 0.8814
1084 0.88152
1085 0.881443
1086 0.88023
1087 0.879763
1088 0.8799
1089 0.879945
1090 0.880238
1091 0.88027
1092 0.880188
1093 0.879983
1094 0.880238
1095 0.880235
1096 0.880062
1097 0.88012
1098 0.879978
1099 0.88033
1100 0.880412
1101 0.880078
1102 0.880217
1103 0.880295
1104 0.880177
1105 0.880258
1106 0.880165
1107 0.88026
1108 0.88039
1109 0.880425
1110 0.880637
1111 0.879812
1112 0.879522
1113 0.879905
1114 0.879615
1115 0.879792
1116 0.88007
1117 0.879993
1118 0.880253
1119 0.880443
1120 0.880885
1121 0.88115
1122 0.881483
1123 0.881265
1124 0.881345
1125 0.880907
1126 0.880742
1127 0.88019
1128 0.88004
1129 0.88021
1130 0.879985
1131 0.879933
1132 0.880277
1133 0.88035
1134 0.879695
1135 0.880455
1136 0.881422
1137 0.88131
1138 0.881633
1139 0.881702
1140 0.881663
1141 0.881867
1142 0.88174
1143 0.88141
1144 0.88124
1145 0.88131
1146 0.88158
1147 0.88139
1148 0.8817
1149 0.88222
1150 0.88222
1151 0.882238
1152 0.88308
1153 0.883345
1154 0.883483
1155 0.88355
1156 0.883262
1157 0.882912
1158 0.882815
1159 0.882843
1160 0.882683
1161 0.881273
1162 0.880705
1163 0.880713
1164 0.880147
1165 0.880435
1166 0.88087
1167 0.880745
1168 0.881225
1169 0.88115
1170 0.881528
1171 0.881767
1172 0.882085
1173 0.881575
1174 0.88178
1175 0.881905
1176 0.88179
1177 0.88208
1178 0.881905
1179 0.881725
1180 0.882038
1181 0.882247
1182 0.882358
1183 0.882337
1184 0.882535
1185 0.882648
1186 0.880672
1187 0.880825
1188 0.880835
1189 0.880935
1190 0.880825
1191 0.881015
1192 0.880765
1193 0.88089
1194 0.881078
1195 0.881158
1196 0.881252
1197 0.881577
1198 0.88156
1199 0.88202
1200 0.88202
1201 0.882085
1202 0.882065
1203 0.882175
1204 0.882165
1205 0.882075
1206 0.882043
1207 0.882115
1208 0.882025
1209 0.882008
1210 0.882132
1211 0.883615
1212 0.883323
1213 0.883228
1214 0.883272
1215 0.883105
1216 0.882847
1217 0.88295
1218 0.882935
1219 0.88286
1220 0.882772
1221 0.882687
1222 0.882855
1223 0.882997
1224 0.883095
1225 0.883372
1226 0.883307
1227 0.883367
1228 0.88332
1229 0.883598
1230 0.883598
1231 0.883445
1232 0.883275
1233 0.882895
1234 0.882745
1235 0.88259
1236 0.882825
1237 0.882725
1238 0.882162
1239 0.881818
1240 0.881752
1241 0.881863
1242 0.881865
1243 0.88183
1244 0.88241
1245 0.882358
1246 0.882598
1247 0.88292
1248 0.882667
1249 0.882787
1250 0.882553
1251 0.882393
1252 0.88191
1253 0.88197
1254 0.881857
1255 0.881732
1256 0.881717
1257 0.881632
1258 0.8818
1259 0.881865
1260 0.881715
1261 0.87992
1262 0.879745
1263 0.88009
1264 0.880613
1265 0.88092
1266 0.880853
1267 0.880955
1268 0.88082
1269 0.880493
1270 0.880383
1271 0.880568
1272 0.881185
1273 0.880792
1274 0.881197
1275 0.88142
1276 0.881795
1277 0.882205
1278 0.882105
1279 0.882532
1280 0.882475
1281 0.88242
1282 0.882235
1283 0.88268
1284 0.8828
1285 0.88244
1286 0.881925
1287 0.88121
1288 0.881555
1289 0.881515
1290 0.88149
1291 0.881615
1292 0.881588
1293 0.881378
1294 0.88147
1295 0.88182
1296 0.8816
1297 0.88168
1298 0.88171
1299 0.882088
1300 0.882625
1301 0.882695
1302 0.882887
1303 0.882957
1304 0.882822
1305 0.882622
1306 0.882725
1307 0.882912
1308 0.883223
1309 0.883295
1310 0.883163
1311 0.882663
1312 0.882273
1313 0.882167
1314 0.882248
1315 0.881925
1316 0.881943
1317 0.882208
1318 0.88257
1319 0.882797
1320 0.88285
1321 0.883068
1322 0.88324
1323 0.88338
1324 0.88322
1325 0.883358
1326 0.883502
1327 0.883347
1328 0.883393
1329 0.883305
1330 0.883342
1331 0.883483
1332 0.883437
1333 0.883265
1334 0.8831
1335 0.883177
1336 0.88258
1337 0.8829
1338 0.882467
1339 0.882562
1340 0.882818
1341 0.882773
1342 0.882687
1343 0.882705
1344 0.882395
1345 0.88249
1346 0.8825
1347 0.882493
1348 0.882195
1349 0.8823
1350 0.882037
1351 0.881815
1352 0.882167
1353 0.882153
1354 0.881657
1355 0.881705
1356 0.881557
1357 0.881777
1358 0.881655
1359 0.881482
1360 0.881735
1361 0.881395
1362 0.881155
1363 0.8812
1364 0.881112
1365 0.881138
1366 0.881205
1367 0.881438
1368 0.881548
1369 0.88144
1370 0.88157
1371 0.881698
1372 0.883047
1373 0.883275
1374 0.883085
1375 0.883117
1376 0.88324
1377 0.882952
1378 0.88326
1379 0.883023
1380 0.883192
1381 0.883515
1382 0.883295
1383 0.88358
1384 0.883273
1385 0.8836
1386 0.884368
1387 0.883998
1388 0.884085
1389 0.88396
1390 0.883735
1391 0.883815
1392 0.884065
1393 0.88424
1394 0.88443
1395 0.884578
1396 0.885055
1397 0.884983
1398 0.885262
1399 0.885245
1400 0.885663
1401 0.885575
1402 0.88582
1403 0.885878
1404 0.886125
1405 0.886187
1406 0.886293
1407 0.8863
1408 0.886422
1409 0.886603
1410 0.886692
1411 0.885987
1412 0.886172
1413 0.885687
1414 0.885405
1415 0.885495
1416 0.885528
1417 0.885685
1418 0.885563
1419 0.885432
1420 0.88544
1421 0.885268
1422 0.886148
1423 0.88605
1424 0.886003
1425 0.8854
1426 0.885123
1427 0.88505
1428 0.88515
1429 0.884995
1430 0.88516
1431 0.884748
1432 0.884258
1433 0.884025
1434 0.884443
1435 0.884257
1436 0.88592
1437 0.886008
1438 0.885068
1439 0.8842
1440 0.88403
1441 0.883735
1442 0.882973
1443 0.88345
1444 0.883545
1445 0.883525
1446 0.88378
1447 0.88372
1448 0.883515
1449 0.883125
1450 0.883563
1451 0.883628
1452 0.883985
1453 0.884095
1454 0.88428
1455 0.884305
1456 0.884185
1457 0.883845
1458 0.884543
1459 0.88412
1460 0.884123
1461 0.885158
1462 0.88601
1463 0.88635
1464 0.88676
1465 0.888
1466 0.888987
1467 0.888595
1468 0.888883
1469 0.888245
1470 0.887858
1471 0.889805
1472 0.890652
1473 0.888878
1474 0.88936
1475 0.889827
1476 0.89075
1477 0.889342
1478 0.889798
1479 0.888813
1480 0.888667
1481 0.888123
1482 0.88767
1483 0.88732
1484 0.887065
1485 0.886745
1486 0.88706
1487 0.88758
1488 0.889
1489 0.888888
1490 0.888645
1491 0.889748
1492 0.89057
1493 0.890457
1494 0.890675
1495 0.889965
1496 0.890705
1497 0.89105
1498 0.890538
1499 0.890715
1500 0.891062
1501 0.892012
1502 0.892165
1503 0.89291
1504 0.892227
1505 0.892658
1506 0.89215
1507 0.892795
1508 0.89154
1509 0.894467
1510 0.895327
1511 0.89916
1512 0.899547
1513 0.899168
1514 0.89935
1515 0.899602
1516 0.898545
1517 0.898535
1518 0.898272
1519 0.898912
1520 0.898757
1521 0.89887
1522 0.896815
1523 0.896477
1524 0.897092
1525 0.897698
1526 0.89742
1527 0.898875
1528 0.899377
1529 0.899545
1530 0.899018
1531 0.900145
1532 0.899207
1533 0.898065
1534 0.897083
1535 0.898328
1536 0.89534
1537 0.89548
1538 0.89496
1539 0.89506
1540 0.893867
1541 0.893737
1542 0.892558
1543 0.891058
1544 0.891282
1545 0.892715
1546 0.893103
1547 0.89284
1548 0.893587
1549 0.891915
1550 0.88879
1551 0.885955
1552 0.883167
1553 0.881105
1554 0.879005
1555 0.876967
1556 0.877387
1557 0.876088
1558 0.878962
1559 0.878202
1560 0.880103
1561 0.880585
1562 0.881622
1563 0.881528
1564 0.881208
1565 0.881753
1566 0.88204
1567 0.880937
1568 0.880255
1569 0.88174
1570 0.88124
1571 0.879953
1572 0.878478
1573 0.879425
1574 0.879875
1575 0.883407
1576 0.884555
1577 0.885245
1578 0.88676
1579 0.889777
1580 0.892393
1581 0.89356
1582 0.895205
1583 0.894905
1584 0.895005
1585 0.895273
1586 0.897952
1587 0.894752
1588 0.892522
1589 0.891358
1590 0.890217
1591 0.889425
1592 0.890035
1593 0.88904
1594 0.886073
1595 0.886613
1596 0.886382
1597 0.887503
1598 0.887402
1599 0.88736
1600 0.88421
1601 0.885497
1602 0.886175
1603 0.886188
1604 0.885752
1605 0.885262
1606 0.883763
1607 0.88565
1608 0.887155
1609 0.888792
1610 0.888365
1611 0.891197
1612 0.894303
1613 0.895555
1614 0.896312
1615 0.895317
1616 0.895915
1617 0.897488
1618 0.895452
1619 0.894433
1620 0.892628
1621 0.89438
1622 0.895217
1623 0.89642
1624 0.896938
1625 0.898628
1626 0.899495
1627 0.902013
1628 0.903343
1629 0.906665
1630 0.909865
1631 0.90984
1632 0.91071
1633 0.912735
1634 0.91354
1635 0.91415
1636 0.912757
1637 0.91261
1638 0.911517
1639 0.911127
1640 0.91052
1641 0.909717
1642 0.910122
1643 0.911027
1644 0.90922
1645 0.907293
1646 0.908622
1647 0.910147
1648 0.90748
1649 0.90782
1650 0.905995
1651 0.906563
1652 0.905908
1653 0.904225
1654 0.904633
1655 0.904605
1656 0.901812
1657 0.899288
1658 0.898615
1659 0.898003
1660 0.898443
1661 0.900165
1662 0.898972
1663 0.895778
1664 0.895265
1665 0.89515
1666 0.89391
1667 0.89462
1668 0.896927
1669 0.897065
1670 0.899498
1671 0.902565
1672 0.903685
1673 0.90485
1674 0.905173
1675 0.90439
1676 0.904643
1677 0.901953
1678 0.900298
1679 0.89821
1680 0.894307
1681 0.88973
1682 0.888415
1683 0.8838
1684 0.880325
1685 0.87898
1686 0.871253
1687 0.869047
1688 0.867955
1689 0.866265
1690 0.864277
1691 0.860828
1692 0.862943
1693 0.865338
1694 0.864968
1695 0.864225
1696 0.864115
1697 0.864372
1698 0.865115
1699 0.86197
1700 0.862367
1701 0.864358
1702 0.862488
1703 0.85964
1704 0.861325
1705 0.862213
1706 0.86304
1707 0.859745
1708 0.85436
1709 0.85082
1710 0.8448
1711 0.835135
1712 0.833095
1713 0.82793
1714 0.822835
1715 0.821412
1716 0.818237
1717 0.81701
1718 0.817007
1719 0.814762
1720 0.813967
1721 0.815022
1722 0.814858
1723 0.813708
1724 0.8132
1725 0.812355
1726 0.809187
1727 0.809817
1728 0.80776
1729 0.805468
1730 0.80429
1731 0.79767
1732 0.787917
1733 0.779957
1734 0.742545
1735 0.727882
1736 0.683448
1737 0.674198
1738 0.650897
1739 0.644408
1740 0.638495
1741 0.605338
1742 0.600063
1743 0.59236
1744 0.565235
1745 0.561312
1746 0.556915
1747 0.554943
1748 0.515445
1749 0.507715
1750 0.50511
1751 0.502815
1752 0.502698
1753 0.48668
1754 0.485175
1755 0.481797
1756 0.478908
1757 0.47463
1758 0.475115
1759 0.470397
1760 0.46976
1761 0.464108
1762 0.462362
1763 0.463777
1764 0.456372
1765 0.456027
1766 0.454953
1767 0.468652
1768 0.47308
1769 0.474223
1770 0.475573
1771 0.475172
1772 0.486502
1773 0.489553
1774 0.489245
1775 0.4884
1776 0.494242
1777 0.491805
1778 0.489462
1779 0.48202
1780 0.474423
1781 0.472422
1782 0.465795
1783 0.458428
1784 0.45716
1785 0.44948
1786 0.44667
1787 0.444713
1788 0.433958
1789 0.425615
1790 0.422615
1791 0.415912
1792 0.408882
1793 0.406603
1794 0.400067
1795 0.39243
1796 0.38959
1797 0.383642
1798 0.381058
1799 0.385048
1800 0.380068
1801 0.38549
1802 0.384555
1803 0.38778
1804 0.387977
1805 0.389982
1806 0.391837
1807 0.39087
1808 0.392622
1809 0.391435
1810 0.39686
1811 0.389515
1812 0.389428
1813 0.387155
1814 0.383163
1815 0.38021
1816 0.373343
1817 0.371788
1818 0.36752
1819 0.369457
1820 0.368163
1821 0.370413
1822 0.371802
1823 0.373218
1824 0.3712
1825 0.366913
1826 0.364972
1827 0.359475
1828 0.354792
1829 0.356963
1830 0.34729
1831 0.343883
1832 0.341283
1833 0.335755
1834 0.331262
1835 0.327195
1836 0.32079
1837 0.31746
1838 0.315477
1839 0.307295
1840 0.303328
1841 0.30216
1842 0.291402
1843 0.28249
1844 0.279282
1845 0.271885
1846 0.266245
1847 0.263103
1848 0.256335
1849 0.248475
1850 0.24465
1851 0.235118
1852 0.22494
1853 0.221232
1854 0.21406
1855 0.21374
1856 0.214137
1857 0.215133
1858 0.21977
1859 0.217215
1860 0.2169
1861 0.213098
1862 0.211543
1863 0.205742
1864 0.197048
1865 0.194308
1866 0.18776
1867 0.18877
1868 0.191775
1869 0.201095
1870 0.209342
1871 0.21175
1872 0.219675
1873 0.223275
1874 0.223507
1875 0.224345
1876 0.227108
1877 0.22765
1878 0.229778
1879 0.2354
1880 0.237542
1881 0.2438
1882 0.252892
1883 0.252557
1884 0.26139
1885 0.268937
1886 0.275917
1887 0.283417
1888 0.294795
1889 0.29875
1890 0.307965
1891 0.317713
1892 0.320965
1893 0.329645
1894 0.337172
1895 0.33844
1896 0.336962
1897 0.337885
1898 0.339065
1899 0.345295
1900 0.356165
1901 0.362795
1902 0.388183
1903 0.416022
1904 0.4251
1905 0.44445
1906 0.472337
1907 0.475662
1908 0.483295
1909 0.4886
1910 0.48767
1911 0.473115
1912 0.46662
1913 0.466358
1914 0.45848
1915 0.452055
1916 0.448585
1917 0.441255
1918 0.436512
1919 0.435097
1920 0.427195
1921 0.423375
1922 0.418145
1923 0.416082
1924 0.412485
1925 0.386157
1926 0.381205
1927 0.377223
1928 0.36961
1929 0.360873
1930 0.353875
1931 0.350757
1932 0.342585
1933 0.314622
1934 0.3109
1935 0.302978
1936 0.295215
1937 0.292153
1938 0.290495
1939 0.283275
1940 0.283003
1941 0.278815
1942 0.271143
1943 0.278003
1944 0.272615
1945 0.265025
1946 0.26222
1947 0.24925
1948 0.24056
1949 0.235948
1950 0.224943
1951 0.216558
1952 0.208833
1953 0.19453
1954 0.1875
1955 0.183542
1956 0.174327
1957 0.164617
1958 0.159492
1959 0.15028
1960 0.140327
1961 0.128017
1962 0.122758
1963 0.115872
1964 0.113095
1965 0.10001
1966 0.09098
1967 0.08474
1968 0.0729125
1969 0.063595
1970 0.05901
1971 0.0474575
1972 0.033575
1973 0.0297675
1974 0.022845
1975 0.01816
1976 0.016235
1977 0.0119
1978 0.0088075
1979 0.0081675
1980 0.0081525
1981 0.0077625
1982 0.0075925
1983 0.0072575
1984 0.00697
1985 0.006635
1986 0.00608
1987 0.0055
1988 0.0052125
1989 0.004645
1990 0.0045525
1991 0.00463
1992 0.0047975
1993 0.004605
1994 0.00453
1995 0.0048025
1996 0.0043875
1997 0.0042425
1998 0.00403
1999 0.0040825
2000 0.0042925
2001 0.007125
2002 0.0164075
2003 0.02179
2004 0.0351325
2005 0.0493725
2006 0.0566575
2007 0.072355
2008 0.088825
2009 0.0979125
2010 0.116097
2011 0.13329
2012 0.140437
2013 0.160015
2014 0.178115
2015 0.191595
2016 0.213335
2017 0.234067
2018 0.252117
2019 0.272735
2020 0.287815
2021 0.29425
2022 0.30635
2023 0.314197
2024 0.323842
2025 0.342015
2026 0.358137
2027 0.36719
2028 0.382505
2029 0.398438
2030 0.404405
2031 0.405673
2032 0.40512
2033 0.407838
2034 0.40041
2035 0.39072
2036 0.392227
2037 0.38627
2038 0.355708
2039 0.353282
2040 0.341993
2041 0.334682
2042 0.31411
2043 0.307185
2044 0.283625
2045 0.27912
2046 0.269
2047 0.260062
2048 0.25851
2049 0.247575
2050 0.238825
2051 0.236363
2052 0.231765
2053 0.21903
2054 0.217388
2055 0.207798
2056 0.197515
2057 0.1937
2058 0.17982
2059 0.173613
2060 0.168865
2061 0.148265
2062 0.13535
2063 0.131665
2064 0.12308
2065 0.110822
2066 0.104187
2067 0.0940625
2068 0.087335
2069 0.08647
2070 0.080975
2071 0.0785775
2072 0.0741425
2073 0.0649725
2074 0.0600975
2075 0.057855
2076 0.050915
2077 0.04247
2078 0.0394125
2079 0.03175
2080 0.026475
2081 0.02401
2082 0.019185
2083 0.0150175
2084 0.0144275
2085 0.014615
2086 0.01471
2087 0.014
2088 0.0137575
2089 0.01348
2090 0.0133475
2091 0.013075
2092 0.01288
2093 0.0129625
2094 0.012825
2095 0.012945
2096 0.01337
2097 0.01376
2098 0.0136925
2099 0.01344
2100 0.01444
2101 0.0169225
2102 0.01884
2103 0.0232475
2104 0.0280875
2105 0.031125
2106 0.03698
2107 0.0441
2108 0.048365
2109 0.05633
2110 0.067135
2111 0.0733325
2112 0.08507
2113 0.09583
2114 0.101305
2115 0.115338
2116 0.127858
2117 0.136545
2118 0.1515
2119 0.16947
2120 0.177937
2121 0.195628
2122 0.212895
2123 0.229817
2124 0.255273
2125 0.276338
2126 0.283873
2127 0.321823
2128 0.359747
2129 0.373823
2130 0.401603
2131 0.431212
2132 0.44457
2133 0.463905
2134 0.474668
2135 0.478433
2136 0.508557
2137 0.510797
2138 0.511775
2139 0.511412
2140 0.511955
2141 0.51216
2142 0.51099
2143 0.50376
2144 0.500912
2145 0.49325
2146 0.490545
2147 0.48739
2148 0.480445
2149 0.475275
2150 0.470023
2151 0.46396
2152 0.390365
2153 0.384742
2154 0.33743
2155 0.336063
2156 0.340145
2157 0.322102
2158 0.325012
2159 0.326338
2160 0.32477
2161 0.316805
2162 0.315232
2163 0.313215
2164 0.311648
2165 0.309923
2166 0.304582
2167 0.298645
2168 0.297475
2169 0.289028
2170 0.283473
2171 0.28089
2172 0.270428
2173 0.268238
2174 0.267578
2175 0.256807
2176 0.23452
2177 0.228508
2178 0.21617
2179 0.20749
2180 0.19554
2181 0.181338
2182 0.167632
2183 0.163277
2184 0.15105
2185 0.133945
2186 0.123635
2187 0.11355
2188 0.10562
2189 0.0996825
2190 0.08725
2191 0.078625
2192 0.074635
2193 0.0643225
2194 0.0569625
2195 0.0538175
2196 0.04697
2197 0.0404575
2198 0.0385125
2199 0.0315825
2200 0.0267725
2201 0.024205
2202 0.0210075
2203 0.0181075
2204 0.0173275
2205 0.0159075
2206 0.01417
2207 0.0138
2208 0.0121325
2209 0.0106225
2210 0.009615
2211 0.0082575
2212 0.0054875
2213 0.004295
2214 0.002825
2215 0.00218
2216 0.0019475
2217 0.0023475
2218 0.002355
2219 0.0020975
2220 0.002195
2221 0.00211
2222 0.0024125
2223 0.0028825
2224 0.00249
2225 0.00305
2226 0.0026775
2227 0.0027225
2228 0.0028225
2229 0.003415
2230 0.003095
2231 0.0030075
2232 0.0032575
2233 0.00319
2234 0.0031125
2235 0.0032825
2236 0.0037925
2237 0.003665
2238 0.00392
2239 0.0035675
2240 0.0039775
2241 0.0040075
2242 0.0035425
2243 0.00384
2244 0.00281
2245 0.0034175
2246 0.003765
2247 0.00414
2248 0.0040375
2249 0.00417
2250 0.004595
2251 0.004745
2252 0.0050225
2253 0.0055925
2254 0.0060125
2255 0.0063975
2256 0.006275
2257 0.005755
2258 0.0064825
2259 0.0067125
2260 0.007095
2261 0.0074175
2262 0.0071925
2263 0.0081375
2264 0.00798
2265 0.0085525
2266 0.0108575
2267 0.0124575
2268 0.0178925
2269 0.025415
2270 0.028915
2271 0.0378475
2272 0.0472625
2273 0.0515825
2274 0.0611275
2275 0.0702175
2276 0.0736475
2277 0.0790525
2278 0.0826325
2279 0.0846575
2280 0.0883075
2281 0.0922675
2282 0.0936975
2283 0.0976925
2284 0.099645
2285 0.100688
2286 0.103335
2287 0.1045
2288 0.10499
2289 0.106173
2290 0.106232
2291 0.106317
2292 0.106028
2293 0.104158
2294 0.103232
2295 0.102722
2296 0.100947
2297 0.100385
2298 0.100745
2299 0.104275
2300 0.106305
2301 0.111058
2302 0.111323
2303 0.11083
2304 0.112368
2305 0.113137
2306 0.112245
2307 0.11139
2308 0.111048
2309 0.1106
2310 0.107837
2311 0.107492
2312 0.10798
2313 0.104783
2314 0.098355
2315 0.096865
2316 0.0920625
2317 0.0885225
2318 0.0868575
2319 0.0819575
2320 0.07776
2321 0.0762825
2322 0.072085
2323 0.070545
2324 0.069355
2325 0.06504
2326 0.0618225
2327 0.06093
2328 0.059865
2329 0.057865
2330 0.0560325
2331 0.053515
2332 0.0517525
2333 0.0498225
2334 0.046055
2335 0.0412025
2336 0.0413825
2337 0.03677
2338 0.033305
2339 0.0317975
2340 0.030215
2341 0.0289825
2342 0.027785
2343 0.0262
2344 0.0240625
2345 0.023885
2346 0.02229
2347 0.0198575
2348 0.01784
2349 0.01595
2350 0.01669
2351 0.0188
2352 0.0206975
2353 0.0206725
2354 0.020455
2355 0.019045
2356 0.0185475
2357 0.0184925
2358 0.0180525
2359 0.016965
2360 0.0161
2361 0.016125
2362 0.015955
2363 0.0160325
2364 0.0165175
2365 0.01639
2366 0.0161575
2367 0.016655
2368 0.0165175
2369 0.0166825
2370 0.0170325
2371 0.0168825
2372 0.0172925
2373 0.0177125
2374 0.017515
2375 0.017135
2376 0.01689
2377 0.016065
2378 0.0158475
2379 0.015795
2380 0.0149925
2381 0.01484
2382 0.013905
2383 0.016855
2384 0.0212675
2385 0.0341925
2386 0.049385
2387 0.056365
2388 0.0680625
2389 0.07795
2390 0.079025
2391 0.0805825
2392 0.08454
2393 0.0853075
2394 0.085345
2395 0.089665
2396 0.0892075
2397 0.0887425
2398 0.09006
2399 0.0898175
2400 0.0890675
2401 0.0886375
2402 0.08858
2403 0.0880875
2404 0.0881075
2405 0.08851
2406 0.0882825
2407 0.087755
2408 0.0870375
2409 0.0861925
2410 0.08289
2411 0.0825375
2412 0.0845525
2413 0.0807075
2414 0.0737075
2415 0.06815
2416 0.0609725
2417 0.0607825
2418 0.057015
2419 0.05102
2420 0.0481475
2421 0.040625
2422 0.0355475
2423 0.0326625
2424 0.0269275
2425 0.022355
2426 0.02018
2427 0.0155525
2428 0.0105775
2429 0.00836
2430 0.004285
2431 0.001545
2432 0.00103
2433 0.010225
2434 0.0230475
2435 0.0290675
2436 0.038575
2437 0.04519
2438 0.047525
2439 0.04897
2440 0.0515975
2441 0.0524875
2442 0.0546475
2443 0.0556075
2444 0.05594
2445 0.0567775
2446 0.05633
2447 0.056475
2448 0.0577225
2449 0.0583125
2450 0.058325
2451 0.057515
2452 0.0565275
2453 0.0564675
2454 0.05657
2455 0.056705
2456 0.0557625
2457 0.0551675
2458 0.05565
2459 0.0566325
2460 0.0554425
2461 0.0568525
2462 0.0566025
2463 0.05306
2464 0.04827
2465 0.0452625
2466 0.04076
2467 0.034825
2468 0.032345
2469 0.02851
2470 0.024965
2471 0.023155
2472 0.02019
2473 0.017575
2474 0.0162675
2475 0.01413
2476 0.014355
2477 0.0160525
2478 0.0178375
2479 0.0163825
2480 0.015845
2481 0.0156875
2482 0.017025
2483 0.01733
2484 0.0178425
2485 0.0180175
2486 0.0185075
2487 0.0189025
2488 0.019125
2489 0.01901
2490 0.019435
2491 0.0201475
2492 0.019865
2493 0.019925
2494 0.019755
2495 0.01961
2496 0.0199425
2497 0.02008
2498 0.02015
2499 0.02033
2500 0.0203975
2501 0.0201
2502 0.0199475
2503 0.02025
2504 0.0205125
2505 0.0205575
2506 0.020525
2507 0.02023
2508 0.02539
2509 0.0331625
2510 0.0380225
2511 0.04735
2512 0.0563525
2513 0.06074
2514 0.070905
2515 0.07569
2516 0.07562
2517 0.0759925
2518 0.0758325
2519 0.07644
2520 0.079745
2521 0.080045
2522 0.0809525
2523 0.08397
2524 0.085095
2525 0.0850925
2526 0.0868825
2527 0.0887425
2528 0.08969
2529 0.09186
2530 0.0921375
2531 0.091845
2532 0.0915775
2533 0.0913025
2534 0.0913175
2535 0.0912625
2536 0.09168
2537 0.0914275
2538 0.09233
2539 0.0926775
2540 0.0929275
2541 0.0908725
2542 0.08938
2543 0.08821
2544 0.08641
2545 0.088305
2546 0.08673
2547 0.08374
2548 0.0845775
2549 0.083725
2550 0.078205
2551 0.0731875
2552 0.07193
2553 0.0682525
2554 0.064855
2555 0.0625675
2556 0.0577725
2557 0.050785
2558 0.0486025
2559 0.0418575
2560 0.03608
2561 0.0337325
2562 0.0282675
2563 0.023405
2564 0.0206825
2565 0.0163875
2566 0.0120625
2567 0.00971
2568 0.006265
2569 0.0041725
2570 0.003485
2571 0.00237
2572 0.001645
2573 0.0015275
2574 0.00163
2575 0.0017075
2576 0.00169
2577 0.001725
2578 0.0016775
2579 0.00171
2580 0.0016775
2581 0.0016175
2582 0.001645
2583 0.0015625
2584 0.00156
2585 0.001525
2586 0.00211
2587 0.002035
2588 0.00202
2589 0.00188
2590 0.0018425
2591 0.001835
2592 0.0018525
2593 0.0018725
2594 0.0018225
2595 0.00185
2596 0.0018225
2597 0.0017725
2598 0.0017875
2599 0.00172
2600 0.0017
2601 0.00169
2602 0.00173
2603 0.001735
2604 0.0017375
2605 0.00176
2606 0.0017775
2607 0.0018675
2608 0.0019075
2609 0.0019125
2610 0.0019025
2611 0.0019875
2612 0.0018975
2613 0.0017925
2614 0.0017025
2615 0.001645
2616 0.00177
2617 0.0017575
2618 0.00176
2619 0.0016325
2620 0.0016775
2621 0.001715
2622 0.00176
2623 0.001805
2624 0.0019675
2625 0.008375
2626 0.01757
2627 0.0230675
2628 0.03266
2629 0.038565
2630 0.04274
2631 0.0467625
2632 0.048695
2633 0.04961
2634 0.052165
2635 0.0529575
2636 0.053675
2637 0.05887
2638 0.068615
2639 0.07359
2640 0.0839975
2641 0.0950625
2642 0.10032
2643 0.114808
2644 0.129587
2645 0.136112
2646 0.15251
2647 0.161582
2648 0.167947
2649 0.181625
2650 0.191348
2651 0.194977
2652 0.20829
2653 0.211058
2654 0.211295
2655 0.21365
2656 0.21419
2657 0.214987
2658 0.2184
2659 0.219392
2660 0.218647
2661 0.221578
2662 0.219562
2663 0.218755
2664 0.213363
2665 0.209327
2666 0.20463
2667 0.198107
2668 0.19594
2669 0.19765
2670 0.196373
2671 0.196857
2672 0.196925
2673 0.195853
2674 0.200905
2675 0.21083
2676 0.205835
2677 0.206302
2678 0.205
2679 0.200007
2680 0.193162
2681 0.183522
2682 0.176833
2683 0.171765
2684 0.168655
2685 0.163445
2686 0.155335
2687 0.153793
2688 0.15136
2689 0.145785
2690 0.146095
2691 0.13914
2692 0.134298
2693 0.13228
2694 0.12772
2695 0.121948
2696 0.11874
2697 0.112115
2698 0.106377
2699 0.103645
2700 0.099625
2701 0.0941925
2702 0.0906925
2703 0.084985
2704 0.07917
2705 0.0766275
2706 0.07195
2707 0.06793
2708 0.0662425
2709 0.06385
2710 0.06394
2711 0.06458
2712 0.0652675
2713 0.0655275
2714 0.0658125
2715 0.066415
2716 0.0667825
2717 0.066425
2718 0.0665275
2719 0.066075
2720 0.0628975
2721 0.0630325
2722 0.063215
2723 0.0634725
2724 0.0633075
2725 0.0640075
2726 0.0638775
2727 0.065585
2728 0.07134
2729 0.07482
2730 0.0825025
2731 0.08946
2732 0.0931
2733 0.099585
2734 0.103157
2735 0.10322
2736 0.107557
2737 0.110895
2738 0.111965
2739 0.11194
2740 0.113443
2741 0.11343
2742 0.11403
2743 0.114785
2744 0.115498
2745 0.11624
2746 0.117065
2747 0.117995
2748 0.11933
2749 0.12192
2750 0.123097
2751 0.12376
2752 0.123938
2753 0.124345
2754 0.124815
2755 0.126665
2756 0.126895
2757 0.12806
2758 0.127515
2759 0.127873
2760 0.128578
2761 0.129507
2762 0.130282
2763 0.13047
2764 0.130883
2765 0.131967
2766 0.13226
2767 0.132835
2768 0.133628
2769 0.133815
2770 0.133545
2771 0.133887
2772 0.133898
2773 0.13503
2774 0.135492
2775 0.135398
2776 0.135697
2777 0.13579
2778 0.13695
2779 0.138373
2780 0.13859
2781 0.13999
2782 0.141775
2783 0.14279
2784 0.141955
2785 0.14148
2786 0.142565
2787 0.141712
2788 0.140692
2789 0.141692
2790 0.142298
2791 0.14269
2792 0.143072
2793 0.14278
2794 0.142685
2795 0.142477
2796 0.142725
2797 0.142662
2798 0.142595
2799 0.14266
2800 0.142388
2801 0.142267
2802 0.14239
2803 0.142267
2804 0.142097
2805 0.142007
2806 0.142437
2807 0.142253
2808 0.142992
2809 0.14291
2810 0.142872
2811 0.142765
2812 0.142607
2813 0.143077
2814 0.14381
2815 0.143365
2816 0.143437
2817 0.143842
2818 0.143905
2819 0.14381
2820 0.144188
2821 0.14418
2822 0.14442
2823 0.144647
2824 0.144337
2825 0.144337
2826 0.14434
2827 0.143832
2828 0.143882
2829 0.14339
2830 0.143107
2831 0.143222
2832 0.142917
2833 0.14308
2834 0.14341
2835 0.143407
2836 0.146455
2837 0.146822
2838 0.146905
2839 0.146813
2840 0.14675
2841 0.146558
2842 0.145867
2843 0.145705
2844 0.144717
2845 0.14459
2846 0.144535
2847 0.14464
2848 0.14479
2849 0.144933
2850 0.145475
2851 0.145937
2852 0.145658
2853 0.145793
2854 0.14583
2855 0.146067
2856 0.14618
2857 0.146123
2858 0.146323
2859 0.146653
2860 0.146675
2861 0.145427
2862 0.14582
2863 0.145907
2864 0.14608
2865 0.146735
2866 0.146975
2867 0.147092
2868 0.147885
2869 0.148527
2870 0.149415
2871 0.149987
2872 0.150057
2873 0.150232
2874 0.14988
2875 0.14957
2876 0.149467
2877 0.148498
2878 0.148902
2879 0.149552
2880 0.152482
2881 0.155527
2882 0.15663
2883 0.158772
2884 0.159462
2885 0.159862
2886 0.161593
2887 0.16208
2888 0.162177
2889 0.162305
2890 0.163225
2891 0.163252
2892 0.162665
2893 0.161113
2894 0.160913
2895 0.158865
2896 0.158703
2897 0.15896
2898 0.158755
2899 0.158145
2900 0.15879
2901 0.157958
2902 0.158048
2903 0.157885
2904 0.15724
2905 0.156597
2906 0.156395
2907 0.156475
2908 0.156795
2909 0.15708
2910 0.156657
2911 0.155792
2912 0.155502
2913 0.15525
2914 0.155257
2915 0.15545
2916 0.155277
2917 0.154975
2918 0.154682
2919 0.153928
2920 0.153785
2921 0.15378
2922 0.154002
2923 0.1546
2924 0.154537
2925 0.154875
2926 0.154415
2927 0.154037
2928 0.154707
2929 0.155467
2930 0.155922
2931 0.15829
2932 0.159252
2933 0.160067
2934 0.161012
2935 0.161327
2936 0.162772
2937 0.162608
2938 0.163243
2939 0.163373
2940 0.164353
2941 0.165123
2942 0.165585
2943 0.165655
2944 0.166353
2945 0.16699
2946 0.169173
2947 0.172315
2948 0.173545
2949 0.176572
2950 0.180142
2951 0.181863
2952 0.185942
2953 0.18866
2954 0.189405
2955 0.19341
2956 0.197908
2957 0.200342
2958 0.206632
2959 0.212218
2960 0.218013
2961 0.232288
2962 0.236928
2963 0.239308
2964 0.246915
2965 0.253005
2966 0.255977
2967 0.262958
2968 0.27296
2969 0.279165
2970 0.288268
2971 0.295598
2972 0.29886
2973 0.309532
2974 0.321792
2975 0.327287
2976 0.333077
2977 0.342202
2978 0.345415
2979 0.351545
2980 0.355992
2981 0.359923
2982 0.37357
2983 0.385323
2984 0.394448
2985 0.401565
2986 0.44431
2987 0.445062
2988 0.447672
2989 0.451325
2990 0.462215
2991 0.487065
2992 0.508153
2993 0.521343
2994 0.541712
2995 0.557457
2996 0.564638
2997 0.578155
2998 0.633543
2999 0.66766
3000 0.718273
3001 0.750815
3002 0.770785
3003 0.79155
3004 0.805902
3005 0.816267
3006 0.82918
3007 0.833958
3008 0.83718
3009 0.838902
3010 0.83849
3011 0.888413
3012 0.884995
3013 0.882975
3014 0.883362
3015 0.882885
3016 0.886267
3017 0.891265
3018 0.892655
3019 0.894975
3020 0.899047
3021 0.899548
3022 0.899548
3023 0.900285
3024 0.901095
3025 0.901025
3026 0.900218
3027 0.900875
3028 0.901602
3029 0.90214
3030 0.903393
3031 0.904113
3032 0.905045
3033 0.90401
3034 0.904537
3035 0.904395
3036 0.907508
3037 0.907625
3038 0.9078
3039 0.907887
3040 0.907195
3041 0.906262
3042 0.905957
3043 0.90554
3044 0.90511
3045 0.904918
3046 0.905062
3047 0.905037
3048 0.904395
3049 0.904005
3050 0.903552
3051 0.903867
3052 0.903692
3053 0.903445
3054 0.903253
3055 0.903205
3056 0.903312
3057 0.902188
3058 0.902157
3059 0.901853
3060 0.90031
3061 0.898755
3062 0.899142
3063 0.8989
3064 0.896872
3065 0.896035
3066 0.894993
3067 0.893425
3068 0.893075
3069 0.892837
3070 0.89284
3071 0.892483
3072 0.891938
3073 0.890682
3074 0.890883
3075 0.889367
3076 0.888197
3077 0.888427
3078 0.887317
3079 0.887482
3080 0.88727
3081 0.886918
3082 0.88663
3083 0.886853
3084 0.886148
3085 0.88579
3086 0.885785
3087 0.883355
3088 0.88211
3089 0.881452
3090 0.880252
3091 0.880173
3092 0.879915
3093 0.878782
3094 0.87623
3095 0.875398
3096 0.875688
3097 0.87503
3098 0.873927
3099 0.873645
3100 0.872617
3101 0.872787
3102 0.873905
3103 0.874368
3104 0.874232
3105 0.875298
3106 0.875727
3107 0.875372
3108 0.87558
3109 0.876107
3110 0.876402
3111 0.878248
3112 0.877885
3113 0.877703
3114 0.876308
3115 0.8761
3116 0.874902
3117 0.873735
3118 0.872603
3119 0.87227
3120 0.872003
3121 0.871742
3122 0.872005
3123 0.872805
3124 0.872593
3125 0.871987
3126 0.870433
3127 0.871352
3128 0.871195
3129 0.87062
3130 0.869838
3131 0.869465
3132 0.868088
3133 0.866745
3134 0.866175
3135 0.864653
3136 0.862695
3137 0.862573
3138 0.862353
3139 0.860633
3140 0.859343
3141 0.859413
3142 0.85879
3143 0.858387
3144 0.857592
3145 0.856085
3146 0.855007
3147 0.853905
3148 0.85347
3149 0.853537
3150 0.853635
3151 0.852727
3152 0.852437
3153 0.852383
3154 0.85251
3155 0.85258
3156 0.85224
3157 0.852385
3158 0.852105
3159 0.852328
3160 0.85215
3161 0.85194
3162 0.852017
3163 0.852417
3164 0.85258
3165 0.852705
3166 0.852953
3167 0.85309
3168 0.852688
3169 0.852505
3170 0.852427
3171 0.852525
3172 0.852785
3173 0.852398
3174 0.852557
3175 0.852488
3176 0.852387
3177 0.852137
3178 0.851627
3179 0.85143
3180 0.85088
3181 0.84908
3182 0.847908
3183 0.846688
3184 0.84689
3185 0.846988
3186 0.847922
3187 0.84712
3188 0.84646
3189 0.845738
3190 0.844672
3191 0.843978
3192 0.84268
3193 0.842267
3194 0.8416
3195 0.841222
3196 0.841385
3197 0.84148
3198 0.8414
3199 0.841203
3200 0.841305
3201 0.840865
3202 0.84092
3203 0.840967
3204 0.840985
3205 0.840932
3206 0.840985
3207 0.840847
3208 0.840883
3209 0.840828
3210 0.840755
3211 0.839093
3212 0.839187
3213 0.839195
3214 0.839597
3215 0.839772
3216 0.839342
3217 0.839193
3218 0.83901
3219 0.838945
3220 0.839307
3221 0.839115
3222 0.839155
3223 0.83918
3224 0.83925
3225 0.83894
3226 0.838635
3227 0.838565
3228 0.83806
3229 0.83754
3230 0.83748
3231 0.837525
3232 0.837592
3233 0.837472
3234 0.837157
3235 0.837152
3236 0.836802
3237 0.836845
3238 0.837072
3239 0.837278
3240 0.837135
3241 0.837082
3242 0.837188
3243 0.837055
3244 0.83718
3245 0.83702
3246 0.836925
3247 0.836878
3248 0.837117
3249 0.83691
3250 0.836943
3251 0.836952
3252 0.837495
3253 0.83805
3254 0.837825
3255 0.837645
3256 0.837877
3257 0.837852
3258 0.837985
3259 0.837595
3260 0.837517
3261 0.838078
3262 0.837875
3263 0.837618
3264 0.837938
3265 0.838147
3266 0.838135
3267 0.838655
3268 0.838372
3269 0.838283
3270 0.838222
3271 0.838077
3272 0.838045
3273 0.838055
3274 0.837947
3275 0.837905
3276 0.8378
3277 0.838028
3278 0.838
3279 0.837963
3280 0.837757
3281 0.838145
3282 0.838355
3283 0.838505
3284 0.838433
3285 0.838477
3286 0.83852
3287 0.838635
3288 0.838668
3289 0.838987
3290 0.838782
3291 0.838787
3292 0.83882
3293 0.838982
3294 0.8387
3295 0.8385
3296 0.837835
3297 0.838622
3298 0.837898
3299 0.838125
3300 0.83793
3301 0.838205
3302 0.838335
3303 0.838278
3304 0.83838
3305 0.83844
3306 0.838003
3307 0.838045
3308 0.838082
3309 0.83833
3310 0.838477
3311 0.839877
3312 0.83961
3313 0.838738
3314 0.83831
3315 0.83837
3316 0.837613
3317 0.837775
3318 0.837555
3319 0.837742
3320 0.837203
3321 0.838207
3322 0.83824
3323 0.838313
3324 0.838313
3325 0.838333
3326 0.83839
3327 0.838515
3328 0.838577
3329 0.8388
3330 0.838825
3331 0.839067
3332 0.838873
3333 0.839158
3334 0.838825
3335 0.838647
3336 0.836845
3337 0.836827
3338 0.836425
3339 0.836973
3340 0.83681
3341 0.837002
3342 0.836795
3343 0.836632
3344 0.835932
3345 0.83594
3346 0.835762
3347 0.835205
3348 0.835082
3349 0.834618
3350 0.834678
3351 0.834373
3352 0.8346
3353 0.834702
3354 0.83539
3355 0.835768
3356 0.835627
3357 0.835973
3358 0.83624
3359 0.836355
3360 0.83663
3361 0.839053
3362 0.839345
3363 0.839697
3364 0.839878
3365 0.839935
3366 0.840395
3367 0.840455
3368 0.8404
3369 0.84079
3370 0.840892
3371 0.840838
3372 0.841358
3373 0.8413
3374 0.841097
3375 0.841055
3376 0.840995
3377 0.84103
3378 0.841145
3379 0.84128
3380 0.8413
3381 0.841178
3382 0.841087
3383 0.840898
3384 0.8409
3385 0.840875
3386 0.839855
3387 0.839778
3388 0.839762
3389 0.839567
3390 0.839498
3391 0.839105
3392 0.839305
3393 0.839303
3394 0.839227
3395 0.839067
3396 0.838888
3397 0.83874
3398 0.838698
3399 0.838572
3400 0.838888
3401 0.83886
3402 0.83892
3403 0.838915
3404 0.839047
3405 0.83901
3406 0.83915
3407 0.83902
3408 0.838958
3409 0.838805
3410 0.838867
3411 0.84029
3412 0.840363
3413 0.840348
3414 0.839665
3415 0.839745
3416 0.839675
3417 0.839515
3418 0.8394
3419 0.83942
3420 0.839515
3421 0.839325
3422 0.83966
3423 0.839765
3424 0.839798
3425 0.840027
3426 0.839823
3427 0.83988
3428 0.839912
3429 0.840292
3430 0.840405
3431 0.840477
3432 0.84036
3433 0.840255
3434 0.840315
3435 0.840165
3436 0.84181
3437 0.841685
3438 0.84136
3439 0.84116
3440 0.841285
3441 0.841538
3442 0.841692
3443 0.84156
3444 0.84145
3445 0.841315
3446 0.841445
3447 0.841527
3448 0.841503
3449 0.841522
3450 0.841537
3451 0.841853
3452 0.841948
3453 0.842377
3454 0.842602
3455 0.842593
3456 0.842805
3457 0.842788
3458 0.842755
3459 0.842942
3460 0.842903
3461 0.84327
3462 0.84366
3463 0.843418
3464 0.843163
3465 0.843295
3466 0.843277
3467 0.84348
3468 0.84345
3469 0.84357
3470 0.843765
3471 0.84354
3472 0.8436
3473 0.843545
3474 0.843427
3475 0.84357
3476 0.843745
3477 0.843747
3478 0.8436
3479 0.84351
3480 0.84359
3481 0.843623
3482 0.84344
3483 0.843512
3484 0.843498
3485 0.843503
3486 0.844035
3487 0.84401
3488 0.84383
3489 0.843612
3490 0.843618
3491 0.84373
3492 0.843833
3493 0.843793
3494 0.843727
3495 0.843785
3496 0.843657
3497 0.843583
3498 0.843708
3499 0.843552
3500 0.843668
3501 0.843785
3502 0.843615
3503 0.84365
3504 0.843607
3505 0.84373
3506 0.843618
3507 0.843537
3508 0.84349
3509 0.84339
3510 0.84351
3511 0.842952
3512 0.842655
3513 0.842597
3514 0.84281
3515 0.84283
3516 0.84282
3517 0.842823
3518 0.84299
3519 0.843067
3520 0.843013
3521 0.843207
3522 0.843073
3523 0.843255
3524 0.84337
3525 0.84353
3526 0.843407
3527 0.843222
3528 0.843125
3529 0.842912
3530 0.843183
3531 0.843282
3532 0.843373
3533 0.84325
3534 0.843335
3535 0.84333
3536 0.844598
3537 0.844447
3538 0.844757
3539 0.844397
3540 0.844522
3541 0.844298
3542 0.844322
3543 0.844443
3544 0.8441
3545 0.84417
3546 0.844092
3547 0.844087
3548 0.84395
3549 0.844018
3550 0.844122
3551 0.844013
3552 0.844007
3553 0.843873
3554 0.843943
3555 0.843867
3556 0.843897
3557 0.843883
3558 0.843683
3559 0.843782
3560 0.84387
3561 0.84393
3562 0.843678
3563 0.843613
3564 0.843695
3565 0.843815
3566 0.843967
3567 0.843885
3568 0.843885
3569 0.843943
3570 0.843197
3571 0.84296
3572 0.843195
3573 0.843167
3574 0.84326
3575 0.843027
3576 0.84295
3577 0.842958
3578 0.84279
3579 0.842935
3580 0.843073
3581 0.843175
3582 0.8431
3583 0.843097
3584 0.843045
3585 0.843032
3586 0.843047
3587 0.842992
3588 0.84335
3589 0.84344
3590 0.843228
3591 0.843277
3592 0.843368
3593 0.843682
3594 0.843605
3595 0.84286
3596 0.843017
3597 0.843117
3598 0.843038
3599 0.843022
3600 0.842935
3601 0.843298
3602 0.843388
3603 0.84325
3604 0.84335
3605 0.843463
3606 0.843597
3607 0.843662
3608 0.843555
3609 0.843475
3610 0.84335
3611 0.843315
3612 0.843237
3613 0.84333
3614 0.843035
3615 0.842958
3616 0.843062
3617 0.843113
3618 0.842895
3619 0.842758
3620 0.843068
3621 0.84271
3622 0.84292
3623 0.842853
3624 0.842608
3625 0.84254
3626 0.842375
3627 0.842292
3628 0.842607
3629 0.842362
3630 0.842222
3631 0.842328
3632 0.84215
3633 0.84221
3634 0.842473
3635 0.842707
3636 0.842532
3637 0.842353
3638 0.842188
3639 0.841947
3640 0.84185
3641 0.841782
3642 0.841845
3643 0.841885
3644 0.842015
3645 0.841785
3646 0.8415
3647 0.841693
3648 0.841417
3649 0.841023
3650 0.84069
3651 0.840522
3652 0.840298
3653 0.840572
3654 0.840597
3655 0.84063
3656 0.840952
3657 0.841077
3658 0.841272
3659 0.841458
3660 0.84141
3661 0.841365
3662 0.841257
3663 0.841203
3664 0.841297
3665 0.841255
3666 0.84132
3667 0.841243
3668 0.84136
3669 0.841427
3670 0.842335
3671 0.842805
3672 0.842518
3673 0.842415
3674 0.842152
3675 0.842205
3676 0.842543
3677 0.842395
3678 0.842495
3679 0.842497
3680 0.842882
3681 0.843415
3682 0.843213
3683 0.843467
3684 0.843687
3685 0.843605
3686 0.84366
3687 0.843738
3688 0.843808
3689 0.843653
3690 0.843622
3691 0.843638
3692 0.843527
3693 0.84355
3694 0.843535
3695 0.843108
3696 0.84319
3697 0.843295
3698 0.843315
3699 0.843348
3700 0.84317
3701 0.843102
3702 0.843303
3703 0.843208
3704 0.84315
3705 0.84337
3706 0.843305
3707 0.843115
3708 0.8432
3709 0.843265
3710 0.843002
3711 0.843277
3712 0.843405
3713 0.843122
3714 0.84323
3715 0.843237
3716 0.843293
3717 0.843012
3718 0.84336
3719 0.843038
3720 0.843515
3721 0.843692
3722 0.843685
3723 0.844
3724 0.844212
3725 0.844445
3726 0.844167
3727 0.844328
3728 0.843823
3729 0.84347
3730 0.84352
3731 0.84355
3732 0.84372
3733 0.84357
3734 0.843712
3735 0.843893
3736 0.843905
3737 0.843945
3738 0.844358
3739 0.844235
3740 0.84437
3741 0.84478
3742 0.844858
3743 0.845178
3744 0.845015
3745 0.845417
3746 0.845452
3747 0.84529
3748 0.84537
3749 0.845575
3750 0.845255
3751 0.845265
3752 0.845405
3753 0.845217
3754 0.845477
3755 0.845217
3756 0.845317
3757 0.845278
3758 0.845035
3759 0.845128
3760 0.84506
3761 0.844762
3762 0.844452
3763 0.844135
3764 0.84448
3765 0.843872
3766 0.84407
3767 0.843603
3768 0.842862
3769 0.84236
3770 0.842743
3771 0.843125
3772 0.84306
3773 0.843505
3774 0.844053
3775 0.84427
3776 0.844475
3777 0.844828
3778 0.84503
3779 0.84491
3780 0.845162
3781 0.845455
3782 0.845307
3783 0.845093
3784 0.845092
3785 0.845113
3786 0.845055
3787 0.844912
3788 0.844893
3789 0.84486
3790 0.844668
3791 0.844565
3792 0.84448
3793 0.844392
3794 0.844362
3795 0.844483
3796 0.844387
3797 0.84423
3798 0.84398
3799 0.84392
3800 0.84366
3801 0.843067
3802 0.842638
3803 0.841735
3804 0.840735
3805 0.840548
3806 0.840098
3807 0.839363
3808 0.838758
3809 0.838448
3810 0.838637
3811 0.839055
3812 0.839162
3813 0.839307
3814 0.839418
3815 0.839492
3816 0.839225
3817 0.839287
3818 0.839597
3819 0.840157
3820 0.844945
3821 0.845197
3822 0.844947
3823 0.844963
3824 0.845
3825 0.844985
3826 0.84484
3827 0.844762
3828 0.844785
3829 0.844935
3830 0.844915
3831 0.8452
3832 0.845162
3833 0.845135
3834 0.845162
3835 0.845025
3836 0.845215
3837 0.845093
3838 0.84495
3839 0.844782
3840 0.844685
3841 0.84468
3842 0.844577
3843 0.84452
3844 0.844615
3845 0.84351
3846 0.84342
3847 0.843415
3848 0.843645
3849 0.8434
3850 0.843335
3851 0.843485
3852 0.843528
3853 0.843413
3854 0.843497
3855 0.843415
3856 0.843457
3857 0.843492
3858 0.843082
3859 0.842902
3860 0.84301
3861 0.843303
3862 0.843205
3863 0.843355
3864 0.843243
3865 0.843285
3866 0.843427
3867 0.843253
3868 0.843303
3869 0.843205
3870 0.844368
3871 0.84436
3872 0.844463
3873 0.844213
3874 0.84422
3875 0.844352
3876 0.844642
3877 0.84474
3878 0.844723
3879 0.844775
3880 0.84494
3881 0.845137
3882 0.844758
3883 0.844223
3884 0.844193
3885 0.844273
3886 0.84448
3887 0.844035
3888 0.84393
3889 0.84385
3890 0.84425
3891 0.84395
3892 0.843935
3893 0.844015
3894 0.843925
3895 0.844657
3896 0.844915
3897 0.845517
3898 0.845693
3899 0.845557
3900 0.84602
3901 0.84589
3902 0.84543
3903 0.845677
3904 0.845593
3905 0.845203
3906 0.845425
3907 0.845222
3908 0.845107
3909 0.84497
3910 0.844988
3911 0.84507
3912 0.844605
3913 0.844598
3914 0.844505
3915 0.84435
3916 0.84424
3917 0.844165
3918 0.844325
3919 0.844435
3920 0.844925
3921 0.84515
3922 0.845148
3923 0.844717
3924 0.844938
3925 0.844923
3926 0.84472
3927 0.844725
3928 0.844778
3929 0.844618
3930 0.844363
3931 0.844407
3932 0.844245
3933 0.844727
3934 0.844683
3935 0.844535
3936 0.844698
3937 0.844527
3938 0.84476
3939 0.84465
3940 0.844507
3941 0.844645
3942 0.844495
3943 0.844428
3944 0.844398
3945 0.846137
3946 0.846132
3947 0.845755
3948 0.845735
3949 0.84555
3950 0.845585
3951 0.845445
3952 0.845515
3953 0.845298
3954 0.845335
3955 0.845183
3956 0.845208
3957 0.845325
3958 0.845257
3959 0.845667
3960 0.845823
3961 0.845968
3962 0.845715
3963 0.84579
3964 0.84543
3965 0.84531
3966 0.845465
3967 0.845485
3968 0.845278
3969 0.84534
3970 0.846867
3971 0.846805
3972 0.846485
3973 0.846442
3974 0.84602
3975 0.84584
3976 0.84577
3977 0.8457
3978 0.8455
3979 0.845545
3980 0.845473
3981 0.84497
3982 0.844997
3983 0.84404
3984 0.844702
3985 0.844105
3986 0.843823
3987 0.843913
3988 0.843592
3989 0.844372
3990 0.844642
3991 0.84498
3992 0.845145
3993 0.84487
3994 0.844785
3995 0.846747
3996 0.84662
3997 0.846507
3998 0.846213
3999 0.846135
4000 0.846132
4001 0.846485
4002 0.84621
4003 0.84615
4004 0.845908
4005 0.845675
4006 0.84558
4007 0.84546
4008 0.845503
4009 0.845332
4010 0.845135
4011 0.845058
4012 0.84519
4013 0.845273
4014 0.84525
4015 0.845215
4016 0.845195
4017 0.845005
4018 0.844832
4019 0.844863
4020 0.845917
4021 0.846145
4022 0.84607
4023 0.846065
4024 0.846265
4025 0.846072
4026 0.846368
4027 0.846042
4028 0.845918
4029 0.845645
4030 0.845528
4031 0.845607
4032 0.845725
4033 0.845527
4034 0.845502
4035 0.845657
4036 0.845485
4037 0.845338
4038 0.845265
4039 0.84529
4040 0.84522
4041 0.84542
4042 0.84533
4043 0.8454
4044 0.845515
4045 0.845867
4046 0.845885
4047 0.845882
4048 0.846135
4049 0.84576
4050 0.845677
4051 0.845757
4052 0.84575
4053 0.84551
4054 0.84572
4055 0.845648
4056 0.845628
4057 0.845473
4058 0.845425
4059 0.84531
4060 0.845418
4061 0.84532
4062 0.845205
4063 0.845047
4064 0.845263
4065 0.84545
4066 0.845582
4067 0.845883
4068 0.846108
4069 0.846342
4070 0.845257
4071 0.845492
4072 0.845268
4073 0.844855
4074 0.84454
4075 0.844762
4076 0.844695
4077 0.84491
4078 0.844815
4079 0.844867
4080 0.84493
4081 0.844743
4082 0.844782
4083 0.844755
4084 0.844707
4085 0.84483
4086 0.844845
4087 0.844973
4088 0.84498
4089 0.844942
4090 0.845153
4091 0.84532
4092 0.84536
4093 0.844945
4094 0.844777
4095 0.846873
4096 0.846832
4097 0.846468
4098 0.846498
4099 0.846695
4100 0.84663
4101 0.846897
4102 0.846872
4103 0.84658
4104 0.846378
4105 0.846358
4106 0.84599
4107 0.845895
4108 0.84587
4109 0.845978
4110 0.84619
4111 0.84648
4112 0.846515
4113 0.846408
4114 0.846122
4115 0.84613
4116 0.846257
4117 0.846435
4118 0.84666
4119 0.846825
4120 0.848085
4121 0.847958
4122 0.847637
4123 0.847632
4124 0.84786
4125 0.847832
4126 0.847753
4127 0.847583
4128 0.847642
4129 0.847832
4130 0.847885
4131 0.847768
4132 0.84766
4133 0.847662
4134 0.847667
4135 0.847648
4136 0.847548
4137 0.84742
4138 0.847007
4139 0.847075
4140 0.846775
4141 0.846583
4142 0.84675
4143 0.846963
4144 0.846688
4145 0.847703
4146 0.84711
4147 0.84731
4148 0.846997
4149 0.84623
4150 0.845595
4151 0.845243
4152 0.844905
4153 0.844612
4154 0.84396
4155 0.843608
4156 0.843635
4157 0.843587
4158 0.843335
4159 0.842952
4160 0.842923
4161 0.84298
4162 0.843217
4163 0.843477
4164 0.843512
4165 0.84346
4166 0.843402
4167 0.843785
4168 0.844485
4169 0.843387
4170 0.845008
4171 0.84479
4172 0.845145
4173 0.8458
4174 0.845757
4175 0.846025
4176 0.846425
4177 0.847067
4178 0.847607
4179 0.847627
4180 0.847665
4181 0.848167
4182 0.849102
4183 0.848873
4184 0.84927
4185 0.849683
4186 0.850663
4187 0.85273
4188 0.852788
4189 0.854718
4190 0.856335
4191 0.85764
4192 0.858628
4193 0.859455
4194 0.859918
4195 0.861007
4196 0.85971
4197 0.860988
4198 0.86086
4199 0.860123
4200 0.860148
4201 0.860108
4202 0.859075
4203 0.858903
4204 0.859237
4205 0.85943
4206 0.860268
4207 0.861855
4208 0.86147
4209 0.862478
4210 0.863322
4211 0.862633
4212 0.863418
4213 0.8642
4214 0.86544
4215 0.86589
4216 0.867267
4217 0.868388
4218 0.86954
4219 0.87002
4220 0.869897
4221 0.87057
4222 0.872903
4223 0.87436
4224 0.87457
4225 0.875648
4226 0.876553
4227 0.877087
4228 0.87894
4229 0.880637
4230 0.88282
4231 0.885173
4232 0.885695
4233 0.887338
4234 0.890685
4235 0.89248
4236 0.89381
4237 0.89698
4238 0.89838
4239 0.898235
4240 0.897608
4241 0.895232
4242 0.894347
4243 0.891833
4244 0.889383
4245 0.887742
4246 0.885235
4247 0.88487
4248 0.885425
4249 0.883192
4250 0.879462
4251 0.877895
4252 0.876207
4253 0.876217
4254 0.875865
4255 0.877
4256 0.875355
4257 0.875105
4258 0.876685
4259 0.877632
4260 0.877352
4261 0.87736
4262 0.877948
4263 0.877578
4264 0.88151
4265 0.885015
4266 0.88592
4267 0.889895
4268 0.893643
4269 0.894273
4270 0.896212
4271 0.89791
4272 0.899792
4273 0.901115
4274 0.902445
4275 0.903862
4276 0.903203
4277 0.903738
4278 0.90429
4279 0.905018
4280 0.907345
4281 0.90672
4282 0.908015
4283 0.908035
4284 0.9075
4285 0.909265
4286 0.911195
4287 0.911633
4288 0.91361
4289 0.914765
4290 0.91504
4291 0.913477
4292 0.914355
4293 0.910048
4294 0.905975
4295 0.896468
4296 0.896132
4297 0.89245
4298 0.891415
4299 0.890822
4300 0.889265
4301 0.889632
4302 0.89027
4303 0.890338
4304 0.890408
4305 0.890888
4306 0.889445
4307 0.888348
4308 0.88746
4309 0.88496
4310 0.884275
4311 0.883318
4312 0.88127
4313 0.87933
4314 0.880182
4315 0.879703
4316 0.877718
4317 0.8779
4318 0.868592
4319 0.864077
4320 0.862605
4321 0.8617
4322 0.861813
4323 0.85473
4324 0.84142
4325 0.83285
4326 0.833912
4327 0.827235
4328 0.80383
4329 0.796035
4330 0.7847
4331 0.781693
4332 0.78028
4333 0.776713
4334 0.77215
4335 0.771085
4336 0.76773
4337 0.765775
4338 0.766238
4339 0.765175
4340 0.765455
4341 0.764662
4342 0.764658
4343 0.767817
4344 0.76798
4345 0.74031
4346 0.741335
4347 0.743252
4348 0.744955
4349 0.747357
4350 0.747635
4351 0.74939
4352 0.748298
4353 0.74726
4354 0.747513
4355 0.74584
4356 0.744553
4357 0.741675
4358 0.738297
4359 0.73785
4360 0.73444
4361 0.731023
4362 0.729592
4363 0.727837
4364 0.726815
4365 0.72597
4366 0.726772
4367 0.724413
4368 0.72382
4369 0.720737
4370 0.7155
4371 0.71681
4372 0.721005
4373 0.718747
4374 0.719715
4375 0.717685
4376 0.71998
4377 0.722557
4378 0.725198
4379 0.69316
4380 0.691028
4381 0.698175
4382 0.698115
4383 0.69816
4384 0.69327
4385 0.689633
4386 0.6886
4387 0.68507
4388 0.67676
4389 0.674925
4390 0.670552
4391 0.66422
4392 0.664352
4393 0.657162
4394 0.62771
4395 0.623877
4396 0.620833
4397 0.614945
4398 0.611052
4399 0.60376
4400 0.596713
4401 0.594315
4402 0.586562
4403 0.578742
4404 0.574397
4405 0.5658
4406 0.55911
4407 0.553763
4408 0.547622
4409 0.530805
4410 0.530087
4411 0.527858
4412 0.521047
4413 0.51791
4414 0.531997
4415 0.535593
4416 0.535948
4417 0.55468
4418 0.562078
4419 0.563635
4420 0.56462
4421 0.590363
4422 0.593788
4423 0.594592
4424 0.607345
4425 0.61234
4426 0.616545
4427 0.61372
4428 0.615607
4429 0.617407
4430 0.61606
4431 0.615417
4432 0.613942
4433 0.616585
4434 0.615165
4435 0.611085
4436 0.605055
4437 0.604007
4438 0.600237
4439 0.59529
4440 0.59311
4441 0.594205
4442 0.598507
4443 0.600298
4444 0.601372
4445 0.597308
4446 0.603272
4447 0.611725
4448 0.616385
4449 0.62213
4450 0.624937
4451 0.625565
4452 0.623687
4453 0.618435
4454 0.617497
4455 0.615805
4456 0.615405
4457 0.61345
4458 0.616328
4459 0.616758
4460 0.616425
4461 0.61812
4462 0.622085
4463 0.624247
4464 0.623518
4465 0.62882
4466 0.629147
4467 0.633147
4468 0.640575
4469 0.646313
4470 0.643722
4471 0.654665
4472 0.66145
4473 0.668165
4474 0.682975
4475 0.69123
4476 0.680205
4477 0.68066
4478 0.683078
4479 0.661053
4480 0.658552
4481 0.662658
4482 0.664077
4483 0.627458
4484 0.62753
4485 0.625665
4486 0.623245
4487 0.594045
4488 0.592398
4489 0.592155
4490 0.592255
4491 0.592372
4492 0.595975
4493 0.59602
4494 0.594705
4495 0.591405
4496 0.597908
4497 0.600983
4498 0.60678
4499 0.612095
4500 0.615638
4501 0.62435
4502 0.629557
4503 0.633648
4504 0.660027
4505 0.676427
4506 0.679168
4507 0.701255
4508 0.709562
4509 0.71216
4510 0.74055
4511 0.74991
4512 0.75412
4513 0.774892
4514 0.786055
4515 0.793565
4516 0.820595
4517 0.832555
4518 0.837203
4519 0.84393
4520 0.856015
4521 0.858522
4522 0.86244
4523 0.8648
4524 0.865582
4525 0.878295
4526 0.883553
4527 0.885852
4528 0.89167
4529 0.900815
4530 0.903892
4531 0.907145
4532 0.909992
4533 0.911157
4534 0.91324
4535 0.915727
4536 0.917325
4537 0.918313
4538 0.91999
4539 0.92054
4540 0.920297
4541 0.921598
4542 0.921885
4543 0.922582
4544 0.922745
4545 0.924562
4546 0.922715
4547 0.919162
4548 0.91575
4549 0.913822
4550 0.912258
4551 0.909333
4552 0.904332
4553 0.90246
4554 0.899938
4555 0.895525
4556 0.892995
4557 0.89176
4558 0.880025
4559 0.869395
4560 0.866727
4561 0.858705
4562 0.853597
4563 0.85109
4564 0.848907
4565 0.8075
4566 0.805932
4567 0.801457
4568 0.805498
4569 0.804892
4570 0.801542
4571 0.745525
4572 0.744885
4573 0.742505
4574 0.732345
4575 0.7281
4576 0.72231
4577 0.718055
4578 0.711727
4579 0.705945
4580 0.699553
4581 0.697543
4582 0.690345
4583 0.69065
4584 0.688875
4585 0.68889
4586 0.688538
4587 0.69051
4588 0.694295
4589 0.694468
4590 0.696527
4591 0.698712
4592 0.720622
4593 0.73029
4594 0.743578
4595 0.749387
4596 0.753772
4597 0.757985
4598 0.757755
4599 0.756437
4600 0.758382
4601 0.757797
4602 0.757027
4603 0.753653
4604 0.75403
4605 0.750605
4606 0.751483
4607 0.750872
4608 0.749712
4609 0.74905
4610 0.748955
4611 0.746805
4612 0.751193
4613 0.750375
4614 0.750243
4615 0.747807
4616 0.746487
4617 0.743783
4618 0.74126
4619 0.739858
4620 0.70949
4621 0.705067
4622 0.701488
4623 0.701768
4624 0.60844
4625 0.599742
4626 0.59419
4627 0.585675
4628 0.576507
4629 0.569815
4630 0.569577
4631 0.574183
4632 0.577967
4633 0.577375
4634 0.586245
4635 0.590145
4636 0.590773
4637 0.593295
4638 0.597227
4639 0.62814
4640 0.650562
4641 0.659465
4642 0.674272
4643 0.688312
4644 0.694033
4645 0.70612
4646 0.714792
4647 0.71787
4648 0.721043
4649 0.721992
4650 0.722387
4651 0.722862
4652 0.72538
4653 0.727465
4654 0.732312
4655 0.731907
4656 0.733683
4657 0.73058
4658 0.731145
4659 0.729362
4660 0.692917
4661 0.687765
4662 0.68099
4663 0.673915
4664 0.672043
4665 0.665662
4666 0.660092
4667 0.65669
4668 0.65613
4669 0.653465
4670 0.624568
4671 0.62941
4672 0.633873
4673 0.63248
4674 0.631387
4675 0.629757
4676 0.56487
4677 0.56043
4678 0.557278
4679 0.55499
4680 0.50181
4681 0.482027
4682 0.46914
4683 0.46089
4684 0.449483
4685 0.39933
4686 0.39453
4687 0.380112
4688 0.377088
4689 0.375127
4690 0.372345
4691 0.371138
4692 0.373105
4693 0.37321
4694 0.370337
4695 0.370293
4696 0.37042
4697 0.365965
4698 0.37084
4699 0.372973
4700 0.37986
4701 0.378388
4702 0.380402
4703 0.38485
4704 0.385373
4705 0.389225
4706 0.392445
4707 0.394523
4708 0.392775
4709 0.394072
4710 0.392445
4711 0.410942
4712 0.429648
4713 0.434727
4714 0.471448
4715 0.484368
4716 0.489165
4717 0.506962
4718 0.536435
4719 0.54922
4720 0.57524
4721 0.579233
4722 0.583675
4723 0.58171
4724 0.583425
4725 0.589515
4726 0.58293
4727 0.58786
4728 0.591315
4729 0.585857
4730 0.555462
4731 0.551555
4732 0.543422
4733 0.543327
4734 0.54063
4735 0.533367
4736 0.52752
4737 0.52011
4738 0.512215
4739 0.49751
4740 0.495908
4741 0.48369
4742 0.472052
4743 0.468575
4744 0.462075
4745 0.445885
4746 0.41492
4747 0.405927
4748 0.397105
4749 0.392335
4750 0.360023
4751 0.34873
4752 0.34428
4753 0.331085
4754 0.306785
4755 0.302377
4756 0.29026
4757 0.280882
4758 0.278542
4759 0.26727
4760 0.25264
4761 0.246487
4762 0.23639
4763 0.227148
4764 0.22239
4765 0.210423
4766 0.1973
4767 0.19037
4768 0.178623
4769 0.1718
4770 0.167413
4771 0.156418
4772 0.147565
4773 0.143547
4774 0.135508
4775 0.126808
4776 0.121702
4777 0.109725
4778 0.09915
4779 0.095645
4780 0.0871875
4781 0.0791025
4782 0.0767775
4783 0.071815
4784 0.0656925
4785 0.0620425
4786 0.05378
4787 0.0475575
4788 0.0445625
4789 0.03809
4790 0.0302775
4791 0.0270875
4792 0.0210325
4793 0.0169
4794 0.0155475
4795 0.0121375
4796 0.0086275
4797 0.007225
4798 0.004505
4799 0.00205
4800 0.000965
4801 0.00072
4802 0.000625
4803 0.0005675
4804 0.0005175
4805 0.000505
4806 0.0004975
4807 0.0004875
4808 0.0004775
4809 0.000415
4810 0.0003725
4811 0.0002975
4812 0.000295
4813 0.000285
4814 0.000265
4815 0.0002975
4816 0.0003425
4817 0.000365
4818 0.0003575
4819 0.0003075
4820 0.000395
4821 0.0004025
4822 0.000355
4823 0.0003025
4824 0.00028
4825 0.0002675
4826 0.00028
4827 0.00024
4828 0.0002175
4829 0.0001925
4830 0.000195
4831 0.00019
4832 0.0002025
4833 0.0001825
4834 0.00224
4835 0.0022775
4836 0.002035
4837 0.0020475
4838 0.002135
4839 0.00221
4840 0.0025125
4841 0.0025075
4842 0.0024975
4843 0.0025775
4844 0.002675
4845 0.00301
4846 0.00294
4847 0.0029025
4848 0.0028725
4849 0.0030225
4850 0.00298
4851 0.0030525
4852 0.0031275
4853 0.00315
4854 0.0030925
4855 0.003475
4856 0.0035325
4857 0.003445
4858 0.00345
4859 0.0035175
4860 0.0034025
4861 0.0033775
4862 0.00343
4863 0.00333
4864 0.0030125
4865 0.003
4866 0.00265
4867 0.002625
4868 0.002505
4869 0.00252
4870 0.002675
4871 0.002435
4872 0.0023725
4873 0.0021625
4874 0.002135
4875 0.0019825
4876 0.001905
4877 0.0019475
4878 0.0018125
4879 0.0017775
4880 0.001745
4881 0.0015525
4882 0.00165
4883 0.001655
4884 0.0017625
4885 0.001965
4886 0.00184
4887 0.0020225
4888 0.00199
4889 0.001825
4890 0.0017475
4891 0.00178
4892 0.0017275
4893 0.001745
4894 0.0016325
4895 0.0014475
4896 0.0013325
4897 0.001105
4898 0.00088
4899 0.0006175
4900 0.0004975
4901 0.00049
4902 0.0003975
4903 0.00034
4904 0.00026
4905 0.00024
4906 0.0002275
4907 0.00023
4908 0.0001825
4909 0.00014
4910 0.000135
4911 0.0001325
4912 0.0001325
4913 0.000125
4914 0.00012
4915 0.0001175
4916 0.0003525
4917 0.0111875
4918 0.02358
4919 0.0298375
4920 0.0386975
4921 0.044585
4922 0.046015
4923 0.04803
4924 0.050855
4925 0.0517125
4926 0.0596
4927 0.0708875
4928 0.078295
4929 0.0907475
4930 0.102225
4931 0.107205
4932 0.115125
4933 0.117633
4934 0.118825
4935 0.12004
4936 0.12373
4937 0.1246
4938 0.12455
4939 0.132895
4940 0.13314
4941 0.133312
4942 0.13222
4943 0.132335
4944 0.132938
4945 0.13318
4946 0.131665
4947 0.13262
4948 0.134313
4949 0.13264
4950 0.127598
4951 0.121802
4952 0.118887
4953 0.114472
4954 0.10923
4955 0.107328
4956 0.0986975
4957 0.094825
4958 0.093
4959 0.090165
4960 0.0867375
4961 0.0854725
4962 0.083205
4963 0.0783475
4964 0.0748225
4965 0.067145
4966 0.0634475
4967 0.0652675
4968 0.0693625
4969 0.07555
4970 0.0791725
4971 0.084755
4972 0.08964
4973 0.09343
4974 0.10114
4975 0.108832
4976 0.112
4977 0.116835
4978 0.118383
4979 0.11807
4980 0.11584
4981 0.11325
4982 0.113288
4983 0.11227
4984 0.11171
4985 0.113165
4986 0.113895
4987 0.112535
4988 0.11307
4989 0.111077
4990 0.110805
4991 0.110312
4992 0.110567
4993 0.109157
4994 0.109405
4995 0.108065
4996 0.107578
4997 0.10655
4998 0.108505
4999 0.109232
5000 0.108065
5001 0.104728
5002 0.09968
5003 0.097675
5004 0.0940775
5005 0.091095
5006 0.0892925
5007 0.08773
5008 0.086885
5009 0.08553
5010 0.081035
5011 0.0771025
5012 0.073725
5013 0.0658825
5014 0.0594725
5015 0.0563425
5016 0.050385
5017 0.0445
5018 0.0408625
5019 0.033105
5020 0.0310675
5021 0.030455
5022 0.03177
5023 0.0298625
5024 0.0289175
5025 0.0269025
5026 0.024395
5027 0.023355
5028 0.020455
5029 0.018215
5030 0.016945
5031 0.01633
5032 0.0163075
5033 0.0164325
5034 0.0168975
5035 0.0171525
5036 0.0176075
5037 0.017665
5038 0.017935
5039 0.018155
5040 0.01843
5041 0.01819
5042 0.018385
5043 0.0185025
5044 0.0187525
5045 0.0184875
5046 0.018805
5047 0.020125
5048 0.0214725
5049 0.02479
5050 0.02776
5051 0.030465
5052 0.036225
5053 0.0433825
5054 0.046965
5055 0.0538325
5056 0.06142
5057 0.065345
5058 0.0734225
5059 0.088045
5060 0.09288
5061 0.101932
5062 0.111215
5063 0.120905
5064 0.133835
5065 0.147838
5066 0.153158
5067 0.164373
5068 0.180572
5069 0.18655
5070 0.201523
5071 0.217427
5072 0.223558
5073 0.23701
5074 0.249095
5075 0.25335
5076 0.26212
5077 0.26757
5078 0.267615
5079 0.268507
5080 0.269075
5081 0.26853
5082 0.265232
5083 0.26239
5084 0.25962
5085 0.254335
5086 0.23733
5087 0.237632
5088 0.23194
5089 0.213732
5090 0.210737
5091 0.20467
5092 0.187505
5093 0.184152
5094 0.17881
5095 0.17498
5096 0.174402
5097 0.175213
5098 0.167667
5099 0.164765
5100 0.158985
5101 0.15089
5102 0.14639
5103 0.139065
5104 0.12908
5105 0.125638
5106 0.117515
5107 0.112625
5108 0.107783
5109 0.10068
5110 0.096795
5111 0.0960575
5112 0.0930325
5113 0.0911425
5114 0.0912425
5115 0.08453
5116 0.082285
5117 0.0808225
5118 0.0737275
5119 0.063035
5120 0.0608225
5121 0.05059
5122 0.04079
5123 0.0354075
5124 0.0264025
5125 0.01777
5126 0.0148125
5127 0.0084625
5128 0.00357
5129 0.001655
5130 0.00051
5131 0.0004175
5132 0.0003925
5133 0.0003575
5134 0.0005225
5135 0.00046
5136 0.000375
5137 0.0003725
5138 0.000365
5139 0.0003325
5140 0.0003275
5141 0.0003175
5142 0.0003175
5143 0.0003125
5144 0.00032
5145 0.0003025
5146 0.0003025
5147 0.0002575
5148 0.000265
5149 0.0002525
5150 0.0002375
5151 0.000225
5152 0.00022
5153 0.0002225
5154 0.0002325
5155 0.000235
5156 0.00024
5157 0.0002425
5158 0.00024
5159 0.000515
5160 0.000475
5161 0.0004175
5162 0.000295
5163 0.0002975
5164 0.000285
5165 0.00021
5166 0.000205
5167 0.0002025
5168 0.0002
5169 0.000185
5170 0.0001825
5171 0.000185
5172 0.0002
5173 0.000195
5174 0.000185
5175 0.000185
5176 0.0001725
5177 0.00018
5178 0.0001925
5179 0.000195
5180 0.0001725
5181 0.0001675
5182 0.000165
5183 0.000165
5184 4.5e-05
5185 4e-05
5186 4e-05
5187 4e-05
5188 3.25e-05
5189 2.25e-05
5190 2e-05
5191 2e-05
5192 0
5193 0
5194 0
5195 0.0003025
5196 0.000275
5197 0.0002625
5198 0.0002525
5199 0.000225
5200 0.0002075
5201 0.0002025
5202 0.0002175
5203 0.00019
5204 0.0001825
5205 0.0001525
5206 0.00014
5207 0.00014
5208 0.0001425
5209 0.000135
5210 0.000155
5211 0.0001575
5212 0.0001525
5213 0.00014
5214 0.0001525
5215 0.000165
5216 0.0001675
5217 0.000165
5218 0.000165
5219 0.0001675
5220 0.00041
5221 0.00029
5222 0.0002825
5223 0.000255
5224 0.00024
5225 0.00024
5226 0.0002375
5227 0.0002225
5228 0.00022
5229 0.00021
5230 0.0002025
5231 0.0001725
5232 0.0001775
5233 0.0001775
5234 0.0001775
5235 0.0001775
5236 0.0001775
5237 0.0001775
5238 0.0001675
5239 0.00017
5240 0.0001725
5241 0.0001725
5242 0.0001525
5243 0.0001375
5244 0.0001375
5245 0.00033
5246 0.000265
5247 0.0002575
5248 0.000255
5249 0.000255
5250 0.0002575
5251 0.000285
5252 0.0002925
5253 0.0002875
5254 0.0002675
5255 0.0002475
5256 0.000195
5257 0.0027425
5258 0.0129275
5259 0.0183625
5260 0.02938
5261 0.03967
5262 0.04415
5263 0.0522
5264 0.0600325
5265 0.0617975
5266 0.0639975
5267 0.066945
5268 0.06783
5269 0.07151
5270 0.073155
5271 0.0737025
5272 0.074965
5273 0.074715
5274 0.075485
5275 0.075395
5276 0.0759625
5277 0.0759475
5278 0.07613
5279 0.0763125
5280 0.0758975
5281 0.07632
5282 0.0767875
5283 0.0771225
5284 0.07705
5285 0.0768525
5286 0.07684
5287 0.07692
5288 0.07696
5289 0.0807425
5290 0.0891175
5291 0.099705
5292 0.10641
5293 0.118895
5294 0.129252
5295 0.133243
5296 0.142477
5297 0.154018
5298 0.156232
5299 0.161295
5300 0.164512
5301 0.166462
5302 0.168722
5303 0.183823
5304 0.185723
5305 0.191235
5306 0.192852
5307 0.19311
5308 0.194025
5309 0.19579
5310 0.196273
5311 0.195903
5312 0.194955
5313 0.194875
5314 0.193915
5315 0.192505
5316 0.192123
5317 0.191895
5318 0.19149
5319 0.189523
5320 0.195027
5321 0.192205
5322 0.192457
5323 0.188775
5324 0.186853
5325 0.184713
5326 0.182363
5327 0.179858
5328 0.181232
5329 0.186122
5330 0.19409
5331 0.1983
5332 0.205107
5333 0.211083
5334 0.21453
5335 0.221608
5336 0.227103
5337 0.227633
5338 0.22866
5339 0.22737
5340 0.227277
5341 0.22772
5342 0.228243
5343 0.227655
5344 0.228297
5345 0.227727
5346 0.228073
5347 0.227162
5348 0.227082
5349 0.2263
5350 0.225665
5351 0.230988
5352 0.232823
5353 0.2426
5354 0.25537
5355 0.260715
5356 0.27264
5357 0.28393
5358 0.289935
5359 0.30241
5360 0.310418
5361 0.312845
5362 0.31641
5363 0.307347
5364 0.306987
5365 0.304102
5366 0.30483
5367 0.304872
5368 0.298442
5369 0.29705
5370 0.293497
5371 0.294247
5372 0.294077
5373 0.294243
5374 0.294537
5375 0.295422
5376 0.295965
5377 0.295208
5378 0.296397
5379 0.295992
5380 0.296382
5381 0.295198
5382 0.295032
5383 0.295247
5384 0.294035
5385 0.293078
5386 0.297588
5387 0.301268
5388 0.303148
5389 0.306905
5390 0.310578
5391 0.312363
5392 0.315763
5393 0.319802
5394 0.321927
5395 0.325497
5396 0.328873
5397 0.331055
5398 0.332408
5399 0.332767
5400 0.332583
5401 0.332485
5402 0.332992
5403 0.3328
5404 0.332535
5405 0.33389
5406 0.33456
5407 0.336283
5408 0.337817
5409 0.338402
5410 0.338333
5411 0.338687
5412 0.337703
5413 0.33781
5414 0.338475
5415 0.3375
5416 0.340008
5417 0.347392
5418 0.351517
5419 0.358822
5420 0.368565
5421 0.372402
5422 0.375928
5423 0.382087
5424 0.385433
5425 0.389997
5426 0.393275
5427 0.393675
5428 0.394903
5429 0.39615
5430 0.394948
5431 0.39662
5432 0.398235
5433 0.39895
5434 0.399732
5435 0.403128
5436 0.403867
5437 0.40534
5438 0.407315
5439 0.40855
5440 0.41293
5441 0.415913
5442 0.41791
5443 0.422685
5444 0.42631
5445 0.42636
5446 0.42973
5447 0.433572
5448 0.43554
5449 0.44047
5450 0.445015
5451 0.445725
5452 0.449693
5453 0.45181
5454 0.45291
5455 0.455105
5456 0.457203
5457 0.457805
5458 0.456548
5459 0.455525
5460 0.45513
5461 0.454727
5462 0.459135
5463 0.459583
5464 0.45969
5465 0.46059
5466 0.461175
5467 0.46024
5468 0.459752
5469 0.459748
5470 0.459465
5471 0.458358
5472 0.457283
5473 0.455308
5474 0.453347
5475 0.453008
5476 0.451155
5477 0.44995
5478 0.450485
5479 0.450605
5480 0.452578
5481 0.453113
5482 0.455545
5483 0.458822
5484 0.45915
5485 0.462203
5486 0.466075
5487 0.468187
5488 0.471715
5489 0.47514
5490 0.47696
5491 0.480338
5492 0.482963
5493 0.48644
5494 0.490075
5495 0.502748
5496 0.50346
5497 0.506767
5498 0.509563
5499 0.515397
5500 0.520742
5501 0.527065
5502 0.537197
5503 0.546898
5504 0.55025
5505 0.553948
5506 0.55822
5507 0.5761
5508 0.579307
5509 0.587367
5510 0.599307
5511 0.60498
5512 0.611905
5513 0.616968
5514 0.61947
5515 0.623518
5516 0.62633
5517 0.627795
5518 0.629328
5519 0.634298
5520 0.67584
5521 0.679792
5522 0.68339
5523 0.683993
5524 0.687915
5525 0.692958
5526 0.695178
5527 0.699625
5528 0.708295
5529 0.7178
5530 0.736043
5531 0.754038
5532 0.76231
5533 0.769583
5534 0.779378
5535 0.78663
5536 0.792672
5537 0.796347
5538 0.801353
5539 0.801602
5540 0.805052
5541 0.80622
5542 0.80623
5543 0.807773
5544 0.808125
5545 0.840438
5546 0.84064
5547 0.84325
5548 0.84112
5549 0.841085
5550 0.840898
5551 0.839325
5552 0.840663
5553 0.839522
5554 0.837773
5555 0.835317
5556 0.835317
5557 0.836958
5558 0.838083
5559 0.836858
5560 0.836195
5561 0.834982
5562 0.835577
5563 0.832858
5564 0.831935
5565 0.831265
5566 0.834507
5567 0.832552
5568 0.830763
5569 0.82905
5570 0.830035
5571 0.83032
5572 0.829248
5573 0.82995
5574 0.828142
5575 0.830423
5576 0.831483
5577 0.830005
5578 0.827522
5579 0.826215
5580 0.826425
5581 0.824053
5582 0.825575
5583 0.825107
5584 0.8257
5585 0.825865
5586 0.827492
5587 0.833185
5588 0.842583
5589 0.846188
5590 0.854115
5591 0.85636
5592 0.859735
5593 0.861152
5594 0.861433
5595 0.87295
5596 0.87326
5597 0.872465
5598 0.872612
5599 0.872583
5600 0.87209
5601 0.872598
5602 0.87207
5603 0.872258
5604 0.87246
5605 0.87238
5606 0.871798
5607 0.871442
5608 0.87146
5609 0.871005
5610 0.870587
5611 0.869735
5612 0.868895
5613 0.86917
5614 0.868935
5615 0.868132
5616 0.867973
5617 0.867912
5618 0.867575
5619 0.867325
5620 0.869073
5621 0.869005
5622 0.869055
5623 0.868522
5624 0.868837
5625 0.869208
5626 0.869475
5627 0.8693
5628 0.869027
5629 0.86922
5630 0.86966
5631 0.869798
5632 0.86923
5633 0.86929
5634 0.869415
5635 0.86952
5636 0.870053
5637 0.869942
5638 0.86984
5639 0.869773
5640 0.870097
5641 0.87061
5642 0.87113
5643 0.872278
5644 0.87242
5645 0.871727
5646 0.87127
5647 0.871192
5648 0.871168
5649 0.872018
5650 0.871753
5651 0.871935
5652 0.87136
5653 0.870808
5654 0.870025
5655 0.869767
5656 0.869437
5657 0.869132
5658 0.868675
5659 0.868793
5660 0.8691
5661 0.869018
5662 0.869152
5663 0.868982
5664 0.869175
5665 0.869185
5666 0.869498
5667 0.86958
5668 0.87015
5669 0.87063
5670 0.869202
5671 0.86905
5672 0.86917
5673 0.869775
5674 0.870163
5675 0.870082
5676 0.870317
5677 0.870545
5678 0.870532
5679 0.870892
5680 0.870812
5681 0.871178
5682 0.871335
5683 0.871045
5684 0.870405
5685 0.870315
5686 0.870057
5687 0.870087
5688 0.86978
5689 0.869645
5690 0.869828
5691 0.87019
5692 0.870227
5693 0.870587
5694 0.870675
5695 0.86948
5696 0.869932
5697 0.870107
5698 0.870592
5699 0.871005
5700 0.870715
5701 0.870178
5702 0.87005
5703 0.869765
5704 0.869258
5705 0.869147
5706 0.868648
5707 0.868835
5708 0.869013
5709 0.869223
5710 0.868968
5711 0.868142
5712 0.865862
5713 0.864435
5714 0.863965
5715 0.8628
5716 0.862515
5717 0.862265
5718 0.86219
5719 0.861958
5720 0.85794
5721 0.857823
5722 0.857788
5723 0.857353
5724 0.857352
5725 0.857375
5726 0.857545
5727 0.857415
5728 0.857433
5729 0.857438
5730 0.857545
5731 0.857278
5732 0.856888
5733 0.856875
5734 0.856705
5735 0.856655
5736 0.856675
5737 0.8567
